F:\Project\Fortran\CLion\Cowan\cmake-build-debug-mingw\SIM.exe
   7.1597000000000000        5.4580479452054798E-002   2.6864613586293617E-003
   7.1710000000000003        5.6292808219178085E-002   2.6584188292196522E-003
   7.1823100000000002        5.5222602739726026E-002   2.8836789776501676E-003
   7.1936000000000000        5.6292808219178085E-002   2.8708193593031854E-003
   7.2049000000000003        5.7791095890410961E-002   2.7364878602505536E-003
   7.2161900000000001        5.7791095890410961E-002   2.7146884883231122E-003
   7.2274799999999999        5.7577054794520549E-002   2.4830159473289344E-003
   7.2387699999999997        5.5008561643835614E-002   2.4754182596772932E-003
   7.2500499999999999        5.6506849315068490E-002   2.5168685958941632E-003
   7.2613300000000001        5.6934931506849314E-002   2.5186628090536111E-003
   7.2726100000000002        5.5008561643835614E-002   2.4733079324032198E-003
   7.2838799999999999        5.6506849315068490E-002   2.3369960743026808E-003
   7.2951499999999996        5.6934931506849314E-002   2.5623422548875447E-003
   7.3064200000000001        5.6934931506849314E-002   2.9668028937010018E-003
   7.3176800000000002        5.7148972602739725E-002   3.3691930818332879E-003
   7.3289400000000002        6.0145547945205477E-002   3.7154067906256445E-003
   7.3402000000000003        5.9289383561643837E-002   3.7858678838118302E-003
   7.3514600000000003        5.9931506849315065E-002   3.6074221295349911E-003
   7.3627099999999999        6.1429794520547948E-002   3.3095255855930717E-003
   7.3739600000000003        6.4426369863013699E-002   3.1518086191067991E-003
   7.3852000000000002        6.3142123287671229E-002   3.1626766243282420E-003
   7.3964400000000001        6.1643835616438353E-002   2.9169726694140310E-003
   7.4076800000000000        6.2500000000000000E-002   2.8851481015591731E-003
   7.4189200000000000        6.3356164383561647E-002   3.1618840668860503E-003
   7.4301500000000003        6.6138698630136980E-002   3.6102272726325434E-003
   7.4413799999999997        6.8065068493150679E-002   4.1379867139430121E-003
   7.4526100000000000        6.9349315068493150E-002   4.7008335020084016E-003
   7.4638299999999997        7.5556506849315072E-002   4.6281675491690938E-003
   7.4750500000000004        7.7054794520547948E-002   4.4011867960116581E-003
   7.4862599999999997        8.0265410958904104E-002   4.4828771075206952E-003
   7.4974800000000004        8.5188356164383555E-002   5.0861609781380360E-003
   7.5086899999999996        9.1823630136986301E-002   5.4646295384912485E-003
   7.5198999999999998       0.10231164383561644        5.8906949049243717E-003
   7.5311000000000003       0.12392979452054795        6.4654976342798541E-003
   7.5423000000000000       0.14833047945205480        6.7242046675886381E-003
   7.5534999999999997       0.16588184931506850        6.7530258396833178E-003
   7.5646899999999997       0.18236301369863014        7.4165724918537537E-003
   7.5758799999999997       0.19413527397260275        8.4227777579172162E-003
   7.5870699999999998       0.20740582191780821        9.6600370701238163E-003
   7.5982599999999998       0.21511130136986301        1.0273861548748311E-002
   7.6094400000000002       0.22495719178082191        1.0628325436493688E-002
   7.6206199999999997       0.22923801369863014        1.1148545025217895E-002
   7.6317899999999996       0.23565924657534246        1.1256103097891169E-002
   7.6429600000000004       0.24593321917808220        1.1177278789137990E-002
   7.6541300000000003       0.24957191780821919        1.1100698718160110E-002
   7.6653000000000002       0.25791952054794520        9.5960781451608218E-003
   7.6764599999999996       0.26541095890410960        8.3338424471024880E-003
   7.6876199999999999       0.27397260273972601        8.0785699040754437E-003
   7.6987800000000002       0.27846746575342468        8.4505653041987584E-003
   7.7099299999999999       0.28617294520547948        9.3938151426685955E-003
   7.7210799999999997       0.29238013698630139        1.0826928500236423E-002
   7.7322300000000004       0.29730308219178081        1.2276054967467524E-002
   7.7433699999999996       0.28938356164383561        1.2213644568465749E-002
   7.7545099999999998       0.28852739726027399        1.2790806893799286E-002
   7.7656499999999999       0.28895547945205480        1.4107212296991035E-002
   7.7767799999999996       0.28510273972602740        1.4939928944831829E-002
   7.7879100000000001       0.28210616438356162        1.4730741691284816E-002
   7.7990399999999998       0.28060787671232879        1.4616203976896206E-002
   7.8101700000000003       0.28146404109589040        1.4879855659920704E-002
   7.8212900000000003       0.28638698630136988        1.5343716685900885E-002
   7.8324100000000003       0.28745719178082191        1.6229848074012565E-002
   7.8435199999999998       0.28874143835616439        1.6832011302693461E-002
   7.8546300000000002       0.28767123287671231        1.6972899618595882E-002
   7.8657399999999997       0.28767123287671231        1.5914333092248305E-002
   7.8768500000000001       0.29473458904109590        1.4672030726614875E-002
   7.8879500000000000       0.29366438356164382        1.4089606273240535E-002
   7.8990499999999999       0.30115582191780821        1.4604352281304165E-002
   7.9101499999999998       0.29345034246575341        1.5384081258073633E-002
   7.9212400000000001       0.30115582191780821        1.5651918027642771E-002
   7.9323300000000003       0.29965753424657532        1.6194892696829794E-002
   7.9434199999999997       0.30479452054794520        1.6771128114452114E-002
   7.9545000000000003       0.30522260273972601        1.7084061783618612E-002
   7.9655800000000001       0.30864726027397260        1.8083177925272417E-002
   7.9766599999999999       0.31228595890410960        1.9658615568806818E-002
   7.9877300000000000       0.30928938356164382        2.0119231806397915E-002
   7.9988000000000001       0.31421232876712329        1.9009018971337742E-002
   8.0098699999999994       0.31806506849315069        1.7895280867702035E-002
   8.0209299999999999       0.31913527397260272        1.7735534678126920E-002
   8.0320000000000000       0.31999143835616439        1.7932878317159489E-002
   8.0430499999999991       0.31357020547945208        1.8641827896918973E-002
   8.0541099999999997       0.31399828767123289        1.9194033443954771E-002
   8.0651600000000006       0.31592465753424659        1.9858282757495613E-002
   8.0762099999999997       0.31464041095890410        2.0932911206921062E-002
   8.0872600000000006       0.31806506849315069        2.1327407903316054E-002
   8.0983000000000001       0.31956335616438358        2.1238890121683916E-002
   8.1093399999999995       0.32255993150684931        2.1718493129777000E-002
   8.1203699999999994       0.31956335616438358        2.3131936956800530E-002
   8.1314100000000007       0.32191780821917809        2.4440613321908961E-002
   8.1424400000000006       0.32427226027397260        2.5173288741954004E-002
   8.1534600000000008       0.32812500000000000        2.5697687317739668E-002
   8.1644900000000007       0.32919520547945208        2.5517136864515583E-002
   8.1755099999999992       0.32512842465753422        2.5455138498787052E-002
   8.1865199999999998       0.33304794520547948        2.5807045746978733E-002
   8.1975400000000000       0.32448630136986301        2.5502199592975932E-002
   8.2085500000000007       0.32598458904109590        2.4365789884513489E-002
   8.2195499999999999       0.33069349315068491        2.1885835166741998E-002
   8.2305600000000005       0.33069349315068491        1.8923813857500124E-002
   8.2415599999999998       0.33047945205479451        1.7174484434635519E-002
   8.2525600000000008       0.32940924657534248        1.6816407671346373E-002
   8.2635500000000004       0.33390410958904110        1.7649511976719615E-002
   8.2745400000000000       0.33133561643835618        1.8437874680699417E-002
   8.2855299999999996       0.34567636986301370        1.8641939410684538E-002
   8.2965199999999992       0.34353595890410960        1.8640329797743563E-002
   8.3074999999999992       0.35081335616438358        1.9256463128013827E-002
   8.3184799999999992       0.35573630136986301        2.0419608211220262E-002
   8.3294599999999992       0.36322773972602740        2.2104838554612070E-002
   8.3404299999999996       0.36494006849315069        2.3695652624966351E-002
   8.3513999999999999       0.37200342465753422        2.5363901510166799E-002
   8.3623600000000007       0.38077910958904110        2.6130428914319295E-002
   8.3733299999999993       0.38463184931506850        2.5242708561448772E-002
   8.3842900000000000       0.38998287671232879        2.4291468175955795E-002
   8.3952399999999994       0.40047089041095890        2.5299971457521435E-002
   8.4062000000000001       0.41523972602739728        2.6874592694254486E-002
   8.4171499999999995       0.42315924657534248        2.8331649168174100E-002
   8.4281000000000006       0.43750000000000000        3.0246750839787187E-002
   8.4390400000000003       0.43343321917808220        3.1446280429133534E-002
   8.4499800000000000       0.43343321917808220        3.0914614922273088E-002
   8.4609199999999998       0.43685787671232879        2.9077612438907854E-002
   8.4718499999999999       0.42893835616438358        2.8479475785512624E-002
   8.4827800000000000       0.42187500000000000        2.9684498602741083E-002
   8.4937100000000001       0.42893835616438358        3.1938162894827350E-002
   8.5046400000000002       0.43728595890410960        3.3633249151015489E-002
   8.5155600000000007       0.44327910958904110        3.4410534782249369E-002
   8.5264799999999994       0.45184075342465752        3.4392270538797523E-002
   8.5373900000000003       0.46275684931506850        3.2564360950118394E-002
   8.5483100000000007       0.46639554794520549        3.2432712776821408E-002
   8.5592199999999998       0.46254280821917809        3.3353543167263050E-002
   8.5701199999999993       0.47046232876712329        3.4233107643628982E-002
   8.5810300000000002       0.48202054794520549        3.5337627538720398E-002
   8.5919299999999996       0.50770547945205480        3.6875773387825453E-002
   8.6028199999999995       0.51434075342465757        3.8008210730416769E-002
   8.6137200000000007       0.52611301369863017        3.6768066448869728E-002
   8.6246100000000006       0.54152397260273977        3.4156150712968694E-002
   8.6354900000000008       0.55907534246575341        3.2307888520748965E-002
   8.6463800000000006       0.57234589041095896        3.2800380823512436E-002
   8.6572600000000008       0.57662671232876717        3.4235432733740676E-002
   8.6681399999999993       0.59567636986301364        3.7793659980461240E-002
   8.6790099999999999       0.60423801369863017        4.2949793412597789E-002
   8.6898800000000005       0.61429794520547942        4.5680601251828795E-002
   8.7007499999999993       0.61622431506849318        4.6311378230528159E-002
   8.7116100000000003       0.61964897260273977        4.8366411560620694E-002
   8.7224799999999991       0.61836472602739723        5.0751306482267916E-002
   8.7333300000000005       0.63056506849315064        5.1603727747453379E-002
   8.7441899999999997       0.63805650684931503        5.0904345280835504E-002
   8.7550399999999993       0.65068493150684936        4.8225144377172229E-002
   8.7658900000000006       0.65753424657534243        4.5306683929272971E-002
   8.7767400000000002       0.65732020547945202        4.2675008004623663E-002
   8.7875800000000002       0.64619006849315064        4.1580054572682650E-002
   8.7984200000000001       0.64533390410958902        4.0493997214296640E-002
   8.8092600000000001       0.63912671232876717        3.9606207028501324E-002
   8.8200900000000004       0.64490582191780821        3.9656810967881914E-002
   8.8309200000000008       0.63741438356164382        4.1701693027637911E-002
   8.8417499999999993       0.63377568493150682        4.4750573583729372E-002
   8.8525700000000001       0.63720034246575341        4.7431690762664819E-002
   8.8633900000000008       0.61879280821917804        4.6715167865029321E-002
   8.8742099999999997       0.63227739726027399        4.4714627401443142E-002
   8.8850200000000008       0.64062500000000000        4.4660789304347456E-002
   8.8958300000000001       0.63805650684931503        4.4858780447596405E-002
   8.9066399999999994       0.64212328767123283        4.3166444696519535E-002
   8.9174500000000005       0.65047089041095896        4.0250765188281155E-002
   8.9282500000000002       0.65410958904109584        4.0661203415217652E-002
   8.9390499999999999       0.66138698630136983        4.3882513473466847E-002
   8.9498400000000000       0.66909246575342463        4.6091011688894117E-002
   8.9606300000000001       0.67487157534246578        4.7027269523784658E-002
   8.9714200000000002       0.68193493150684936        4.8825024774695067E-002
   8.9822100000000002       0.69092465753424659        5.2090503269969668E-002
   8.9929900000000007       0.68600171232876717        5.5839319372887164E-002
   9.0037699999999994       0.69991438356164382        5.7749927487217044E-002
   9.0145499999999998       0.70205479452054798        5.6679578311460782E-002
   9.0253200000000007       0.70483732876712324        5.6993000141445559E-002
   9.0360899999999997       0.70077054794520544        5.9064634533337830E-002
   9.0468600000000006       0.69541952054794520        5.9107163697867227E-002
   9.0576200000000000       0.69456335616438358        5.5535968905351861E-002
   9.0683799999999994       0.69777397260273977        4.9615325547405373E-002
   9.0791400000000007       0.69220890410958902        4.4390528850284001E-002
   9.0898900000000005       0.68086472602739723        4.3326145897530963E-002
   9.1006400000000003       0.67786815068493156        4.7920592898655634E-002
   9.1113900000000001       0.67615582191780821        5.8119189395508489E-002
   9.1221399999999999       0.67658390410958902        6.9587596383389391E-002
   9.1328800000000001       0.67465753424657537        7.7296686586570670E-002
   9.1436200000000003       0.67337328767123283        8.1110566186878869E-002
   9.1543500000000009       0.66181506849315064        9.2773765672922670E-002
   9.1650799999999997       0.64105308219178081       0.10630486344747660
   9.1758100000000002       0.62885273972602740       0.11230942456809864
   9.1865400000000008       0.61451198630136983       0.11163092713897560
   9.1972600000000000       0.60188356164383561       0.10529442821778039
   9.2079799999999992       0.59546232876712324       0.10379084803429574
   9.2187000000000001       0.59075342465753422       0.11148638141616003
   9.2294099999999997       0.57577054794520544       0.12476001200382206
   9.2401199999999992       0.56913527397260277       0.13028699847969694
   9.2508199999999992       0.56421232876712324       0.12632407975408749
   9.2615300000000005       0.55543664383561642       0.12270547809919810
   9.2722300000000004       0.55265410958904104       0.12117922561563800
   9.2829300000000003       0.55415239726027399       0.12171989442001842
   9.2936200000000007       0.55286815068493156       0.11949678451409580
   9.3043099999999992       0.55629280821917804       0.11982993402429884
   9.3149999999999995       0.56421232876712324       0.12223521883144917
   9.3256800000000002       0.56335616438356162       0.11898479498464672
   9.3363600000000009       0.56378424657534243       0.11604125793013226
   9.3470399999999998       0.57833904109589040       0.11385579413290764
   9.3577200000000005       0.57577054794520544       0.11197275957964500
   9.3683899999999998       0.58197773972602740       0.10820691949913132
   9.3790600000000008       0.57213184931506844       0.10510733330174604
   9.3897200000000005       0.57619863013698636       0.11020683666909425
   9.4003800000000002       0.57962328767123283       0.11991550192280971
   9.4110399999999998       0.56934931506849318       0.13123758011807216
   9.4216999999999995       0.57148972602739723       0.14285704833491528
   9.4323499999999996       0.56678082191780821       0.15322479737698091
   9.4429999999999996       0.57170376712328763       0.16752058033063927
   9.4536499999999997       0.57020547945205480       0.18367965488864310
   9.4642900000000001       0.57705479452054798       0.20326927397909589
   9.4749300000000005       0.58047945205479456       0.21729249337679660
   9.4855699999999992       0.59096746575342463       0.21616538416437497
   9.4962000000000000       0.59589041095890416       0.20982813787823767
   9.5068300000000008       0.59332191780821919       0.21096755927553323
   9.5174599999999998       0.59696061643835618       0.22359063863898962
   9.5280799999999992       0.60295376712328763       0.22833594862923262
   9.5387100000000000       0.60231164383561642       0.21835341523098487
   9.5493199999999998       0.59289383561643838       0.20095294780075273
   9.5599399999999992       0.60766267123287676       0.18597067830494174
   9.5705500000000008       0.60595034246575341       0.18400771714805231
   9.5811600000000006       0.60744863013698636       0.19605879806072501
   9.5917600000000007       0.62071917808219179       0.21558351463813299
   9.6023700000000005       0.63505993150684936       0.22870568631827895
   9.6129599999999993       0.65196917808219179       0.23211607538924742
   9.6235599999999994       0.65218321917808220       0.24140882731637614
   9.6341500000000000       0.65196917808219179       0.25164999777749725
   9.6447400000000005       0.64982876712328763       0.25238231294400926
   9.6553299999999993       0.63848458904109584       0.24885917758537421
   9.6659100000000002       0.63099315068493156       0.24262869102846230
   9.6764899999999994       0.61708047945205480       0.23489843194886759
   9.6870700000000003       0.60488013698630139       0.22208426706092710
   9.6976399999999998       0.60124143835616439       0.20063527751649901
   9.7082099999999993       0.59845890410958902       0.18979069060614867
   9.7187800000000006       0.60488013698630139       0.19322555946212397
   9.7293400000000005       0.61900684931506844       0.20344223421953606
   9.7399000000000004       0.61665239726027399       0.21567022457967905
   9.7504600000000003       0.61964897260273977       0.22200753680284563
   9.7610200000000003       0.62585616438356162       0.23412257769650946
   9.7715700000000005       0.63505993150684936       0.25831393501152350
   9.7821200000000008       0.63463184931506844       0.28197651786333083
   9.7926599999999997       0.64383561643835618       0.30310759916498381
   9.8032000000000004       0.64982876712328763       0.31956965527158243
   9.8137399999999992       0.66416952054794520       0.32973450226704187
   9.8242799999999999       0.67508561643835618       0.34269334343675445
   9.8348099999999992       0.69349315068493156       0.35472907443092355
   9.8453400000000002       0.70740582191780821       0.36262378409513341
   9.8558599999999998       0.73458904109589040       0.36392177755803196
   9.8663900000000009       0.75898972602739723       0.34408078530641489
   9.8769100000000005       0.79280821917808220       0.31213632390264601
   9.8874200000000005       0.79280821917808220       0.28209863942977181
   9.8979400000000002       0.79623287671232879       0.25749051714871973
   9.9084500000000002       0.80779109589041098       0.24119797454805364
   9.9189500000000006       0.82812500000000000       0.22873109815363118
   9.9294600000000006       0.82662671232876717       0.21206800481911584
   9.9399599999999992       0.83925513698630139       0.19607653486535040
   9.9504599999999996       0.84931506849315064       0.18842786252743124
   9.9609500000000004       0.85017123287671237       0.18991447338339787
   9.9714399999999994       0.84567636986301364       0.19203592667949668
   9.9819300000000002       0.84246575342465757       0.19105854611247222
   9.9924199999999992       0.84353595890410960       0.18991385704621228
   10.002900000000000       0.83176369863013699       0.18985711430713870
   10.013380000000000       0.83304794520547942       0.18773163185118019
   10.023849999999999       0.82769691780821919       0.18599163163330326
   10.034319999999999       0.82063356164383561       0.18751134182155932
   10.044790000000001       0.81442636986301364       0.19307848271342662
   10.055260000000001       0.81678082191780821       0.20207616980200271
   10.065720000000001       0.81185787671232879       0.20702982756009194
   10.076180000000001       0.80351027397260277       0.20512449040274217
   10.086639999999999       0.80779109589041098       0.20405339867888828
   10.097090000000000       0.81678082191780821       0.20642977286788813
   10.107540000000000       0.82812500000000000       0.21689773535672349
   10.117990000000001       0.80864726027397260       0.23555870614291977
   10.128430000000000       0.79773116438356162       0.25561499306447072
   10.138870000000001       0.78916952054794520       0.27508711775813410
   10.149310000000000       0.77975171232876717       0.29116651904308660
   10.159739999999999       0.78125000000000000       0.30647914257346370
   10.170170000000001       0.77440068493150682       0.32549429438549060
   10.180600000000000       0.76990582191780821       0.34507403291917232
   10.191030000000000       0.75235445205479456       0.35407765541448677
   10.201449999999999       0.75963184931506844       0.35168902007481445
   10.211869999999999       0.75791952054794520       0.34007252451689640
   10.222280000000000       0.74892979452054798       0.32567302260310899
   10.232690000000000       0.74764554794520544       0.31447910073015489
   10.243100000000000       0.75449486301369861       0.31227064973885388
   10.253510000000000       0.75513698630136983       0.31738481678819203
   10.263909999999999       0.76091609589041098       0.32351819613698629
   10.274310000000000       0.77076198630136983       0.32616383531408727
   10.284710000000000       0.79109589041095896       0.32441737007445370
   10.295100000000000       0.79088184931506844       0.32065213879178317
   10.305490000000001       0.79066780821917804       0.31402346991747826
   10.315880000000000       0.78809931506849318       0.30536793185239075
   10.326260000000000       0.79473458904109584       0.29276787243238955
   10.336639999999999       0.79580479452054798       0.27809570135136658
   10.347020000000001       0.78253424657534243       0.26883001581770738
   10.357390000000001       0.75770547945205480       0.26600158647783712
   10.367760000000001       0.73737157534246578       0.26508619160894581
   10.378130000000001       0.72838184931506844       0.26342272115449955
   10.388489999999999       0.70954623287671237       0.26066342523316893
   10.398860000000001       0.68257705479452058       0.25619761850687084
   10.409210000000000       0.67037671232876717       0.25480944641038694
   10.419570000000000       0.66416952054794520       0.25799653071028428
   10.429919999999999       0.65346746575342463       0.26311885383253902
   10.440270000000000       0.64897260273972601       0.26894080443929413
   10.450609999999999       0.64833047945205480       0.27758264552634443
   10.460960000000000       0.64447773972602740       0.29002245854333081
   10.471299999999999       0.64597602739726023       0.30937505768849344
   10.481629999999999       0.64640410958904104       0.33425025400495956
   10.491960000000001       0.64833047945205480       0.35782389404672782
   10.502290000000000       0.65004280821917804       0.37443845530864356
   10.512620000000000       0.66331335616438358       0.38341508290938470
   10.522940000000000       0.67144691780821919       0.39237891601415897
   10.533260000000000       0.67829623287671237       0.40501608573033637
   10.543580000000000       0.68407534246575341       0.42010803489475540
   10.553900000000001       0.68257705479452058       0.43410538776224511
   10.564209999999999       0.67380136986301364       0.43651689116405351
   10.574510000000000       0.66395547945205480       0.41996057133597958
   10.584820000000001       0.65410958904109584       0.38760290994557151
   10.595120000000000       0.65004280821917804       0.34610559187389228
   10.605420000000001       0.63698630136986301       0.30319763840062230
   10.615710000000000       0.62649828767123283       0.26639556789199359
   10.625999999999999       0.61087328767123283       0.23516355237212788
   10.636290000000001       0.60937500000000000       0.20560616839839804
   10.646580000000000       0.59974315068493156       0.17541157821628725
   10.656860000000000       0.58946917808219179       0.14714655728618814
   10.667140000000000       0.59160958904109584       0.12523838187821701
   10.677410000000000       0.58497431506849318       0.11156987795008459
   10.687690000000000       0.57427226027397260       0.10518208185090262
   10.697960000000000       0.56699486301369861       0.10446638546829719
   10.708220000000001       0.57363013698630139       0.10811114632355659
   10.718489999999999       0.57127568493150682       0.11648838311359044
   10.728750000000000       0.57983732876712324       0.12855947446236532
   10.739000000000001       0.57769691780821919       0.14140892187599435
   10.749260000000000       0.58112157534246578       0.15443330573528491
   10.759510000000001       0.57726883561643838       0.16611281862199664
   10.769750000000000       0.58861301369863017       0.17481401237821603
   10.779999999999999       0.59696061643835618       0.18288875126318757
   10.790240000000001       0.60359589041095896       0.19424725797357070
   10.800480000000000       0.62114726027397260       0.20537783691855707
   10.810710000000000       0.62328767123287676       0.20976085372992506
   10.820940000000000       0.64083904109589040       0.20667098037883722
   10.831170000000000       0.64854452054794520       0.19593315128425090
   10.841400000000000       0.65732020547945202       0.17932928087298083
   10.851620000000000       0.66716609589041098       0.16369843713260693
   10.861840000000001       0.66331335616438358       0.15228917005935352
   10.872050000000000       0.67529965753424659       0.14404099348625449
   10.882270000000000       0.67808219178082196       0.13733262282358405
   10.892480000000001       0.67893835616438358       0.13151523512794036
   10.902680000000000       0.66952054794520544       0.12791350046571448
   10.912879999999999       0.66652397260273977       0.12680664844767334
   10.923080000000001       0.66845034246575341       0.12879972203955345
   10.933280000000000       0.67101883561643838       0.13293837611530127
   10.943470000000000       0.68000856164383561       0.13619722620060476
   10.953659999999999       0.68172089041095896       0.13610142965336780
   10.963850000000001       0.69755993150684936       0.13363736738433857
   10.974040000000000       0.69798801369863017       0.13090966932894879
   10.984220000000001       0.70761986301369861       0.12768328824844205
   10.994389999999999       0.71339897260273977       0.12284076436895382
   11.004569999999999       0.71297089041095896       0.11635632734122858
   11.014740000000000       0.70911815068493156       0.10912451165328069
   11.024910000000000       0.71254280821917804       0.10320673922967810
   11.035069999999999       0.71382705479452058        9.9539797779884434E-002
   11.045230000000000       0.71703767123287676        9.6987556777880984E-002
   11.055389999999999       0.71660958904109584        9.4181226459205569E-002
   11.075699999999999       0.71939212328767121        8.4785827089303670E-002
   11.085850000000001       0.72410102739726023        8.0765937767856164E-002
   11.096000000000000       0.73009417808219179        7.8596368186370655E-002
   11.106140000000000       0.72538527397260277        7.8066582915086419E-002
   11.116280000000000       0.73694349315068497        7.8746703000889873E-002
   11.126420000000000       0.74036815068493156        8.1882523234489968E-002
   11.136550000000000       0.75235445205479456        8.9245182335718654E-002
   11.146680000000000       0.76155821917808220       0.10067653119984107
   11.156810000000000       0.77718321917808220       0.11309681940806317
   11.166930000000001       0.80714897260273977       0.12200392547472250
   11.177049999999999       0.81635273972602740       0.12521959150745846
   11.187170000000000       0.82063356164383561       0.12525446943580590
   11.197279999999999       0.83711472602739723       0.12681410830142764
   11.207390000000000       0.84032534246575341       0.13225200281869184
   11.217499999999999       0.84182363013698636       0.14097531910265731
   11.227610000000000       0.86108732876712324       0.15125994020507141
   11.237710000000000       0.87970890410958902       0.16071855455566111
   11.247809999999999       0.88013698630136983       0.16764666876390136
   11.257899999999999       0.89940068493150682       0.17298631795288877
   11.267989999999999       0.90517979452054798       0.17897723365437687
   11.278079999999999       0.90839041095890416       0.18670357026316536
   11.288169999999999       0.91160102739726023       0.19718212261639115
   11.298249999999999       0.90710616438356162       0.21001545940443836
   11.308330000000000       0.91288527397260277       0.22323414123272678
   11.318410000000000       0.92465753424657537       0.23412285589489487
   11.328480000000001       0.93857020547945202       0.24005202702794390
   11.338550000000000       0.93300513698630139       0.24389574195892202
   11.348620000000000       0.93557363013698636       0.25048307109465379
   11.358680000000000       0.92958047945205480       0.25948249796862222
   11.368740000000001       0.93022260273972601       0.26824169817294091
   11.378800000000000       0.92893835616438358       0.27380017371904680
   11.388850000000000       0.93899828767123283       0.27368430811793110
   11.398899999999999       0.95333904109589040       0.27033596023407580
   11.408950000000001       0.96875000000000000       0.26673809335724497
   11.418990000000001       0.97838184931506844       0.26183530101622760
   11.429040000000001       0.97067636986301364       0.25385160846940369
   11.439069999999999       0.97559931506849318       0.24146207546833853
   11.449109999999999       0.96982020547945202       0.22647351611093142
   11.459140000000000       0.97666952054794520       0.21492993851805101
   11.469170000000000       0.97666952054794520       0.21026674208211107
   11.479200000000001       0.97046232876712324       0.21203740653504174
   11.489220000000000       0.96446917808219179       0.21795008183234429
   11.499240000000000       0.96061643835616439       0.22382290753482992
   11.509250000000000       0.95398116438356162       0.22626010905841767
   11.519270000000001       0.95333904109589040       0.22704034208906290
   11.529280000000000       0.95869006849315064       0.22949214008560398
   11.539280000000000       0.94584760273972601       0.23550883334766565
   11.549289999999999       0.93964041095890416       0.24677290201125576
   11.559290000000001       0.92380136986301364       0.26491699017677556
   11.569279999999999       0.93043664383561642       0.28857051817451956
   11.579280000000001       0.92701198630136983       0.31441324525178294
   11.589270000000001       0.92380136986301364       0.34081172654993414
   11.599259999999999       0.90689212328767121       0.36777767878361883
   11.609240000000000       0.89790239726027399       0.39260780037543219
   11.619220000000000       0.88505993150684936       0.41155873323673725
   11.629200000000001       0.87906678082191780       0.42573917786447618
   11.639170000000000       0.86194349315068497       0.44066479744757647
   11.649150000000001       0.85744863013698636       0.46233633001146635
   11.659120000000000       0.84631849315068497       0.49366253575264984
   11.669079999999999       0.84246575342465757       0.52805161123367006
   11.679040000000001       0.84139554794520544       0.55468114799732871
   11.689000000000000       0.83625856164383561       0.57247280265823108
   11.698960000000000       0.83476027397260277       0.58792081990412071
   11.708909999999999       0.82726883561643838       0.60555401419986254
   11.718859999999999       0.81528253424657537       0.62618994424092911
   11.728809999999999       0.80714897260273977       0.64890310360961967
   11.738750000000000       0.79687500000000000       0.67333663293755563
   11.748690000000000       0.79366438356164382       0.69962859719446624
   11.758630000000000       0.79109589041095896       0.72663009736807516
   11.768560000000001       0.80415239726027399       0.75291073197993108
   11.778490000000000       0.80714897260273977       0.77767640961422968
   11.788420000000000       0.79473458904109584       0.79959215711011244
   11.798340000000000       0.78852739726027399       0.81574616796553145
   11.808260000000001       0.79430650684931503       0.82476617934258079
   11.818180000000000       0.80971746575342463       0.82508859528591028
   11.828099999999999       0.82234589041095896       0.81444618816658931
   11.838010000000001       0.82512842465753422       0.79559586967208540
   11.847920000000000       0.83411815068493156       0.77585298995436180
   11.857820000000000       0.84781678082191780       0.76230846663837748
   11.867720000000000       0.84610445205479456       0.75684322111279745
   11.877620000000000       0.84653253424657537       0.75497729351242282
   11.887520000000000       0.84974315068493156       0.75061786167224986
   11.897410000000001       0.83904109589041098       0.74303530476910906
   11.907299999999999       0.83069349315068497       0.73242591288727332
   11.917190000000000       0.83690068493150682       0.71547268240631079
   11.927070000000001       0.83476027397260277       0.69195618439508388
   11.936950000000000       0.83411815068493156       0.66834626267127539
   11.946830000000000       0.83005136986301364       0.65410869653470416
   11.956700000000000       0.82748287671232879       0.65396757964389773
   11.966570000000001       0.83326198630136983       0.66235426796795083
   11.976440000000000       0.82191780821917804       0.66882316776752637
   11.986300000000000       0.81742294520547942       0.66812760275000460
   11.996160000000000       0.80779109589041098       0.66179562056088637
   12.006019999999999       0.80415239726027399       0.65279207671561701
   12.015870000000000       0.80136986301369861       0.64636841337214357
   12.025729999999999       0.80693493150684936       0.64914631523395305
   12.035570000000000       0.80479452054794520       0.66233273465967657
   12.045420000000000       0.79644691780821919       0.68355482177522187
   12.055260000000001       0.79601883561643838       0.71143488841903679
   12.065099999999999       0.79259417808219179       0.74373923738229974
   12.074940000000000       0.79002568493150682       0.77753680937936220
   12.084770000000001       0.78403253424657537       0.81173877616774059
   12.094600000000000       0.78167808219178081       0.84579405957434584
   12.104419999999999       0.79345034246575341       0.87760449264906182
   12.114250000000000       0.79366438356164382       0.90574635515955215
   12.124070000000000       0.79580479452054798       0.93048200924417857
   12.133880000000000       0.79023972602739723       0.95384460705361596
   12.143700000000001       0.79302226027397260       0.97634435053821389
   12.153510000000001       0.79387842465753422       0.99348649468365002
   12.163309999999999       0.78403253424657537        1.0000000000000000
   12.173120000000001       0.78788527397260277       0.99592549057714264
   12.182919999999999       0.78767123287671237       0.98539750770928747
   12.192720000000000       0.79837328767123283       0.97350750797496144
   12.202510000000000       0.80950342465753422       0.96695612544390686
   12.212300000000001       0.80907534246575341       0.96656924101881458
   12.222090000000000       0.80971746575342463       0.96392709925168218
   12.231870000000001       0.79880136986301364       0.95254388602541451
   12.241660000000000       0.78232020547945202       0.93201793031592539
   12.251429999999999       0.77632705479452058       0.90161566865818321
   12.261210000000000       0.76947773972602740       0.86250491411967378
   12.270980000000000       0.77204623287671237       0.82068206708028735
   12.280749999999999       0.76926369863013699       0.77943979729773616
   12.290520000000001       0.76177226027397260       0.73823473037765031
   12.300280000000001       0.75941780821917804       0.69633280089609784
   12.310040000000001       0.76134417808219179       0.65339675148790077
   12.319800000000001       0.75385273972602740       0.60792457352206208
   12.329549999999999       0.75171232876712324       0.55924616448296061
   12.339300000000000       0.75385273972602740       0.51230560596328079
   12.349050000000000       0.76241438356164382       0.47509379935755208
   12.358790000000001       0.76990582191780821       0.45069276044930034
   12.368530000000000       0.76434075342465757       0.43500567554399383
   12.378270000000001       0.77846746575342463       0.42200150770297451
   12.388000000000000       0.78574486301369861       0.41044259323404547
   12.397729999999999       0.77975171232876717       0.40396162529822721
   12.407460000000000       0.78702910958904104       0.40410312913879842
   12.417180000000000       0.79430650684931503       0.40783548045821372
   12.426909999999999       0.78510273972602740       0.41164057722418990
   12.436620000000000       0.78317636986301364       0.41438859325870187
   12.446339999999999       0.78274828767123283       0.41739584171493754
   12.456049999999999       0.77889554794520544       0.42305321339497759
   12.465760000000000       0.77953767123287676       0.43329828764610184
   12.475470000000000       0.79088184931506844       0.44801059830011841
   12.485170000000000       0.77632705479452058       0.46447308911100449
   12.494870000000001       0.78039383561643838       0.47989730898629951
   12.504560000000000       0.79088184931506844       0.49249170843488660
   12.514260000000000       0.78446061643835618       0.50100692899618859
   12.523949999999999       0.78082191780821919       0.50733205716800722
   12.533630000000000       0.78724315068493156       0.51536023109479634
   12.543320000000000       0.78724315068493156       0.52700264720943146
   12.553000000000001       0.79387842465753422       0.54165790554114179
   12.562680000000000       0.78788527397260277       0.55629663886839775
   12.572350000000000       0.78488869863013699       0.56501437761020312
   12.582020000000000       0.78510273972602740       0.56383516647266019
   12.591690000000000       0.78702910958904104       0.55494749429089618
   12.601350000000000       0.79045376712328763       0.54172407291156688
   12.611010000000000       0.79023972602739723       0.52547602935703952
   12.620670000000000       0.79130993150684936       0.50927854138143003
   12.630330000000001       0.79687500000000000       0.49622479138088144
   12.639980000000000       0.79173801369863017       0.48453192901357750
   12.649630000000000       0.79409246575342463       0.46956774184551453
   12.659269999999999       0.79045376712328763       0.45002344656670196
   12.668920000000000       0.79494863013698636       0.42846218578695983
   12.678550000000000       0.79130993150684936       0.40766684745115622
   12.688190000000001       0.79323630136986301       0.38890552919419463
   12.697820000000000       0.79002568493150682       0.37332576627227076
   12.707450000000000       0.78959760273972601       0.36223299777365159
   12.717079999999999       0.79537671232876717       0.35663511770240608
   12.726699999999999       0.79302226027397260       0.35640909564037959
   12.736319999999999       0.78981164383561642       0.35928199799003752
   12.745939999999999       0.79109589041095896       0.36112891808473452
   12.755549999999999       0.79837328767123283       0.35886285144699537
   12.765160000000000       0.79965753424657537       0.35336621321912787
   12.774770000000000       0.80094178082191780       0.34769438250800178
   12.784380000000001       0.80051369863013699       0.34315320672545335
   12.793979999999999       0.80800513698630139       0.33887108890365786
   12.803580000000000       0.81613869863013699       0.33355495118455003
   12.813170000000000       0.82255993150684936       0.32653302818831748
   12.822760000000001       0.82363013698630139       0.31818960780825140
   12.832350000000000       0.83583047945205480       0.30963821822118726
   12.841939999999999       0.84203767123287676       0.30216290563049902
   12.851520000000001       0.84631849315068497       0.29737139101637600
   12.861100000000000       0.85573630136986301       0.29672448632873799
   12.870670000000000       0.87392979452054798       0.30017060205469615
   12.880250000000000       0.88527397260273977       0.30623359440141446
   12.889810000000001       0.89383561643835618       0.31377866742943533
   12.899380000000001       0.90089897260273977       0.32258897854170704
   12.908939999999999       0.91181506849315064       0.33189792437997995
   12.918500000000000       0.92251712328767121       0.33952497924849867
   12.928060000000000       0.92722602739726023       0.34325398552496683
   12.937609999999999       0.92636986301369861       0.34309732706629148
   12.947170000000000       0.93600171232876717       0.34113997165715781
   12.956709999999999       0.94456335616438358       0.33895619622914730
   12.966260000000000       0.95034246575342463       0.33635470665413525
   12.975800000000000       0.96040239726027399       0.33374567298877528
   12.985340000000001       0.96810787671232879       0.33344333284301642
   12.994870000000001       0.97474315068493156       0.33763416722095696
   13.004400000000000       0.98801369863013699       0.34665464068967650
   13.013930000000000       0.98437500000000000       0.35864539658650835
   13.023460000000000       0.98758561643835618       0.37031579511386659
   13.032980000000000       0.98437500000000000       0.37834699359645158
   13.042500000000000       0.99978595890410960       0.38033404777671920
   13.052009999999999       0.99315068493150682       0.37624258405745686
   13.061520000000000       0.98758561643835618       0.36916830371363596
   13.071030000000000        1.0000000000000000       0.36268827001521847
   13.080539999999999       0.99015410958904104       0.35798400552546866
   13.090040000000000       0.99892979452054798       0.35455766743343042
   13.099539999999999       0.97773972602739723       0.35251625825827876
   13.109040000000000       0.98972602739726023       0.35310424743206498
   13.118530000000000       0.99507705479452058       0.35686647468213395
   13.128019999999999       0.99486301369863017       0.36163988067109804
   13.137510000000001       0.99507705479452058       0.36385154170613915
   13.146990000000001       0.99101027397260277       0.36150969349655465
   13.156470000000001       0.96960616438356162       0.35474052282536506
   13.165950000000000       0.97517123287671237       0.34464058195441466
   13.175430000000000       0.98116438356164382       0.33303996792640517
   13.184900000000001       0.97923801369863017       0.32201727453100415
   13.194369999999999       0.96896404109589040       0.31277548966948582
   13.203830000000000       0.98480308219178081       0.30498558189814406
   13.213290000000001       0.98266267123287676       0.29722859499667742
   13.222750000000000       0.98266267123287676       0.28858540491323981
   13.232210000000000       0.96725171232876717       0.27934094616832611
   13.241660000000000       0.96339897260273977       0.27021338215939367
   13.251110000000001       0.95269691780821919       0.26163571399221303
   13.260550000000000       0.90946061643835618       0.25381159675270276
   13.270000000000000       0.95612157534246578       0.24669500703646668
   13.279439999999999       0.95612157534246578       0.24048777407958175
   13.288869999999999       0.94948630136986301       0.23607568980642460
   13.298310000000001       0.94563356164383561       0.23438601579951790
   13.307740000000001       0.94927226027397260       0.23542467588446911
   13.317159999999999       0.94392123287671237       0.23768553184689856
   13.326589999999999       0.95333904109589040       0.23851838435988854
   13.336010000000000       0.95740582191780821       0.23626088655534896
   13.345430000000000       0.94970034246575341       0.23177357058100781
   13.354839999999999       0.93321917808219179       0.22694384070917958
   13.364250000000000       0.95248287671232879       0.22258981433265790
   13.373659999999999       0.94755993150684936       0.21802302787629016
   13.383060000000000       0.94370719178082196       0.21241682494573735
   13.392469999999999       0.94049657534246578       0.20614552040127770
   13.401859999999999       0.93557363013698636       0.20013807864895469
   13.411260000000000       0.94113869863013699       0.19466453893077251
   13.420650000000000       0.92765410958904104       0.18959993197168681
   13.430040000000000       0.92294520547945202       0.18498891040449333
   13.439430000000000       0.93150684931506844       0.18097177225144340
   13.448810000000000       0.92893835616438358       0.17762218290646045
   13.458190000000000       0.92144691780821919       0.17518106081910412
   13.467560000000001       0.90432363013698636       0.17392968478270684
   13.476940000000001       0.90924657534246578       0.17360314715739500
   13.486310000000000       0.89982876712328763       0.17351390532801783
   13.495670000000000       0.89083904109589040       0.17341003450120490
   13.505039999999999       0.89619006849315064       0.17373668330496675
   13.514400000000000       0.88570205479452058       0.17490925981647867
   13.523759999999999       0.87264554794520544       0.17672571125706843
   13.533110000000001       0.86643835616438358       0.17846419006483619
   13.542460000000000       0.88334760273972601       0.17941011261249454
   13.551810000000000       0.86815068493150682       0.17950590716507689
   13.561150000000000       0.86301369863013699       0.17945620867448997
   13.570489999999999       0.85873287671232879       0.18013294141154995
   13.579829999999999       0.85616438356164382       0.18205068002354760
   13.589169999999999       0.85659246575342463       0.18517383364905265
   13.598500000000000       0.86065924657534243       0.18911404487407599
   13.607830000000000       0.86194349315068497       0.19358310241504217
   13.617150000000001       0.85338184931506844       0.19842033175677040
   13.626480000000001       0.85809075342465757       0.20315624444999161
   13.635800000000000       0.84888698630136983       0.20680076451590218
   13.645110000000001       0.83090753424657537       0.20836317256947445
   13.654420000000000       0.82855308219178081       0.20756684001040976
   13.663729999999999       0.83347602739726023       0.20533876232506534
   13.673040000000000       0.84267979452054798       0.20325797709817123
   13.682340000000000       0.84396404109589040       0.20245193706849443
   13.691640000000000       0.84417808219178081       0.20325071903667005
   13.700939999999999       0.84182363013698636       0.20540044863222218
   13.710240000000001       0.83176369863013699       0.20839494062696334
   13.719530000000001       0.82598458904109584       0.21194897981957034
   13.728809999999999       0.81421232876712324       0.21615179356279152
   13.738099999999999       0.80800513698630139       0.22092478713851979
   13.747380000000000       0.81271404109589040       0.22556009142817396
   13.756660000000000       0.79537671232876717       0.22889342033306206
   13.765930000000001       0.78745719178082196       0.22965463097847560
   13.775200000000000       0.76669520547945202       0.22734145015808652
   13.784470000000001       0.75920376712328763       0.22273204804972666
   13.793740000000000       0.75941780821917804       0.21700296075590969
   13.803000000000001       0.73416095890410960       0.21081540163372808
   13.812260000000000       0.71489726027397260       0.20454482850049516
   13.821520000000000       0.70547945205479456       0.19864916748115521
   13.830769999999999       0.69413527397260277       0.19342929278141335
   13.840020000000001       0.68985445205479456       0.18892927683569735
   13.849259999999999       0.67315924657534243       0.18522558764496350
   13.858510000000001       0.65753424657534243       0.18247247579899498
   13.867749999999999       0.65004280821917804       0.18073224606652788
   13.876980000000000       0.64447773972602740       0.17982930301721017
   13.886220000000000       0.63291952054794520       0.17946751106520309
   13.895450000000000       0.61879280821917804       0.17939223913720900
   13.904680000000001       0.60916095890410960       0.17948942100000334
   13.913900000000000       0.60059931506849318       0.17984997307948170
   13.923120000000001       0.59974315068493156       0.18061710640415207
   13.932340000000000       0.59332191780821919       0.18172748742927849
   13.941549999999999       0.58133561643835618       0.18287329114588793
   13.950770000000000       0.58047945205479456       0.18376662662476767
   13.959970000000000       0.57491438356164382       0.18446305128780005
   13.969180000000000       0.57234589041095896       0.18535053746458216
   13.978380000000000       0.56827910958904104       0.18672567101660711
   13.987579999999999       0.56699486301369861       0.18858479060952063
   13.996779999999999       0.55950342465753422       0.19084278112497560
   14.005970000000000       0.55971746575342463       0.19349604983575169
   14.015160000000000       0.55650684931506844       0.19660745263129381
   14.024340000000000       0.55693493150684936       0.20038699093839873
   14.033530000000001       0.54601883561643838       0.20515556245769667
   14.042710000000000       0.54430650684931503       0.21091961082901542
   14.051880000000001       0.54109589041095896       0.21733811217443302
   14.061059999999999       0.54345034246575341       0.22423646901076713
   14.070230000000000       0.53852739726027399       0.23168154295759882
   14.079400000000000       0.52846746575342463       0.23942361260606981
   14.088559999999999       0.53467465753424659       0.24649864734691895
   14.097720000000001       0.54238013698630139       0.25168278504445918
   14.106880000000000       0.53553082191780821       0.25420347911568020
   14.116030000000000       0.53831335616438358       0.25431116360579897
   14.125180000000000       0.53446061643835618       0.25340244466858802
   14.134330000000000       0.53274828767123283       0.25359318529661234
   14.143480000000000       0.53039383561643838       0.25691033530028295
   14.152620000000001       0.53167808219178081       0.26459251580743581
   14.161759999999999       0.52975171232876717       0.27690234618656151
   14.170890000000000       0.52910958904109584       0.29325975004941424
   14.180030000000000       0.52461472602739723       0.31241100502916785
   14.189150000000000       0.53510273972602740       0.33196034788843459
   14.198280000000000       0.52953767123287676       0.34853902428411387
   14.207400000000000       0.53488869863013699       0.35884735694967673
   14.216519999999999       0.53874143835616439       0.36187784152415803
   14.225640000000000       0.54216609589041098       0.35958836793047472
   14.234750000000000       0.54516267123287676       0.35532530001097379
   14.243860000000000       0.54580479452054798       0.35146762148230154
   14.252969999999999       0.55051369863013699       0.34859139314486332
   14.262070000000000       0.54387842465753422       0.34651056357171373
   14.271179999999999       0.54473458904109584       0.34562363318495704
   14.280270000000000       0.53788527397260277       0.34664344248191642
   14.289370000000000       0.52932363013698636       0.34918937330255700
   14.298460000000000       0.52910958904109584       0.35162657762115695
   14.307550000000001       0.51562500000000000       0.35260173670036876
   14.316630000000000       0.51776541095890416       0.35229248537148783
   14.325710000000001       0.51562500000000000       0.35177651335159904
   14.334790000000000       0.50449486301369861       0.35121729954627395
   14.343870000000001       0.50727739726027399       0.34915803550544494
   14.352940000000000       0.49422089041095890       0.34389807335547368
   14.362010000000000       0.48565924657534248       0.33523055901176918
   14.371070000000000       0.48715753424657532       0.32459152446711403
   14.380140000000001       0.48351883561643838       0.31403375530866140
   14.389200000000001       0.47388698630136988       0.30555244316436536
   14.398250000000001       0.46982020547945208       0.30053981820667386
   14.407310000000001       0.47217465753424659       0.29939816051494772
   14.416359999999999       0.46810787671232879       0.30134194778396206
   14.425400000000000       0.46875000000000000       0.30453920609619167
   14.434450000000000       0.46511130136986301       0.30677594125926683
   14.443490000000001       0.46232876712328769       0.30649260701279774
   14.452520000000000       0.46254280821917809       0.30354318422975263
   14.461560000000000       0.46596746575342468       0.29889278949268538
   14.470590000000000       0.46361301369863012       0.29380879578533664
   14.479620000000001       0.46125856164383561       0.28908748074847768
   14.488640000000000       0.45462328767123289       0.28483354825951918
   14.497660000000000       0.45483732876712329       0.28092273802843215
   14.506679999999999       0.45761986301369861       0.27766957734749154
   14.515700000000001       0.44777397260273971       0.27583542686890355
   14.524710000000001       0.44263698630136988       0.27612235567303517
   14.533720000000001       0.44434931506849318       0.27878145172698698
   14.542719999999999       0.44199486301369861       0.28352699286152705
   14.551729999999999       0.43535958904109590       0.28965278803537292
   14.560730000000000       0.42936643835616439       0.29629003220680133
   14.569720000000000       0.43707191780821919       0.30295335673574020
   14.578709999999999       0.43364726027397260       0.30992853838010237
   14.587700000000000       0.43514554794520549       0.31819333848385328
   14.596690000000001       0.43535958904109590       0.32893197531254925
   14.605670000000000       0.43707191780821919       0.34296298144457710
   14.614660000000001       0.43236301369863012       0.36059256350078722
   14.623630000000000       0.43300513698630139       0.38154652400124639
   14.632610000000000       0.43514554794520549       0.40516883242221269
   14.641579999999999       0.43086472602739728       0.43008654116969103
   14.650539999999999       0.43857020547945208       0.45471573949321792
   14.659509999999999       0.44306506849315069       0.47792747183749068
   14.668469999999999       0.45012842465753422       0.49921604813409126
   14.677429999999999       0.44220890410958902       0.51882661920893891
   14.686380000000000       0.44285102739726029       0.53740329705974998
   14.695340000000000       0.44905821917808220       0.55550668065178488
   14.704280000000001       0.44884417808219179       0.57273142321040460
   14.713229999999999       0.44606164383561642       0.58787537573376147
   14.722170000000000       0.44648972602739728       0.59962412967867373
   14.731109999999999       0.44434931506849318       0.60780098949771943
   14.740050000000000       0.44520547945205480       0.61359998295512919
   14.748980000000000       0.43707191780821919       0.61889723727919621
   14.757910000000001       0.43857020547945208       0.62515529669823866
   14.766840000000000       0.43642979452054792       0.63256658545802980
   14.775760000000000       0.43107876712328769       0.63986265058942160
   14.784680000000000       0.43065068493150682       0.64492796105731109
   14.793600000000000       0.43043664383561642       0.64580508133840742
   14.802510000000000       0.43107876712328769       0.64137997855749884
   14.811420000000000       0.42444349315068491       0.63126766249155253
   14.820330000000000       0.42744006849315069       0.61553646674767215
   14.829230000000001       0.42101883561643838       0.59498062622344372
   14.838130000000000       0.41395547945205480       0.57149275512695574
   14.847030000000000       0.41502568493150682       0.54790418259072360
   14.855930000000001       0.41160102739726029       0.52702840946133578
   14.864820000000000       0.41845034246575341       0.51064376317755988
   14.873710000000001       0.41630993150684931       0.49888017895334535
   14.882590000000000       0.42401541095890410       0.49054224582652006
   14.891470000000000       0.41909246575342468       0.48384416967033217
   14.900350000000000       0.41759417808219179       0.47704796688463630
   14.909230000000001       0.42059075342465752       0.46864233620525769
   14.918100000000001       0.42508561643835618       0.45751337516429791
   14.926970000000001       0.41716609589041098       0.44314387084351003
   14.935840000000001       0.41502568493150682       0.42578762027958089
   14.944699999999999       0.41845034246575341       0.40641430913173759
   14.953560000000000       0.42701198630136988       0.38637239679553309
   14.962420000000000       0.42551369863013699       0.36710327909226731
   14.971270000000001       0.43107876712328769       0.34980527869064815
   14.980119999999999       0.43985445205479451       0.33516798978742157
   14.988970000000000       0.44178082191780821       0.32343869822708243
   14.997809999999999       0.45012842465753422       0.31454942792834062
   15.006650000000000       0.45676369863013699       0.30822332821281190
   15.015490000000000       0.45612157534246578       0.30407699268928856
   15.024330000000001       0.46040239726027399       0.30169025060489529
   15.033160000000001       0.47024828767123289       0.30077143331477113
   15.041990000000000       0.47260273972602740       0.30130213978074372
   15.050810000000000       0.47795376712328769       0.30355239308522947
   15.059630000000000       0.47945205479452052       0.30793701614628771
   15.068450000000000       0.48651541095890410       0.31480954348358359
   15.077270000000000       0.49036815068493150       0.32434595238019381
   15.086080000000001       0.49892979452054792       0.33649020838395738
   15.094889999999999       0.49935787671232879       0.35086834467215494
   15.103700000000000       0.49978595890410960       0.36657802528660954
   15.112500000000001       0.49315068493150682       0.38224910116468308
   15.121300000000000       0.49507705479452052       0.39656892396097082
   15.130100000000001       0.49828767123287671       0.40883552488105585
   15.138890000000000       0.49743150684931509       0.41921098962510928
   15.147679999999999       0.50149828767123283       0.42841144172299289
   15.156470000000001       0.49550513698630139       0.43706908652890919
   15.165250000000000       0.50192636986301364       0.44542356388010207
   15.174030000000000       0.50963184931506844       0.45347195698996096
   15.182810000000000       0.50898972602739723       0.46118616083783187
   15.191580000000000       0.51091609589041098       0.46858781232904306
   15.200350000000000       0.50963184931506844       0.47567125439593622
   15.209120000000000       0.51070205479452058       0.48226703714924168
   15.217890000000001       0.51476883561643838       0.48808956019027294
   15.226649999999999       0.51969178082191780       0.49296331651123076
   15.235410000000000       0.52482876712328763       0.49709274992789670
   15.244160000000001       0.51969178082191780       0.50097664752579207
   15.252920000000000       0.52247431506849318       0.50495570566207126
   15.261670000000001       0.51990582191780821       0.50869233138095804
   15.270410000000000       0.51541095890410960       0.51126537611372880
   15.279150000000000       0.51583904109589040       0.51185563447253868
   15.287890000000001       0.51583904109589040       0.51037791770276653
   15.296630000000000       0.50599315068493156       0.50737402860434322
   15.305360000000000       0.50684931506849318       0.50334860769199985
   15.314090000000000       0.50813356164383561       0.49833110618551552
   15.322820000000000       0.51070205479452058       0.49207319192654037
   15.331540000000000       0.50278253424657537       0.48450511658723128
   15.340260000000001       0.50492294520547942       0.47594963091002263
   15.348979999999999       0.50599315068493156       0.46706504954662237
   15.357699999999999       0.50492294520547942       0.45860365381796969
   15.366410000000000       0.50385273972602740       0.45116733635975043
   15.375120000000001       0.51241438356164382       0.44496259552068851
   15.383820000000000       0.51327054794520544       0.43972216447773615
   15.392519999999999       0.51819349315068497       0.43479367133604402
   15.401220000000000       0.51519691780821919       0.42948594856266414
   15.409920000000000       0.51048801369863017       0.42337364367737618
   15.418609999999999       0.50856164383561642       0.41642051736295133
   15.427300000000001       0.50813356164383561       0.40886355247749651
   15.435980000000001       0.50128424657534243       0.40106897546419301
   15.444670000000000       0.50000000000000000       0.39338824790138693
   15.453340000000001       0.49871575342465752       0.38622473380902450
   15.462020000000001       0.49272260273972601       0.37990285791097922
   15.470689999999999       0.48822773972602740       0.37463614367316267
   15.479360000000000       0.47666952054794520       0.37039307937003274
   15.488030000000000       0.48223458904109590       0.36700625727786518
   15.496689999999999       0.48116438356164382       0.36429306980307624
   15.505350000000000       0.47431506849315069       0.36208143262195830
   15.514010000000001       0.47624143835616439       0.36015163779671278
   15.522670000000000       0.46746575342465752       0.35815376189926240
   15.531319999999999       0.46575342465753422       0.35567182227658567
   15.539960000000001       0.46404109589041098       0.35245776068932455
   15.548610000000000       0.46618150684931509       0.34861982715635714
   15.557250000000000       0.46575342465753422       0.34457593397659392
   15.565890000000000       0.46297089041095890       0.34077224518734361
   15.574520000000000       0.46725171232876711       0.33754700970672619
   15.583159999999999       0.46789383561643838       0.33513587681420492
   15.591790000000000       0.46810787671232879       0.33374810207792949
   15.600410000000000       0.46618150684931509       0.33348223904123281
   15.609030000000001       0.46254280821917809       0.33422088541933748
   15.617649999999999       0.46040239726027399       0.33564576732698898
   15.626270000000000       0.46275684931506850       0.33741224624462068
   15.634880000000001       0.45954623287671231       0.33930176416425312
   15.643490000000000       0.45890410958904110       0.34120908740060024
   15.652100000000001       0.46318493150684931       0.34300296101615518
   15.660700000000000       0.46382705479452052       0.34444944726036664
   15.669300000000000       0.45869006849315069       0.34528754623341484
   15.677899999999999       0.46104452054794520       0.34538018488568639
   15.686489999999999       0.45740582191780821       0.34482654422907993
   15.695080000000001       0.45590753424657532       0.34395049529591804
   15.703670000000001       0.45419520547945208       0.34320869528553566
   15.712260000000001       0.44755993150684931       0.34306734856234522
   15.720840000000001       0.44349315068493150       0.34386963726483899
   15.729410000000000       0.43685787671232879       0.34572900523181960
   15.737990000000000       0.43257705479452052       0.34851567787581306
   15.746560000000001       0.42808219178082191       0.35192464473385293
   15.755129999999999       0.42187500000000000       0.35564555353196348
   15.763700000000000       0.41845034246575341       0.35947739295616504
   15.772259999999999       0.41160102739726029       0.36336525077813436
   15.780820000000000       0.40924657534246578       0.36735917904890003
   15.789370000000000       0.40346746575342468       0.37150646146682775
   15.797929999999999       0.40346746575342468       0.37581885037287543
   15.806469999999999       0.40132705479452052       0.38024212354482784
   15.815020000000001       0.40261130136986301       0.38475681567480746
   15.823560000000001       0.40368150684931509       0.38932794702784840
   15.832100000000001       0.40924657534246578       0.39391885822045486
   15.840640000000000       0.41202910958904110       0.39849210313265659
   15.849180000000000       0.40860445205479451       0.40307231945527666
   15.857710000000001       0.40774828767123289       0.40774042998730131
   15.866230000000000       0.40988869863013699       0.41260175390490300
   15.874760000000000       0.41738013698630139       0.41778991487058781
   15.883279999999999       0.42059075342465752       0.42345913810074809
   15.891800000000000       0.42273116438356162       0.42982960312293678
   15.900309999999999       0.42358732876712329       0.43712203177870318
   15.908820000000000       0.42016267123287671       0.44553760749539967
   15.917330000000000       0.42144691780821919       0.45519533958523928
   15.925840000000001       0.41630993150684931       0.46614862236540500
   15.934340000000001       0.41523972602739728       0.47842744934842629
   15.942840000000000       0.40860445205479451       0.49212493130619461
   15.951330000000000       0.40860445205479451       0.50733685070648293
   15.959830000000000       0.39982876712328769       0.52424118179459245
   15.968310000000001       0.40496575342465752       0.54297746522495616
   15.976800000000001       0.40025684931506850       0.56391758155942240
   15.985279999999999       0.40325342465753422       0.58742194365120259
   15.993760000000000       0.39918664383561642       0.61392786836491453
   16.002240000000000       0.39083904109589040       0.64367923247152115
   16.010710000000000       0.38998287671232879       0.67651876202531003
   16.019179999999999       0.38827054794520549       0.71186250891378677
   16.027650000000001       0.39041095890410960       0.74855776590393686
   16.036120000000000       0.38976883561643838       0.78504711888112277
   16.044580000000000       0.38463184931506850       0.81961045989707237
   16.053030000000000       0.37350171232876711       0.85077357570576717
   16.061489999999999       0.36429794520547948       0.87755799062366546
   16.069939999999999       0.36344178082191780       0.89938122254923258
   16.078389999999999       0.36365582191780821       0.91621584225074326
   16.086829999999999       0.36322773972602740       0.92819079689465800
   16.095279999999999       0.35488013698630139       0.93535787454078412
   16.103710000000000       0.35081335616438358       0.93744855853743991
   16.112150000000000       0.34910102739726029       0.93409881168320119
   16.120580000000000       0.34524828767123289       0.92515890885514440
   16.129010000000001       0.33904109589041098       0.91096989636777048
   16.137440000000002       0.34096746575342468       0.89237809774621923
   16.145859999999999       0.33861301369863012       0.87054223940053310
   16.154280000000000       0.33347602739726029       0.84661747947115129
   16.162700000000001       0.33754280821917809       0.82172113353608911
   16.171109999999999       0.33283390410958902       0.79694305707023472
   16.179520000000000       0.33047945205479451       0.77325215277495640
   16.187930000000001       0.32277397260273971       0.75153416737505818
   16.196330000000000       0.31399828767123289       0.73251490142620612
   16.204730000000001       0.31035958904109590       0.71665406703287071
   16.213130000000000       0.30736301369863012       0.70422287247302784
   16.221520000000002       0.30393835616438358       0.69527592725408871
   16.229910000000000       0.29922945205479451       0.68956785755553818
   16.238299999999999       0.29965753424657532       0.68653566568587832
   16.246690000000001       0.29088184931506850       0.68526598251555304
   16.255070000000000       0.29259417808219179       0.68455866133153453
   16.263449999999999       0.28660102739726029       0.68309186095843599
   16.271820000000002       0.28874143835616439       0.67970626300421855
   16.280200000000001       0.27803938356164382       0.67369983075791706
   16.288560000000000       0.28125000000000000       0.66503720556615309
   16.296930000000000       0.28039383561643838       0.65413233885102495
   16.305289999999999       0.27611301369863012       0.64164886887950223
   16.313649999999999       0.27354452054794520       0.62818545087935718
   16.322009999999999       0.27076198630136988       0.61428431299959951
   16.330359999999999       0.26883561643835618       0.60048602557257169
   16.338709999999999       0.26498287671232879       0.58730407314831046
   16.347059999999999       0.26348458904109590       0.57524030470152665
   16.355399999999999       0.26262842465753422       0.56470099546236474
   16.363740000000000       0.26048801369863012       0.55586097174979676
   16.372080000000000       0.26327054794520549       0.54863155735066604
   16.380420000000001       0.25513698630136988       0.54265104801054798
   16.388750000000002       0.26005993150684931       0.53741465850579850
   16.397069999999999       0.25984589041095890       0.53246276814275284
   16.405400000000000       0.25813356164383561       0.52755665432612076
   16.413720000000001       0.25706335616438358       0.52278243837693938
   16.422039999999999       0.25085616438356162       0.51841908131350511
   16.430350000000001       0.25128424657534248       0.51473641891600208
   16.438669999999998       0.24850171232876711       0.51174457623078884
   16.446970000000000       0.25064212328767121       0.50918371526962558
   16.455279999999998       0.25278253424657532       0.50667235482986450
   16.463580000000000       0.24721746575342465       0.50400031205691098
   16.471879999999999       0.24571917808219179       0.50122590562887415
   16.480180000000001       0.24336472602739725       0.49862210778634625
   16.488470000000000       0.24593321917808220       0.49649349322263392
   16.496759999999998       0.24101027397260275       0.49494698953401040
   16.505050000000001       0.23501712328767124       0.49373035196242365
   16.513330000000000       0.23009417808219179       0.49223766904187399
   16.521609999999999       0.22795376712328766       0.48975683801849329
   16.529890000000002       0.22966609589041095       0.48584243147840223
   16.538160000000001       0.22388698630136986       0.48055345140972278
   16.546430000000001       0.22238869863013699       0.47436841878195146
   16.554700000000000       0.22131849315068494       0.46793393347973417
   16.562970000000000       0.21618150684931506       0.46182898562424574
   16.571230000000000       0.21596746575342465       0.45649597066672859
   16.579490000000000       0.21040239726027396       0.45222898679120777
   16.587740000000000       0.20398116438356165       0.44917309637253677
   16.595990000000000       0.20483732876712329       0.44723359774816851
   16.604240000000001       0.20184075342465754       0.44605417391641877
   16.612490000000001       0.19820205479452055       0.44506749017320496
   16.620729999999998       0.19755993150684931       0.44363283791045427
   16.628969999999999       0.19392123287671234       0.44118149950264546
   16.637200000000000       0.19199486301369864       0.43733576441504257
   16.645440000000001       0.19071061643835616       0.43195905039312477
   16.653670000000002       0.18878424657534246       0.42523510276408583
   16.661890000000000       0.18942636986301370       0.41762929365152401
   16.670120000000001       0.19006849315068494       0.40979061607440931
   16.678339999999999       0.18535958904109590       0.40246295377528868
   16.686550000000000       0.18621575342465754       0.39627040868639052
   16.694769999999998       0.18707191780821919       0.39161325545768760
   16.702980000000000       0.18321917808219179       0.38865351327502617
   16.711189999999998       0.18664383561643835       0.38729298286005509
   16.719390000000001       0.18279109589041095       0.38730476639384409
   16.727589999999999       0.18022260273972604       0.38848506066116317
   16.735790000000001       0.17936643835616439       0.39077044180541276
   16.743980000000001       0.17936643835616439       0.39420743503370992
   16.752179999999999       0.17465753424657535       0.39881867584466707
   16.760359999999999       0.17144691780821919       0.40439706833871381
   16.768550000000001       0.17187500000000000       0.41052544706198596
   16.776730000000001       0.16845034246575341       0.41664429614641890
   16.784910000000000       0.16523972602739725       0.42237313134985910
   16.793089999999999       0.16374143835616439       0.42771248280911023
   16.801259999999999       0.15988869863013699       0.43306519792954268
   16.809429999999999       0.16053082191780821       0.43901467287351725
   16.817589999999999       0.15988869863013699       0.44593204866404168
   16.825759999999999       0.15475171232876711       0.45373697285765940
   16.833919999999999       0.15496575342465754       0.46177838259356063
   16.842070000000000       0.15025684931506850       0.46907508112388724
   16.850230000000000       0.15196917808219179       0.47465003391918786
   16.858380000000000       0.14790239726027396       0.47780398062751128
   16.866530000000001       0.14704623287671234       0.47831364335345805
   16.874669999999998       0.14490582191780821       0.47634104229832946
   16.882809999999999       0.14276541095890410       0.47227038462040560
   16.890950000000000       0.14212328767123289       0.46658223175347169
   16.899080000000001       0.14490582191780821       0.45981334122001372
   16.907209999999999       0.14619006849315069       0.45247663689010265
   16.915340000000000       0.14447773972602740       0.44496782442674698
   16.923469999999998       0.14597602739726026       0.43744583802772874
   16.931590000000000       0.14319349315068494       0.42984863119423528
   16.939710000000002       0.14383561643835616       0.42202109785136649
   16.947820000000000       0.14319349315068494       0.41396793734145171
   16.955939999999998       0.13934075342465754       0.40595440742343752
   16.964050000000000       0.13505993150684931       0.39858631626028540
   16.972149999999999       0.12928082191780821       0.39262635532265810
   16.980260000000001       0.12371575342465753       0.38882191834386670
   16.988360000000000       0.11579623287671233       0.38777090009634430
   16.996449999999999       0.10338184931506850       0.38977172821587525
   17.004549999999998        8.7542808219178078E-002  0.39481790826363994
   17.012640000000001        7.5342465753424653E-002  0.40257210914034125
   17.020720000000001        6.8493150684931503E-002  0.41243110446427822
   17.028810000000000        6.6138698630136980E-002  0.42363678968334412
   17.036890000000000        6.2071917808219176E-002  0.43530557828811667
   17.044969999999999        5.9075342465753425E-002  0.44664348793996211
   17.053039999999999        5.7148972602739725E-002  0.45697583921605678
   17.061109999999999        5.8005136986301373E-002  0.46585479933083634
   17.069179999999999        5.5436643835616438E-002  0.47303011909359205
  0.54006169863157749

,0



