7.1597	255
7.171	263
7.18231	258
7.1936	263
7.2049	270
7.21619	270
7.22748	269
7.23877	257
7.25005	264
7.26133	266
7.27261	257
7.28388	264
7.29515	266
7.30642	266
7.31768	267
7.32894	281
7.3402	277
7.35146	280
7.36271	287
7.37396	301
7.3852	295
7.39644	288
7.40768	292
7.41892	296
7.43015	309
7.44138	318
7.45261	324
7.46383	353
7.47505	360
7.48626	375
7.49748	398
7.50869	429
7.5199	478
7.5311	579
7.5423	693
7.5535	775
7.56469	852
7.57588	907
7.58707	969
7.59826	1005
7.60944	1051
7.62062	1071
7.63179	1101
7.64296	1149
7.65413	1166
7.6653	1205
7.67646	1240
7.68762	1280
7.69878	1301
7.70993	1337
7.72108	1366
7.73223	1389
7.74337	1352
7.75451	1348
7.76565	1350
7.77678	1332
7.78791	1318
7.79904	1311
7.81017	1315
7.82129	1338
7.83241	1343
7.84352	1349
7.85463	1344
7.86574	1344
7.87685	1377
7.88795	1372
7.89905	1407
7.91015	1371
7.92124	1407
7.93233	1400
7.94342	1424
7.9545	1426
7.96558	1442
7.97666	1459
7.98773	1445
7.9988	1468
8.00987	1486
8.02093	1491
8.032	1495
8.04305	1465
8.05411	1467
8.06516	1476
8.07621	1470
8.08726	1486
8.0983	1493
8.10934	1507
8.12037	1493
8.13141	1504
8.14244	1515
8.15346	1533
8.16449	1538
8.17551	1519
8.18652	1556
8.19754	1516
8.20855	1523
8.21955	1545
8.23056	1545
8.24156	1544
8.25256	1539
8.26355	1560
8.27454	1548
8.28553	1615
8.29652	1605
8.3075	1639
8.31848	1662
8.32946	1697
8.34043	1705
8.3514	1738
8.36236	1779
8.37333	1797
8.38429	1822
8.39524	1871
8.4062	1940
8.41715	1977
8.4281	2044
8.43904	2025
8.44998	2025
8.46092	2041
8.47185	2004
8.48278	1971
8.49371	2004
8.50464	2043
8.51556	2071
8.52648	2111
8.53739	2162
8.54831	2179
8.55922	2161
8.57012	2198
8.58103	2252
8.59193	2372
8.60282	2403
8.61372	2458
8.62461	2530
8.63549	2612
8.64638	2674
8.65726	2694
8.66814	2783
8.67901	2823
8.68988	2870
8.70075	2879
8.71161	2895
8.72248	2889
8.73333	2946
8.74419	2981
8.75504	3040
8.76589	3072
8.77674	3071
8.78758	3019
8.79842	3015
8.80926	2986
8.82009	3013
8.83092	2978
8.84175	2961
8.85257	2977
8.86339	2891
8.87421	2954
8.88502	2993
8.89583	2981
8.90664	3000
8.91745	3039
8.92825	3056
8.93905	3090
8.94984	3126
8.96063	3153
8.97142	3186
8.98221	3228
8.99299	3205
9.00377	3270
9.01455	3280
9.02532	3293
9.03609	3274
9.04686	3249
9.05762	3245
9.06838	3260
9.07914	3234
9.08989	3181
9.10064	3167
9.11139	3159
9.12214	3161
9.13288	3152
9.14362	3146
9.15435	3092
9.16508	2995
9.17581	2938
9.18654	2871
9.19726	2812
9.20798	2782
9.2187	2760
9.22941	2690
9.24012	2659
9.25082	2636
9.26153	2595
9.27223	2582
9.28293	2589
9.29362	2583
9.30431	2599
9.315	2636
9.32568	2632
9.33636	2634
9.34704	2702
9.35772	2690
9.36839	2719
9.37906	2673
9.38972	2692
9.40038	2708
9.41104	2660
9.4217	2670
9.43235	2648
9.443	2671
9.45365	2664
9.46429	2696
9.47493	2712
9.48557	2761
9.4962	2784
9.50683	2772
9.51746	2789
9.52808	2817
9.53871	2814
9.54932	2770
9.55994	2839
9.57055	2831
9.58116	2838
9.59176	2900
9.60237	2967
9.61296	3046
9.62356	3047
9.63415	3046
9.64474	3036
9.65533	2983
9.66591	2948
9.67649	2883
9.68707	2826
9.69764	2809
9.70821	2796
9.71878	2826
9.72934	2892
9.7399	2881
9.75046	2895
9.76102	2924
9.77157	2967
9.78212	2965
9.79266	3008
9.8032	3036
9.81374	3103
9.82428	3154
9.83481	3240
9.84534	3305
9.85586	3432
9.86639	3546
9.87691	3704
9.88742	3704
9.89794	3720
9.90845	3774
9.91895	3869
9.92946	3862
9.93996	3921
9.95046	3968
9.96095	3972
9.97144	3951
9.98193	3936
9.99242	3941
10.0029	3886
10.01338	3892
10.02385	3867
10.03432	3834
10.04479	3805
10.05526	3816
10.06572	3793
10.07618	3754
10.08664	3774
10.09709	3816
10.10754	3869
10.11799	3778
10.12843	3727
10.13887	3687
10.14931	3643
10.15974	3650
10.17017	3618
10.1806	3597
10.19103	3515
10.20145	3549
10.21187	3541
10.22228	3499
10.23269	3493
10.2431	3525
10.25351	3528
10.26391	3555
10.27431	3601
10.28471	3696
10.2951	3695
10.30549	3694
10.31588	3682
10.32626	3713
10.33664	3718
10.34702	3656
10.35739	3540
10.36776	3445
10.37813	3403
10.38849	3315
10.39886	3189
10.40921	3132
10.41957	3103
10.42992	3053
10.44027	3032
10.45061	3029
10.46096	3011
10.4713	3018
10.48163	3020
10.49196	3029
10.50229	3037
10.51262	3099
10.52294	3137
10.53326	3169
10.54358	3196
10.5539	3189
10.56421	3148
10.57451	3102
10.58482	3056
10.59512	3037
10.60542	2976
10.61571	2927
10.626	2854
10.63629	2847
10.64658	2802
10.65686	2754
10.66714	2764
10.67741	2733
10.68769	2683
10.69796	2649
10.70822	2680
10.71849	2669
10.72875	2709
10.739	2699
10.74926	2715
10.75951	2697
10.76975	2750
10.78	2789
10.79024	2820
10.80048	2902
10.81071	2912
10.82094	2994
10.83117	3030
10.8414	3071
10.85162	3117
10.86184	3099
10.87205	3155
10.88227	3168
10.89248	3172
10.90268	3128
10.91288	3114
10.92308	3123
10.93328	3135
10.94347	3177
10.95366	3185
10.96385	3259
10.97404	3261
10.98422	3306
10.99439	3333
11.00457	3331
11.01474	3313
11.02491	3329
11.03507	3335
11.04523	3350
11.05539	3348
11.06555	3377
11.0757	3361
11.08585	3383
11.096	3411
11.10614	3389
11.11628	3443
11.12642	3459
11.13655	3515
11.14668	3558
11.15681	3631
11.16693	3771
11.17705	3814
11.18717	3834
11.19728	3911
11.20739	3926
11.2175	3933
11.22761	4023
11.23771	4110
11.24781	4112
11.2579	4202
11.26799	4229
11.27808	4244
11.28817	4259
11.29825	4238
11.30833	4265
11.31841	4320
11.32848	4385
11.33855	4359
11.34862	4371
11.35868	4343
11.36874	4346
11.3788	4340
11.38885	4387
11.3989	4454
11.40895	4526
11.41899	4571
11.42904	4535
11.43907	4558
11.44911	4531
11.45914	4563
11.46917	4563
11.4792	4534
11.48922	4506
11.49924	4488
11.50925	4457
11.51927	4454
11.52928	4479
11.53928	4419
11.54929	4390
11.55929	4316
11.56928	4347
11.57928	4331
11.58927	4316
11.59926	4237
11.60924	4195
11.61922	4135
11.6292	4107
11.63917	4027
11.64915	4006
11.65912	3954
11.66908	3936
11.67904	3931
11.689	3907
11.69896	3900
11.70891	3865
11.71886	3809
11.72881	3771
11.73875	3723
11.74869	3708
11.75863	3696
11.76856	3757
11.77849	3771
11.78842	3713
11.79834	3684
11.80826	3711
11.81818	3783
11.8281	3842
11.83801	3855
11.84792	3897
11.85782	3961
11.86772	3953
11.87762	3955
11.88752	3970
11.89741	3920
11.9073	3881
11.91719	3910
11.92707	3900
11.93695	3897
11.94683	3878
11.9567	3866
11.96657	3893
11.97644	3840
11.9863	3819
11.99616	3774
12.00602	3757
12.01587	3744
12.02573	3770
12.03557	3760
12.04542	3721
12.05526	3719
12.0651	3703
12.07494	3691
12.08477	3663
12.0946	3652
12.10442	3707
12.11425	3708
12.12407	3718
12.13388	3692
12.1437	3705
12.15351	3709
12.16331	3663
12.17312	3681
12.18292	3680
12.19272	3730
12.20251	3782
12.2123	3780
12.22209	3783
12.23187	3732
12.24166	3655
12.25143	3627
12.26121	3595
12.27098	3607
12.28075	3594
12.29052	3559
12.30028	3548
12.31004	3557
12.3198	3522
12.32955	3512
12.3393	3522
12.34905	3562
12.35879	3597
12.36853	3571
12.37827	3637
12.388	3671
12.39773	3643
12.40746	3677
12.41718	3711
12.42691	3668
12.43662	3659
12.44634	3657
12.45605	3639
12.46576	3642
12.47547	3695
12.48517	3627
12.49487	3646
12.50456	3695
12.51426	3665
12.52395	3648
12.53363	3678
12.54332	3678
12.553	3709
12.56268	3681
12.57235	3667
12.58202	3668
12.59169	3677
12.60135	3693
12.61101	3692
12.62067	3697
12.63033	3723
12.63998	3699
12.64963	3710
12.65927	3693
12.66892	3714
12.67855	3697
12.68819	3706
12.69782	3691
12.70745	3689
12.71708	3716
12.7267	3705
12.73632	3690
12.74594	3696
12.75555	3730
12.76516	3736
12.77477	3742
12.78438	3740
12.79398	3775
12.80358	3813
12.81317	3843
12.82276	3848
12.83235	3905
12.84194	3934
12.85152	3954
12.8611	3998
12.87067	4083
12.88025	4136
12.88981	4176
12.89938	4209
12.90894	4260
12.9185	4310
12.92806	4332
12.93761	4328
12.94717	4373
12.95671	4413
12.96626	4440
12.9758	4487
12.98534	4523
12.99487	4554
13.0044	4616
13.01393	4599
13.02346	4614
13.03298	4599
13.0425	4671
13.05201	4640
13.06152	4614
13.07103	4672
13.08054	4626
13.09004	4667
13.09954	4568
13.10904	4624
13.11853	4649
13.12802	4648
13.13751	4649
13.14699	4630
13.15647	4530
13.16595	4556
13.17543	4584
13.1849	4575
13.19437	4527
13.20383	4601
13.21329	4591
13.22275	4591
13.23221	4519
13.24166	4501
13.25111	4451
13.26055	4249
13.27	4467
13.27944	4467
13.28887	4436
13.29831	4418
13.30774	4435
13.31716	4410
13.32659	4454
13.33601	4473
13.34543	4437
13.35484	4360
13.36425	4450
13.37366	4427
13.38306	4409
13.39247	4394
13.40186	4371
13.41126	4397
13.42065	4334
13.43004	4312
13.43943	4352
13.44881	4340
13.45819	4305
13.46756	4225
13.47694	4248
13.48631	4204
13.49567	4162
13.50504	4187
13.5144	4138
13.52376	4077
13.53311	4048
13.54246	4127
13.55181	4056
13.56115	4032
13.57049	4012
13.57983	4000
13.58917	4002
13.5985	4021
13.60783	4027
13.61715	3987
13.62648	4009
13.6358	3966
13.64511	3882
13.65442	3871
13.66373	3894
13.67304	3937
13.68234	3943
13.69164	3944
13.70094	3933
13.71024	3886
13.71953	3859
13.72881	3804
13.7381	3775
13.74738	3797
13.75666	3716
13.76593	3679
13.7752	3582
13.78447	3547
13.79374	3548
13.803	3430
13.81226	3340
13.82152	3296
13.83077	3243
13.84002	3223
13.84926	3145
13.85851	3072
13.86775	3037
13.87698	3011
13.88622	2957
13.89545	2891
13.90468	2846
13.9139	2806
13.92312	2802
13.93234	2772
13.94155	2716
13.95077	2712
13.95997	2686
13.96918	2674
13.97838	2655
13.98758	2649
13.99678	2614
14.00597	2615
14.01516	2600
14.02434	2602
14.03353	2551
14.04271	2543
14.05188	2528
14.06106	2539
14.07023	2516
14.0794	2469
14.08856	2498
14.09772	2534
14.10688	2502
14.11603	2515
14.12518	2497
14.13433	2489
14.14348	2478
14.15262	2484
14.16176	2475
14.17089	2472
14.18003	2451
14.18915	2500
14.19828	2474
14.2074	2499
14.21652	2517
14.22564	2533
14.23475	2547
14.24386	2550
14.25297	2572
14.26207	2541
14.27118	2545
14.28027	2513
14.28937	2473
14.29846	2472
14.30755	2409
14.31663	2419
14.32571	2409
14.33479	2357
14.34387	2370
14.35294	2309
14.36201	2269
14.37107	2276
14.38014	2259
14.3892	2214
14.39825	2195
14.40731	2206
14.41636	2187
14.4254	2190
14.43445	2173
14.44349	2160
14.45252	2161
14.46156	2177
14.47059	2166
14.47962	2155
14.48864	2124
14.49766	2125
14.50668	2138
14.5157	2092
14.52471	2068
14.53372	2076
14.54272	2065
14.55173	2034
14.56073	2006
14.56972	2042
14.57871	2026
14.5877	2033
14.59669	2034
14.60567	2042
14.61466	2020
14.62363	2023
14.63261	2033
14.64158	2013
14.65054	2049
14.65951	2070
14.66847	2103
14.67743	2066
14.68638	2069
14.69534	2098
14.70428	2097
14.71323	2084
14.72217	2086
14.73111	2076
14.74005	2080
14.74898	2042
14.75791	2049
14.76684	2039
14.77576	2014
14.78468	2012
14.7936	2011
14.80251	2014
14.81142	1983
14.82033	1997
14.82923	1967
14.83813	1934
14.84703	1939
14.85593	1923
14.86482	1955
14.87371	1945
14.88259	1981
14.89147	1958
14.90035	1951
14.90923	1965
14.9181	1986
14.92697	1949
14.93584	1939
14.9447	1955
14.95356	1995
14.96242	1988
14.97127	2014
14.98012	2055
14.98897	2064
14.99781	2103
15.00665	2134
15.01549	2131
15.02433	2151
15.03316	2197
15.04199	2208
15.05081	2233
15.05963	2240
15.06845	2273
15.07727	2291
15.08608	2331
15.09489	2333
15.1037	2335
15.1125	2304
15.1213	2313
15.1301	2328
15.13889	2324
15.14768	2343
15.15647	2315
15.16525	2345
15.17403	2381
15.18281	2378
15.19158	2387
15.20035	2381
15.20912	2386
15.21789	2405
15.22665	2428
15.23541	2452
15.24416	2428
15.25292	2441
15.26167	2429
15.27041	2408
15.27915	2410
15.28789	2410
15.29663	2364
15.30536	2368
15.31409	2374
15.32282	2386
15.33154	2349
15.34026	2359
15.34898	2364
15.3577	2359
15.36641	2354
15.37512	2394
15.38382	2398
15.39252	2421
15.40122	2407
15.40992	2385
15.41861	2376
15.4273	2374
15.43598	2342
15.44467	2336
15.45334	2330
15.46202	2302
15.47069	2281
15.47936	2227
15.48803	2253
15.49669	2248
15.50535	2216
15.51401	2225
15.52267	2184
15.53132	2176
15.53996	2168
15.54861	2178
15.55725	2176
15.56589	2163
15.57452	2183
15.58316	2186
15.59179	2187
15.60041	2178
15.60903	2161
15.61765	2151
15.62627	2162
15.63488	2147
15.64349	2144
15.6521	2164
15.6607	2167
15.6693	2143
15.6779	2154
15.68649	2137
15.69508	2130
15.70367	2122
15.71226	2091
15.72084	2072
15.72941	2041
15.73799	2021
15.74656	2000
15.75513	1971
15.7637	1955
15.77226	1923
15.78082	1912
15.78937	1885
15.79793	1885
15.80647	1875
15.81502	1881
15.82356	1886
15.8321	1912
15.84064	1925
15.84918	1909
15.85771	1905
15.86623	1915
15.87476	1950
15.88328	1965
15.8918	1975
15.90031	1979
15.90882	1963
15.91733	1969
15.92584	1945
15.93434	1940
15.94284	1909
15.95133	1909
15.95983	1868
15.96831	1892
15.9768	1870
15.98528	1884
15.99376	1865
16.00224	1826
16.01071	1822
16.01918	1814
16.02765	1824
16.03612	1821
16.04458	1797
16.05303	1745
16.06149	1702
16.06994	1698
16.07839	1699
16.08683	1697
16.09528	1658
16.10371	1639
16.11215	1631
16.12058	1613
16.12901	1584
16.13744	1593
16.14586	1582
16.15428	1558
16.1627	1577
16.17111	1555
16.17952	1544
16.18793	1508
16.19633	1467
16.20473	1450
16.21313	1436
16.22152	1420
16.22991	1398
16.2383	1400
16.24669	1359
16.25507	1367
16.26345	1339
16.27182	1349
16.2802	1299
16.28856	1314
16.29693	1310
16.30529	1290
16.31365	1278
16.32201	1265
16.33036	1256
16.33871	1238
16.34706	1231
16.3554	1227
16.36374	1217
16.37208	1230
16.38042	1192
16.38875	1215
16.39707	1214
16.4054	1206
16.41372	1201
16.42204	1172
16.43035	1174
16.43867	1161
16.44697	1171
16.45528	1181
16.46358	1155
16.47188	1148
16.48018	1137
16.48847	1149
16.49676	1126
16.50505	1098
16.51333	1075
16.52161	1065
16.52989	1073
16.53816	1046
16.54643	1039
16.5547	1034
16.56297	1010
16.57123	1009
16.57949	983
16.58774	953
16.59599	957
16.60424	943
16.61249	926
16.62073	923
16.62897	906
16.6372	897
16.64544	891
16.65367	882
16.66189	885
16.67012	888
16.67834	866
16.68655	870
16.69477	874
16.70298	856
16.71119	872
16.71939	854
16.72759	842
16.73579	838
16.74398	838
16.75218	816
16.76036	801
16.76855	803
16.77673	787
16.78491	772
16.79309	765
16.80126	747
16.80943	750
16.81759	747
16.82576	723
16.83392	724
16.84207	702
16.85023	710
16.85838	691
16.86653	687
16.87467	677
16.88281	667
16.89095	664
16.89908	677
16.90721	683
16.91534	675
16.92347	682
16.93159	669
16.93971	672
16.94782	669
16.95594	651
16.96405	631
16.97215	604
16.98026	578
16.98836	541
16.99645	483
17.00455	409
17.01264	352
17.02072	320
17.02881	309
17.03689	290
17.04497	276
17.05304	267
17.06111	271
17.06918	259