15.000   0.10000E+18            0.00354          0.19941          0.66443          0.13111          0.00149          0.00000          0.00000          0.00000          0.00000          0.00000
15.000   0.10000E+19            0.00404          0.20582          0.66044          0.12824          0.00145          0.00000          0.00000          0.00000          0.00000          0.00000
15.000   0.10000E+20            0.01014          0.26471          0.62019          0.10383          0.00109          0.00000          0.00000          0.00000          0.00000          0.00000
15.000   0.10000E+21            0.11805          0.52454          0.33228          0.02339          0.00014          0.00000          0.00000          0.00000          0.00000          0.00000
15.000   0.10000E+22            0.61105          0.29202          0.02230          0.00023          0.00000          0.00000          0.00000          0.00000          0.00000          0.00000
15.000   0.10000E+23            0.34539          0.01663          0.00013          0.00000          0.00000          0.00000          0.00000          0.00000          0.00000          0.00000
16.000   0.10000E+18            0.00123          0.10866          0.63514          0.24855          0.00640          0.00001          0.00000          0.00000          0.00000          0.00000
16.000   0.10000E+19            0.00141          0.11274          0.63500          0.24459          0.00625          0.00001          0.00000          0.00000          0.00000          0.00000
16.000   0.10000E+20            0.00369          0.15237          0.62942          0.20952          0.00498          0.00001          0.00000          0.00000          0.00000          0.00000
16.000   0.10000E+21            0.05819          0.41133          0.46352          0.06544          0.00092          0.00000          0.00000          0.00000          0.00000          0.00000
16.000   0.10000E+22            0.51080          0.38880          0.05297          0.00111          0.00000          0.00000          0.00000          0.00000          0.00000          0.00000
16.000   0.10000E+23            0.42626          0.03270          0.00045          0.00000          0.00000          0.00000          0.00000          0.00000          0.00000          0.00000
17.000   0.10000E+18            0.00042          0.05570          0.53702          0.38627          0.02051          0.00008          0.00000          0.00000          0.00000          0.00000
17.000   0.10000E+19            0.00049          0.05802          0.53934          0.38194          0.02014          0.00008          0.00000          0.00000          0.00000          0.00000
17.000   0.10000E+20            0.00131          0.08151          0.55804          0.34227          0.01681          0.00006          0.00000          0.00000          0.00000          0.00000
17.000   0.10000E+21            0.02680          0.28689          0.54027          0.14168          0.00413          0.00001          0.00000          0.00000          0.00000          0.00000
17.000   0.10000E+22            0.40040          0.46209          0.10549          0.00411          0.00002          0.00000          0.00000          0.00000          0.00000          0.00000
17.000   0.10000E+23            0.49151          0.05717          0.00133          0.00001          0.00000          0.00000          0.00000          0.00000          0.00000          0.00000
18.000   0.10000E+18            0.00014          0.02720          0.41082          0.50968          0.05174          0.00042          0.00000          0.00000          0.00000          0.00000
18.000   0.10000E+19            0.00017          0.02842          0.41409          0.50592          0.05099          0.00041          0.00000          0.00000          0.00000          0.00000
18.000   0.10000E+20            0.00046          0.04117          0.44353          0.47029          0.04420          0.00034          0.00000          0.00000          0.00000          0.00000
18.000   0.10000E+21            0.01170          0.18206          0.54376          0.24838          0.01395          0.00008          0.00000          0.00000          0.00000          0.00000
18.000   0.10000E+22            0.29539          0.49594          0.18003          0.01229          0.00014          0.00000          0.00000          0.00000          0.00000          0.00000
18.000   0.10000E+23            0.53672          0.09083          0.00337          0.00002          0.00000          0.00000          0.00000          0.00000          0.00000          0.00000
19.000   0.10000E+18            0.00005          0.01281          0.29010          0.58831          0.10703          0.00171          0.00000          0.00000          0.00000          0.00000
19.000   0.10000E+19            0.00006          0.01341          0.29325          0.58579          0.10581          0.00169          0.00000          0.00000          0.00000          0.00000
19.000   0.10000E+20            0.00016          0.01991          0.32296          0.56094          0.09458          0.00145          0.00000          0.00000          0.00000          0.00000
19.000   0.10000E+21            0.00490          0.10705          0.48507          0.36551          0.03702          0.00042          0.00000          0.00000          0.00000          0.00000
19.000   0.10000E+22            0.20598          0.48576          0.26820          0.03034          0.00062          0.00000          0.00000          0.00000          0.00000          0.00000
19.000   0.10000E+23            0.56040          0.13323          0.00752          0.00009          0.00000          0.00000          0.00000          0.00000          0.00000          0.00000
20.000   0.10000E+18            0.00002          0.00587          0.19220          0.60857          0.18777          0.00556          0.00002          0.00000          0.00000          0.00000
20.000   0.10000E+19            0.00002          0.00616          0.19473          0.60747          0.18611          0.00549          0.00002          0.00000          0.00000          0.00000
20.000   0.10000E+20            0.00005          0.00932          0.21930          0.59588          0.17058          0.00486          0.00001          0.00000          0.00000          0.00000
20.000   0.10000E+21            0.00199          0.05919          0.39180          0.46495          0.08036          0.00170          0.00000          0.00000          0.00000          0.00000
20.000   0.10000E+22            0.13641          0.43850          0.35450          0.06343          0.00221          0.00001          0.00000          0.00000          0.00000          0.00000
20.000   0.10000E+23            0.56317          0.18252          0.01509          0.00028          0.00000          0.00000          0.00000          0.00000          0.00000          0.00000
21.000   0.10000E+18            0.00001          0.00264          0.12092          0.57468          0.28681          0.01487          0.00008          0.00000          0.00000          0.00000
21.000   0.10000E+19            0.00001          0.00277          0.12274          0.57480          0.28488          0.01472          0.00008          0.00000          0.00000          0.00000
21.000   0.10000E+20            0.00002          0.00426          0.14075          0.57507          0.26654          0.01330          0.00007          0.00000          0.00000          0.00000
21.000   0.10000E+21            0.00079          0.03116          0.29162          0.52368          0.14725          0.00547          0.00002          0.00000          0.00000          0.00000
21.000   0.10000E+22            0.08623          0.36815          0.42175          0.11466          0.00654          0.00007          0.00000          0.00000          0.00000          0.00000
21.000   0.10000E+23            0.54723          0.23558          0.02761          0.00079          0.00001          0.00000          0.00000          0.00000          0.00000          0.00000
22.000   0.10000E+18            0.00000          0.00117          0.07290          0.50254          0.38939          0.03368          0.00032          0.00000          0.00000          0.00000
22.000   0.10000E+19            0.00000          0.00123          0.07411          0.50349          0.38746          0.03340          0.00031          0.00000          0.00000          0.00000
22.000   0.10000E+20            0.00001          0.00191          0.08625          0.51204          0.36879          0.03071          0.00028          0.00000          0.00000          0.00000
22.000   0.10000E+21            0.00031          0.01578          0.20291          0.53257          0.23377          0.01455          0.00011          0.00000          0.00000          0.00000
22.000   0.10000E+22            0.05229          0.28988          0.45739          0.18249          0.01633          0.00029          0.00000          0.00000          0.00000          0.00000
22.000   0.10000E+23            0.51577          0.28835          0.04655          0.00196          0.00002          0.00000          0.00000          0.00000          0.00000          0.00000
23.000   0.10000E+18            0.00000          0.00051          0.04244          0.41182          0.47800          0.06616          0.00107          0.00000          0.00000          0.00000
23.000   0.10000E+19            0.00000          0.00054          0.04320          0.41318          0.47633          0.06570          0.00106          0.00000          0.00000          0.00000
23.000   0.10000E+20            0.00000          0.00085          0.05089          0.42599          0.45998          0.06132          0.00097          0.00000          0.00000          0.00000
23.000   0.10000E+21            0.00012          0.00774          0.13351          0.49693          0.32844          0.03282          0.00044          0.00000          0.00000          0.00000
23.000   0.10000E+22            0.03056          0.21570          0.45721          0.25968          0.03518          0.00100          0.00001          0.00000          0.00000          0.00000
23.000   0.10000E+23            0.47261          0.33642          0.07299          0.00438          0.00007          0.00000          0.00000          0.00000          0.00000          0.00000
24.000   0.10000E+18            0.00000          0.00022          0.02401          0.31950          0.53833          0.11489          0.00304          0.00001          0.00000          0.00000
24.000   0.10000E+19            0.00000          0.00024          0.02446          0.32092          0.53711          0.11423          0.00302          0.00001          0.00000          0.00000
24.000   0.10000E+20            0.00000          0.00037          0.02911          0.33469          0.52503          0.10797          0.00280          0.00001          0.00000          0.00000
24.000   0.10000E+21            0.00005          0.00371          0.08387          0.43108          0.41563          0.06424          0.00141          0.00000          0.00000          0.00000
24.000   0.10000E+22            0.01729          0.15268          0.42537          0.33484          0.06651          0.00295          0.00003          0.00000          0.00000          0.00000
24.000   0.10000E+23            0.42175          0.37566          0.10715          0.00891          0.00020          0.00000          0.00000          0.00000          0.00000          0.00000
25.000   0.10000E+18            0.00000          0.00010          0.01328          0.23667          0.56304          0.17935          0.00752          0.00004          0.00000          0.00000
25.000   0.10000E+19            0.00000          0.00010          0.01354          0.23796          0.56236          0.17853          0.00748          0.00004          0.00000          0.00000
25.000   0.10000E+20            0.00000          0.00016          0.01624          0.25058          0.55541          0.17055          0.00701          0.00004          0.00000          0.00000
25.000   0.10000E+21            0.00002          0.00174          0.05071          0.35156          0.48082          0.11126          0.00388          0.00002          0.00000          0.00000
25.000   0.10000E+22            0.00951          0.10343          0.37145          0.39579          0.11208          0.00749          0.00010          0.00000          0.00000          0.00000
25.000   0.10000E+23            0.36704          0.40282          0.14815          0.01668          0.00053          0.00000          0.00000          0.00000          0.00000          0.00000
26.000   0.10000E+18            0.00000          0.00004          0.00720          0.16858          0.55247          0.25519          0.01639          0.00014          0.00000          0.00000
26.000   0.10000E+19            0.00000          0.00004          0.00735          0.16963          0.55229          0.25425          0.01630          0.00014          0.00000          0.00000
26.000   0.10000E+20            0.00000          0.00007          0.00888          0.18008          0.55028          0.24512          0.01543          0.00013          0.00000          0.00000
26.000   0.10000E+21            0.00001          0.00081          0.02971          0.27205          0.51485          0.17325          0.00926          0.00007          0.00000          0.00000
26.000   0.10000E+22            0.00510          0.06740          0.30671          0.43316          0.17055          0.01666          0.00035          0.00000          0.00000          0.00000
26.000   0.10000E+23            0.31190          0.41601          0.19391          0.02896          0.00128          0.00002          0.00000          0.00000          0.00000          0.00000
27.000   0.10000E+18            0.00000          0.00002          0.00385          0.11612          0.51286          0.33478          0.03195          0.00042          0.00000          0.00000
27.000   0.10000E+19            0.00000          0.00002          0.00393          0.11693          0.51309          0.33382          0.03180          0.00042          0.00000          0.00000
27.000   0.10000E+20            0.00000          0.00003          0.00478          0.12499          0.51508          0.32437          0.03036          0.00039          0.00000          0.00000
27.000   0.10000E+21            0.00000          0.00037          0.01696          0.20132          0.51565          0.24590          0.01957          0.00023          0.00000          0.00000
27.000   0.10000E+22            0.00267          0.04245          0.24101          0.44276          0.23703          0.03298          0.00105          0.00001          0.00000          0.00000
27.000   0.10000E+23            0.25910          0.41484          0.24132          0.04690          0.00282          0.00005          0.00000          0.00000          0.00000          0.00000
28.000   0.10000E+18            0.00000          0.00001          0.00203          0.07773          0.45366          0.40897          0.05647          0.00113          0.00000          0.00000
28.000   0.10000E+19            0.00000          0.00001          0.00208          0.07832          0.45416          0.40807          0.05624          0.00112          0.00000          0.00000
28.000   0.10000E+20            0.00000          0.00001          0.00254          0.08422          0.45888          0.39922          0.05407          0.00107          0.00000          0.00000
28.000   0.10000E+21            0.00000          0.00017          0.00947          0.14341          0.48736          0.32180          0.03711          0.00067          0.00000          0.00000
28.000   0.10000E+22            0.00138          0.02594          0.18126          0.42592          0.30389          0.05884          0.00273          0.00003          0.00000          0.00000
28.000   0.10000E+23            0.21063          0.40037          0.28667          0.07130          0.00572          0.00014          0.00000          0.00000          0.00000          0.00000
29.000   0.10000E+18            0.00000          0.00000          0.00106          0.05078          0.38475          0.46917          0.09151          0.00270          0.00001          0.00000
29.000   0.10000E+19            0.00000          0.00000          0.00109          0.05119          0.38539          0.46842          0.09121          0.00269          0.00001          0.00000
29.000   0.10000E+20            0.00000          0.00001          0.00133          0.05532          0.39158          0.46097          0.08820          0.00258          0.00001          0.00000
29.000   0.10000E+21            0.00000          0.00008          0.00520          0.09888          0.43798          0.39217          0.06398          0.00170          0.00001          0.00000
29.000   0.10000E+22            0.00070          0.01544          0.13112          0.38817          0.36251          0.09565          0.00631          0.00009          0.00000          0.00000
29.000   0.10000E+23            0.16775          0.37480          0.32621          0.10227          0.01074          0.00035          0.00000          0.00000          0.00000          0.00000
30.000   0.10000E+18            0.00000          0.00000          0.00055          0.03249          0.31454          0.50921          0.13731          0.00585          0.00004          0.00000
30.000   0.10000E+19            0.00000          0.00000          0.00056          0.03277          0.31522          0.50866          0.13692          0.00583          0.00004          0.00000
30.000   0.10000E+20            0.00000          0.00000          0.00069          0.03556          0.32183          0.50313          0.13312          0.00561          0.00004          0.00000
30.000   0.10000E+21            0.00000          0.00003          0.00282          0.06631          0.37667          0.44885          0.10139          0.00390          0.00003          0.00000
30.000   0.10000E+22            0.00035          0.00898          0.09164          0.33713          0.40547          0.14304          0.01312          0.00027          0.00000          0.00000
30.000   0.10000E+23            0.13102          0.34100          0.35672          0.13905          0.01883          0.00083          0.00001          0.00000          0.00000          0.00000
31.000   0.10000E+18            0.00000          0.00000          0.00029          0.02043          0.24902          0.52621          0.19237          0.01158          0.00012          0.00000
31.000   0.10000E+19            0.00000          0.00000          0.00029          0.02061          0.24966          0.52587          0.19191          0.01154          0.00012          0.00000
31.000   0.10000E+20            0.00000          0.00000          0.00036          0.02245          0.25597          0.52250          0.18744          0.01116          0.00011          0.00000
31.000   0.10000E+21            0.00000          0.00002          0.00151          0.04343          0.31177          0.48604          0.14906          0.00810          0.00008          0.00000
31.000   0.10000E+22            0.00017          0.00512          0.06212          0.28049          0.42807          0.19848          0.02483          0.00072          0.00000          0.00000
31.000   0.10000E+23            0.10048          0.30211          0.37598          0.17997          0.03095          0.00179          0.00003          0.00000          0.00000          0.00000
32.000   0.10000E+18            0.00000          0.00000          0.00015          0.01265          0.19168          0.52062          0.25348          0.02111          0.00031          0.00000
32.000   0.10000E+19            0.00000          0.00000          0.00015          0.01277          0.19224          0.52050          0.25298          0.02105          0.00031          0.00000
32.000   0.10000E+20            0.00000          0.00000          0.00019          0.01395          0.19783          0.51919          0.24810          0.02045          0.00030          0.00000
32.000   0.10000E+21            0.00000          0.00001          0.00080          0.02787          0.24954          0.50116          0.20498          0.01543          0.00021          0.00000
32.000   0.10000E+22            0.00008          0.00287          0.04098          0.22458          0.42914          0.25745          0.04314          0.00174          0.00002          0.00000
32.000   0.10000E+23            0.07573          0.26111          0.38299          0.22258          0.04797          0.00359          0.00009          0.00000          0.00000          0.00000
33.000   0.10000E+18            0.00000          0.00000          0.00008          0.00774          0.14395          0.49555          0.31617          0.03577          0.00073          0.00000
33.000   0.10000E+19            0.00000          0.00000          0.00008          0.00781          0.14442          0.49561          0.31567          0.03568          0.00073          0.00000
33.000   0.10000E+20            0.00000          0.00000          0.00010          0.00856          0.14909          0.49607          0.31069          0.03479          0.00071          0.00000
33.000   0.10000E+21            0.00000          0.00000          0.00042          0.01758          0.19397          0.49478          0.26555          0.02717          0.00052          0.00000
33.000   0.10000E+22            0.00004          0.00158          0.02640          0.17377          0.41069          0.31427          0.06939          0.00381          0.00005          0.00000
33.000   0.10000E+23            0.05616          0.22051          0.37797          0.26396          0.07043          0.00674          0.00022          0.00000          0.00000          0.00000
34.000   0.10000E+18            0.00000          0.00000          0.00004          0.00468          0.10580          0.45571          0.37542          0.05673          0.00161          0.00001
34.000   0.10000E+19            0.00000          0.00000          0.00004          0.00473          0.10617          0.45590          0.37495          0.05660          0.00160          0.00001
34.000   0.10000E+20            0.00000          0.00000          0.00005          0.00519          0.10991          0.45771          0.37020          0.05536          0.00156          0.00001
34.000   0.10000E+21            0.00000          0.00000          0.00022          0.01093          0.14695          0.47000          0.32611          0.04459          0.00119          0.00001
34.000   0.10000E+22            0.00002          0.00086          0.01665          0.13041          0.37697          0.36320          0.10408          0.00767          0.00013          0.00000
34.000   0.10000E+23            0.04102          0.18226          0.36222          0.30111          0.09835          0.01186          0.00049          0.00001          0.00000          0.00000
35.000   0.10000E+18            0.00000          0.00000          0.00002          0.00281          0.07629          0.40639          0.42646          0.08474          0.00326          0.00002
35.000   0.10000E+19            0.00000          0.00000          0.00002          0.00284          0.07658          0.40667          0.42604          0.08458          0.00326          0.00002
35.000   0.10000E+20            0.00000          0.00000          0.00003          0.00312          0.07947          0.40938          0.42183          0.08297          0.00318          0.00002
35.000   0.10000E+21            0.00000          0.00000          0.00012          0.00671          0.10885          0.43138          0.38173          0.06870          0.00249          0.00002
35.000   0.10000E+22            0.00001          0.00046          0.01031          0.09525          0.33330          0.39950          0.14657          0.01425          0.00034          0.00000
35.000   0.10000E+23            0.02954          0.14764          0.33779          0.33135          0.13113          0.01971          0.00105          0.00002          0.00000          0.00000
36.000   0.10000E+18            0.00000          0.00000          0.00001          0.00167          0.05411          0.35258          0.46547          0.11992          0.00617          0.00006
36.000   0.10000E+19            0.00000          0.00000          0.00001          0.00169          0.05432          0.35291          0.46513          0.11972          0.00616          0.00006
36.000   0.10000E+20            0.00000          0.00000          0.00001          0.00186          0.05650          0.35611          0.46169          0.11774          0.00603          0.00006
36.000   0.10000E+21            0.00000          0.00000          0.00006          0.00408          0.07905          0.38399          0.42799          0.09993          0.00485          0.00005
36.000   0.10000E+22            0.00000          0.00025          0.00628          0.06791          0.28494          0.42024          0.19492          0.02467          0.00079          0.00001
36.000   0.10000E+23            0.02099          0.11739          0.30712          0.35267          0.16750          0.03102          0.00210          0.00005          0.00000          0.00000
37.000   0.10000E+18            0.00000          0.00000          0.00001          0.00099          0.03782          0.29847          0.49005          0.16156          0.01096          0.00015
37.000   0.10000E+19            0.00000          0.00000          0.00001          0.00100          0.03797          0.29881          0.48980          0.16132          0.01094          0.00015
37.000   0.10000E+20            0.00000          0.00000          0.00001          0.00110          0.03957          0.30216          0.48727          0.15902          0.01072          0.00015
37.000   0.10000E+21            0.00000          0.00000          0.00003          0.00246          0.05643          0.33259          0.46156          0.13799          0.00883          0.00012
37.000   0.10000E+22            0.00000          0.00013          0.00377          0.04738          0.23634          0.42457          0.24608          0.04001          0.00169          0.00002
37.000   0.10000E+23            0.01472          0.09172          0.27274          0.36391          0.20564          0.04645          0.00395          0.00012          0.00000          0.00000
38.000   0.10000E+18            0.00000          0.00000          0.00000          0.00058          0.02609          0.24715          0.49936          0.20812          0.01835          0.00033
38.000   0.10000E+19            0.00000          0.00000          0.00000          0.00059          0.02621          0.24748          0.49921          0.20787          0.01831          0.00033
38.000   0.10000E+20            0.00000          0.00000          0.00000          0.00065          0.02735          0.25073          0.49762          0.20532          0.01799          0.00033
38.000   0.10000E+21            0.00000          0.00000          0.00002          0.00147          0.03967          0.28111          0.48059          0.18177          0.01512          0.00027
38.000   0.10000E+22            0.00000          0.00007          0.00224          0.03244          0.19079          0.41358          0.29634          0.06113          0.00337          0.00005
38.000   0.10000E+23            0.01021          0.07051          0.23694          0.36486          0.24332          0.06642          0.00699          0.00026          0.00000          0.00000
39.000   0.10000E+18            0.00000          0.00000          0.00000          0.00034          0.01780          0.20064          0.49400          0.25740          0.02912          0.00070
39.000   0.10000E+19            0.00000          0.00000          0.00000          0.00034          0.01788          0.20094          0.49393          0.25713          0.02907          0.00070
39.000   0.10000E+20            0.00000          0.00000          0.00000          0.00038          0.01869          0.20392          0.49325          0.25445          0.02861          0.00069
39.000   0.10000E+21            0.00000          0.00000          0.00001          0.00087          0.02752          0.23243          0.48475          0.22936          0.02449          0.00057
39.000   0.10000E+22            0.00000          0.00004          0.00132          0.02183          0.15031          0.38978          0.34186          0.08848          0.00627          0.00011
39.000   0.10000E+23            0.00701          0.05338          0.20168          0.35614          0.27820          0.09098          0.01174          0.00055          0.00001          0.00000
40.000   0.10000E+18            0.00000          0.00000          0.00000          0.00020          0.01202          0.16000          0.47570          0.30668          0.04400          0.00138
40.000   0.10000E+19            0.00000          0.00000          0.00000          0.00020          0.01208          0.16027          0.47572          0.30641          0.04394          0.00138
40.000   0.10000E+20            0.00000          0.00000          0.00000          0.00022          0.01264          0.16289          0.47583          0.30373          0.04332          0.00135
40.000   0.10000E+21            0.00000          0.00000          0.00000          0.00052          0.01886          0.18844          0.47505          0.27828          0.03770          0.00114
40.000   0.10000E+22            0.00000          0.00002          0.00077          0.01448          0.11586          0.35653          0.37925          0.12185          0.01099          0.00025
40.000   0.10000E+23            0.00476          0.03985          0.16842          0.33906          0.30809          0.11972          0.01878          0.00109          0.00002          0.00000
41.000   0.10000E+18            0.00000          0.00000          0.00000          0.00012          0.00805          0.12556          0.44699          0.35313          0.06357          0.00256
41.000   0.10000E+19            0.00000          0.00000          0.00000          0.00012          0.00809          0.12578          0.44707          0.35287          0.06349          0.00256
41.000   0.10000E+20            0.00000          0.00000          0.00000          0.00013          0.00848          0.12801          0.44782          0.35032          0.06270          0.00252
41.000   0.10000E+21            0.00000          0.00000          0.00000          0.00030          0.01280          0.15009          0.45350          0.32574          0.05539          0.00216
41.000   0.10000E+22            0.00000          0.00001          0.00044          0.00948          0.08757          0.31740          0.40598          0.16038          0.01819          0.00054
41.000   0.10000E+23            0.00320          0.02935          0.13816          0.31537          0.33119          0.15179          0.02869          0.00206          0.00005          0.00000
42.000   0.10000E+18            0.00000          0.00000          0.00000          0.00007          0.00535          0.09711          0.41072          0.39407          0.08812          0.00452
42.000   0.10000E+19            0.00000          0.00000          0.00000          0.00007          0.00538          0.09729          0.41084          0.39384          0.08802          0.00451
42.000   0.10000E+20            0.00000          0.00000          0.00000          0.00008          0.00564          0.09914          0.41208          0.39152          0.08705          0.00445
42.000   0.10000E+21            0.00000          0.00000          0.00000          0.00018          0.00861          0.11764          0.42273          0.36897          0.07796          0.00386
42.000   0.10000E+22            0.00000          0.00000          0.00025          0.00613          0.06503          0.27571          0.42069          0.20249          0.02860          0.00108
42.000   0.10000E+23            0.00213          0.02136          0.11147          0.28702          0.34627          0.18587          0.04199          0.00368          0.00012          0.00000
43.000   0.10000E+18            0.00000          0.00000          0.00000          0.00004          0.00353          0.07413          0.36975          0.42728          0.11757          0.00758
43.000   0.10000E+19            0.00000          0.00000          0.00000          0.00004          0.00355          0.07428          0.36991          0.42708          0.11745          0.00758
43.000   0.10000E+20            0.00000          0.00000          0.00000          0.00004          0.00373          0.07577          0.37147          0.42510          0.11630          0.00748
43.000   0.10000E+21            0.00000          0.00000          0.00000          0.00010          0.00574          0.09090          0.38556          0.40555          0.10548          0.00658
43.000   0.10000E+22            0.00000          0.00000          0.00014          0.00393          0.04754          0.23421          0.42316          0.24608          0.04287          0.00205
43.000   0.10000E+23            0.00141          0.01536          0.08855          0.25596          0.35276          0.22033          0.05905          0.00628          0.00025          0.00000
44.000   0.10000E+18            0.00000          0.00000          0.00000          0.00002          0.00232          0.05592          0.32672          0.45119          0.15143          0.01217
44.000   0.10000E+19            0.00000          0.00000          0.00000          0.00002          0.00233          0.05604          0.32689          0.45103          0.15130          0.01216
44.000   0.10000E+20            0.00000          0.00000          0.00000          0.00003          0.00245          0.05722          0.32862          0.44945          0.14999          0.01202
44.000   0.10000E+21            0.00000          0.00000          0.00000          0.00006          0.00380          0.06932          0.34474          0.43358          0.13760          0.01069
44.000   0.10000E+22            0.00000          0.00000          0.00008          0.00249          0.03426          0.19498          0.41422          0.28874          0.06149          0.00367
44.000   0.10000E+23            0.00092          0.01093          0.06932          0.22396          0.35075          0.25335          0.08000          0.01022          0.00051          0.00001
45.000   0.10000E+18            0.00000          0.00000          0.00000          0.00001          0.00151          0.04174          0.28380          0.46496          0.18879          0.01874
45.000   0.10000E+19            0.00000          0.00000          0.00000          0.00001          0.00152          0.04183          0.28398          0.46484          0.18864          0.01872
45.000   0.10000E+20            0.00000          0.00000          0.00000          0.00001          0.00160          0.04275          0.28576          0.46370          0.18721          0.01852
45.000   0.10000E+21            0.00000          0.00000          0.00000          0.00004          0.00250          0.05225          0.30270          0.45190          0.17356          0.01666
45.000   0.10000E+22            0.00000          0.00000          0.00005          0.00157          0.02438          0.15935          0.39551          0.32805          0.08471          0.00625
45.000   0.10000E+23            0.00060          0.00770          0.05353          0.19250          0.34091          0.28316          0.10465          0.01594          0.00096          0.00002
