   7.15970000000000       0.138932950835590     
   7.17100000000000       0.133468474186649     
   7.18231000000000       0.185997815053184     
   7.19360000000000       0.256867153254519     
   7.20490000000000       0.279814961006651     
   7.21619000000000       0.273071680467552     
   7.22748000000000       0.251845600113079     
   7.23877000000000       0.256198781431981     
   7.25005000000000       0.290561475509935     
   7.26133000000000       0.291085308436427     
   7.27261000000000       0.311266874369730     
   7.28388000000000       0.295432358622974     
   7.29515000000000       0.320130553663558     
   7.30642000000000       0.372901983724004     
   7.31768000000000       0.427592494877101     
   7.32894000000000       0.488524126304263     
   7.34020000000000       0.478040809602157     
   7.35146000000000       0.471297792291801     
   7.36271000000000       0.492092223634054     
   7.37396000000000       0.433225685197696     
   7.38520000000000       0.349943761425293     
   7.39644000000000       0.260126208863932     
   7.40768000000000       0.225291403597606     
   7.41892000000000       0.267156312161668     
   7.43015000000000       0.359694589284235     
   7.44138000000000       0.387646389100177     
   7.45261000000000       0.363118647036049     
   7.46383000000000       0.287411480523451     
   7.47505000000000       0.233510270513634     
   7.48626000000000       0.198868780581865     
   7.49748000000000       0.189101037804485     
   7.50869000000000       0.177724872284238     
   7.51990000000000       0.220709823880031     
   7.53110000000000       0.288502167406875     
   7.54230000000000       0.338624781449752     
   7.55350000000000       0.378364662991606     
   7.56469000000000       0.473165384927971     
   7.57588000000000       0.505156766026081     
   7.58707000000000       0.451939758155469     
   7.59826000000000       0.414086941554526     
   7.60944000000000       0.414014860985826     
   7.62062000000000       0.384775367059737     
   7.63179000000000       0.340822725668912     
   7.64296000000000       0.283484857981241     
   7.65413000000000       0.246899585500205     
   7.66530000000000       0.203788008249722     
   7.67646000000000       0.165729142118687     
   7.68762000000000       0.118305918446585     
   7.69878000000000       9.738221656631378E-002
   7.70993000000000       8.907369307034309E-002
   7.72108000000000       9.175537563518123E-002
   7.73223000000000       9.938793101664199E-002
   7.74337000000000       9.349106178711235E-002
   7.75451000000000       9.213265997834991E-002
   7.76565000000000       9.868197141005607E-002
   7.77678000000000       0.102220303436121     
   7.78791000000000       9.791950071831941E-002
   7.79904000000000       9.592366649610795E-002
   7.81017000000000       9.462501253519998E-002
   7.82129000000000       9.293806175697365E-002
   7.83241000000000       9.528959552768752E-002
   7.84352000000000       9.680819665115492E-002
   7.85463000000000       9.705258659827412E-002
   7.86574000000000       9.443255999302862E-002
   7.87685000000000       9.220338847767799E-002
   7.88795000000000       9.110117792036816E-002
   7.89905000000000       9.452587414933226E-002
   7.91015000000000       9.623508742563862E-002
   7.92124000000000       9.395809395603187E-002
   7.93233000000000       9.647600124745374E-002
   7.94342000000000       0.100018182499226     
   7.95450000000000       0.101101903146758     
   7.96558000000000       0.109303480260654     
   7.97666000000000       0.123611263499051     
   7.98773000000000       0.127939899609988     
   7.99880000000000       0.120901823170825     
   8.00987000000000       0.117901567469485     
   8.02093000000000       0.118887870444295     
   8.03200000000000       0.117718536916621     
   8.04305000000000       0.115733339222270     
   8.05411000000000       0.112658506982092     
   8.06516000000000       0.113099015269751     
   8.07621000000000       0.120182687137794     
   8.08726000000000       0.124870266068992     
   8.09830000000000       0.122849126557472     
   8.10934000000000       0.124012133064051     
   8.12037000000000       0.132010566070715     
   8.13141000000000       0.140337346475071     
   8.14244000000000       0.146368948628333     
   8.15346000000000       0.151466472866670     
   8.16449000000000       0.149683141851074     
   8.17551000000000       0.152109785034674     
   8.18652000000000       0.160341097639245     
   8.19754000000000       0.159764354055945     
   8.20855000000000       0.157582389825914     
   8.21955000000000       0.149183774346404     
   8.23056000000000       0.134085382920058     
   8.24156000000000       0.121822833359074     
   8.25256000000000       0.116820972455071     
   8.26355000000000       0.122976923924876     
   8.27454000000000       0.126590112477945     
   8.28553000000000       0.123901727978105     
   8.29652000000000       0.122665749325793     
   8.30750000000000       0.127680924785413     
   8.31848000000000       0.136704868661767     
   8.32946000000000       0.149966324338062     
   8.34043000000000       0.162890744871297     
   8.35140000000000       0.181507154417850     
   8.36236000000000       0.196570933290493     
   8.37333000000000       0.200164413546205     
   8.38429000000000       0.201503415975569     
   8.39524000000000       0.223260885875850     
   8.40620000000000       0.259469857740683     
   8.41715000000000       0.318016963590169     
   8.42810000000000       0.349088543310088     
   8.43904000000000       0.351570414877532     
   8.44998000000000       0.401121318739346     
   8.46092000000000       0.434161178381737     
   8.47185000000000       0.405347395215029     
   8.48278000000000       0.397542946335217     
   8.49371000000000       0.467380860097040     
   8.50464000000000       0.447723781627625     
   8.51556000000000       0.349734820306107     
   8.52648000000000       0.294311828964383     
   8.53739000000000       0.258597684158042     
   8.54831000000000       0.250884749660551     
   8.55922000000000       0.254047384173015     
   8.57012000000000       0.254509214656720     
   8.58103000000000       0.255161514589602     
   8.59193000000000       0.258352744401266     
   8.60282000000000       0.265566902120788     
   8.61372000000000       0.263888349825473     
   8.62461000000000       0.256134047805343     
   8.63549000000000       0.251049928866404     
   8.64638000000000       0.258539971406460     
   8.65726000000000       0.265615932518902     
   8.66814000000000       0.287634314810696     
   8.67901000000000       0.325122578164204     
   8.68988000000000       0.345823915659775     
   8.70075000000000       0.354456818317826     
   8.71161000000000       0.378207483961087     
   8.72248000000000       0.400924014081347     
   8.73333000000000       0.404273477029425     
   8.74419000000000       0.390442140929245     
   8.75504000000000       0.363522516572086     
   8.76589000000000       0.348204023987936     
   8.77674000000000       0.352166919377411     
   8.78758000000000       0.382011733151112     
   8.79842000000000       0.410941023876715     
   8.80926000000000       0.459082061991725     
   8.82009000000000       0.527544910147786     
   8.83092000000000       0.564521177909727     
   8.84175000000000       0.641543205539189     
   8.85257000000000       0.748529507510466     
   8.86339000000000       0.707899886546952     
   8.87421000000000       0.660593877893706     
   8.88502000000000       0.702730032618344     
   8.89583000000000       0.719373642599664     
   8.90664000000000       0.718413457257838     
   8.91745000000000       0.687560553305499     
   8.92825000000000       0.688231498636109     
   8.93905000000000       0.798778521735826     
   8.94984000000000       0.933900190635954     
   8.96063000000000        1.02138806092978     
   8.97142000000000        1.09240935421254     
   8.98221000000000        1.16309357783503     
   8.99299000000000        1.22114062906136     
   9.00377000000000        1.28948427022106     
   9.01455000000000        1.31860752288268     
   9.02532000000000        1.31624240054763     
   9.03609000000000        1.32267263592533     
   9.04686000000000        1.21980271387202     
   9.05762000000000        1.08564664751399     
   9.06838000000000        1.05181233792395     
   9.07914000000000        1.04288879224825     
   9.08989000000000       0.998794941751744     
   9.10064000000000       0.932932844705995     
   9.11139000000000       0.926058885667707     
   9.12214000000000        1.02846661895581     
   9.13288000000000        1.16250838386698     
   9.14362000000000        1.20153921230522     
   9.15435000000000        1.23869227917807     
   9.16508000000000        1.33713603343236     
   9.17581000000000        1.44631530336568     
   9.18654000000000        1.56147605186071     
   9.19726000000000        1.60307725315954     
   9.20798000000000        1.67193506095856     
   9.21870000000000        1.78018100829653     
   9.22941000000000        1.87682098772331     
   9.24012000000000        1.84822380652765     
   9.25082000000000        1.74630369222762     
   9.26153000000000        1.63762665861035     
   9.27223000000000        1.56406648524339     
   9.28293000000000        1.53462818305024     
   9.29362000000000        1.49947516137603     
   9.30431000000000        1.50774107687838     
   9.31500000000000        1.54408306669799     
   9.32568000000000        1.55182710891533     
   9.33636000000000        1.63425697818373     
   9.34704000000000        1.83912815229570     
   9.35772000000000        2.11210015625127     
   9.36839000000000        2.26236788837869     
   9.37906000000000        2.30599488589795     
   9.38972000000000        2.44535081170571     
   9.40038000000000        2.70288494304016     
   9.41104000000000        2.87475263685944     
   9.42170000000000        2.84518284719252     
   9.43235000000000        2.81822724817989     
   9.44300000000000        2.95002403844484     
   9.45365000000000        3.09846066575834     
   9.46429000000000        3.14252370033308     
   9.47493000000000        3.12778235579428     
   9.48557000000000        3.00434191501624     
   9.49620000000000        2.74174988281281     
   9.50683000000000        2.50565221544265     
   9.51746000000000        2.41010370706762     
   9.52808000000000        2.35240033392917     
   9.53871000000000        2.25119474170013     
   9.54932000000000        2.13898520308951     
   9.55994000000000        2.07717321253586     
   9.57055000000000        2.14588447454639     
   9.58116000000000        2.35688265727528     
   9.59176000000000        2.65325434293678     
   9.60237000000000        2.83588112911912     
   9.61296000000000        2.86369724374473     
   9.62356000000000        2.90992787790092     
   9.63415000000000        3.02698661939901     
   9.64474000000000        3.11065644971071     
   9.65533000000000        3.11162968767363     
   9.66591000000000        2.99212674550827     
   9.67649000000000        2.78344660000354     
   9.68707000000000        2.54489840790132     
   9.69764000000000        2.27197632232897     
   9.70821000000000        2.10220365745418     
   9.71878000000000        2.10243353667850     
   9.72934000000000        2.16320881837574     
   9.73990000000000        2.24764747810378     
   9.75046000000000        2.35742365140109     
   9.76102000000000        2.55185274439860     
   9.77157000000000        2.80217507835541     
   9.78212000000000        2.95988548980398     
   9.79266000000000        3.03470257485068     
   9.80320000000000        3.13079970117623     
   9.81374000000000        3.24594191126636     
   9.82428000000000        3.38792412023916     
   9.83481000000000        3.52553463554758     
   9.84534000000000        3.59737605565813     
   9.85586000000000        3.54753446688717     
   9.86639000000000        3.32229551103615     
   9.87691000000000        3.03178966247055     
   9.88742000000000        2.74567004022672     
   9.89794000000000        2.50935733007281     
   9.90845000000000        2.33349493193096     
   9.91895000000000        2.16857145015643     
   9.92946000000000        1.98874171630285     
   9.93996000000000        1.81413914433726     
   9.95046000000000        1.70837609557031     
   9.96095000000000        1.67186274198734     
   9.97144000000000        1.63524225182339     
   9.98193000000000        1.61889771847590     
   9.99242000000000        1.66887173017288     
   10.0029000000000        1.76490908003153     
   10.0133800000000        1.83214822349603     
   10.0238500000000        1.86944769992088     
   10.0343200000000        1.91084794712593     
   10.0447900000000        1.94976386330842     
   10.0552600000000        2.00589199137863     
   10.0657200000000        2.01897346190545     
   10.0761800000000        1.90535493591301     
   10.0866400000000        1.74532401769395     
   10.0970900000000        1.64304336402246     
   10.1075400000000        1.66056349096737     
   10.1179900000000        1.76531904158717     
   10.1284300000000        1.87422618402223     
   10.1388700000000        1.97164443306094     
   10.1493100000000        2.04899368226230     
   10.1597400000000        2.12264114829473     
   10.1701700000000        2.20811755386780     
   10.1806000000000        2.29803611804437     
   10.1910300000000        2.32788769182470     
   10.2014500000000        2.27691435435457     
   10.2118700000000        2.16429485057639     
   10.2222800000000        2.05448886622289     
   10.2326900000000        1.98830073103693     
   10.2431000000000        1.97251587473930     
   10.2535100000000        1.97933681621755     
   10.2639100000000        1.98819651098427     
   10.2743100000000        1.97939590996198     
   10.2847100000000        1.94841356534567     
   10.2951000000000        1.91192106077793     
   10.3054900000000        1.86221496701915     
   10.3158800000000        1.80326117516122     
   10.3262600000000        1.72307378933587     
   10.3366400000000        1.63505883013969     
   10.3470200000000        1.58782016305931     
   10.3573900000000        1.58658633468108     
   10.3677600000000        1.60214203537168     
   10.3781300000000        1.61242766233270     
   10.3884900000000        1.60305818175115     
   10.3988600000000        1.57782933444403     
   10.4092100000000        1.57533299445838     
   10.4195700000000        1.60285272852697     
   10.4299200000000        1.64025408579416     
   10.4402700000000        1.67848513799608     
   10.4506100000000        1.73176269675402     
   10.4609600000000        1.80730252290327     
   10.4713000000000        1.92437586009562     
   10.4816300000000        2.07370300605134     
   10.4919600000000        2.21332756218835     
   10.5022900000000        2.31016898382189     
   10.5126200000000        2.36028826010744     
   10.5229400000000        2.41043994768011     
   10.5332600000000        2.48309004292474     
   10.5435800000000        2.57112752686271     
   10.5539000000000        2.65226591545213     
   10.5642100000000        2.66343534550965     
   10.5745100000000        2.56358957528060     
   10.5848200000000        2.37401214763804     
   10.5951200000000        2.13698620208512     
   10.6054200000000        1.90277949351040     
   10.6157100000000        1.71964676213182     
   10.6260000000000        1.58253636459899     
   10.6362900000000        1.45524561748574     
   10.6465800000000        1.30694667645952     
   10.6568600000000        1.14173277188010     
   10.6671400000000       0.989218951844352     
   10.6774100000000       0.876498957122563     
   10.6876900000000       0.816353737795221     
   10.6979600000000       0.804978633034892     
   10.7082200000000       0.833269322063197     
   10.7184900000000       0.902547528610658     
   10.7287500000000        1.00874120302419     
   10.7390000000000        1.13576560052059     
   10.7492600000000        1.27469721140377     
   10.7595100000000        1.42101207622434     
   10.7697500000000        1.59491564058403     
   10.7800000000000        1.82820121942079     
   10.7902400000000        2.07603424908966     
   10.8004800000000        2.15113436810435     
   10.8107100000000        2.03726404149285     
   10.8209400000000        1.90468511944585     
   10.8311700000000        1.81237581705091     
   10.8414000000000        1.73254492199966     
   10.8516200000000        1.60674186568802     
   10.8618400000000        1.42888457359515     
   10.8720500000000        1.26741765649188     
   10.8822700000000        1.14774208339808     
   10.8924800000000        1.06203987866700     
   10.9026800000000        1.00810317928173     
   10.9128800000000       0.981066024163504     
   10.9230800000000       0.979970228375357     
   10.9332800000000       0.997244271951013     
   10.9434700000000        1.01448361651826     
   10.9536600000000        1.01679090170776     
   10.9638500000000        1.00881368916030     
   10.9740400000000        1.00068134547180     
   10.9842200000000       0.990420097062011     
   10.9943900000000       0.972265887531717     
   11.0045700000000       0.946788295646594     
   11.0147400000000       0.918617445569565     
   11.0249100000000       0.899131772625815     
   11.0350700000000       0.894830829556816     
   11.0452300000000       0.901187539865199     
   11.0553900000000       0.910802415201245     
   11.0655500000000       0.915326338383498     
   11.0757000000000       0.920986084270323     
   11.0858500000000       0.940699580954920     
   11.0960000000000       0.983465076383695     
   11.1061400000000        1.05550475607497     
   11.1162800000000        1.16677493748025     
   11.1264200000000        1.34170565906783     
   11.1365500000000        1.60370699114426     
   11.1466800000000        1.91970995152150     
   11.1568100000000        2.13339209663384     
   11.1669300000000        2.13990374967130     
   11.1770500000000        2.07674902640058     
   11.1871700000000        2.09143924457890     
   11.1972800000000        2.22890802996798     
   11.2073900000000        2.41605983630294     
   11.2175000000000        2.47920024455138     
   11.2276100000000        2.39906564175500     
   11.2377100000000        2.31951479104447     
   11.2478100000000        2.30694495892686     
   11.2579000000000        2.35590859401010     
   11.2679900000000        2.45690072567406     
   11.2780800000000        2.62073494514540     
   11.2881700000000        2.84762190229953     
   11.2982500000000        3.12466199508058     
   11.3083300000000        3.48526833995687     
   11.3184100000000        3.96854626898703     
   11.3284800000000        4.59421555045480     
   11.3385500000000        5.39349209054857     
   11.3486200000000        6.20198581435679     
   11.3586800000000        6.59915852079477     
   11.3687400000000        6.56617059067452     
   11.3788000000000        6.60248961041431     
   11.3888500000000        7.05626489533342     
   11.3989000000000        7.96198276805727     
   11.4089500000000        9.08429834120727     
   11.4189900000000        10.0957199393745     
   11.4290400000000        10.7676405050679     
   11.4390700000000        10.6739067892407     
   11.4491100000000        9.71977288556642     
   11.4591400000000        8.70378743603711     
   11.4691700000000        8.31615249181224     
   11.4792000000000        8.65646869724532     
   11.4892200000000        9.33724512587199     
   11.4992400000000        9.70748545246415     
   11.5092500000000        9.50201079074793     
   11.5192700000000        8.80429400968464     
   11.5292800000000        7.81071853970623     
   11.5392800000000        6.98210962550611     
   11.5492900000000        6.60563781223415     
   11.5592900000000        6.65713975015064     
   11.5692800000000        6.88284320624867     
   11.5792800000000        6.85875158997276     
   11.5892700000000        6.45590729027724     
   11.5992600000000        6.00767650727375     
   11.6092400000000        5.74708069428447     
   11.6192200000000        5.66361941083691     
   11.6292000000000        5.68127296399778     
   11.6391700000000        5.77394343087381     
   11.6491500000000        5.97538030770440     
   11.6591200000000        6.32312579397836     
   11.6690800000000        6.83934620146763     
   11.6790400000000        7.55414885213001     
   11.6890000000000        8.52537456380817     
   11.6989600000000        9.77679839392390     
   11.7089100000000        11.2015803324372     
   11.7188600000000        12.6159653819751     
   11.7288100000000        13.9498563122242     
   11.7387500000000        15.2956486256452     
   11.7486900000000        16.5635160860281     
   11.7586300000000        17.4162477272028     
   11.7685600000000        17.9087639657886     
   11.7784900000000        18.5461600641811     
   11.7884200000000        19.6885674650432     
   11.7983400000000        21.2731961180677     
   11.8082600000000        22.7893164350708     
   11.8181800000000        23.6684177431303     
   11.8281000000000        23.8043985103968     
   11.8380100000000        23.3489591283713     
   11.8479200000000        22.4387022323008     
   11.8578200000000        21.4737945285039     
   11.8677200000000        20.9252794648044     
   11.8776200000000        20.8963911291032     
   11.8875200000000        21.3347393909374     
   11.8974100000000        22.0253769168772     
   11.9073000000000        22.3186022439920     
   11.9171900000000        21.7126877205621     
   11.9270700000000        20.3912076853754     
   11.9369500000000        18.9569282693840     
   11.9468300000000        18.0282349383712     
   11.9567000000000        17.9008104445127     
   11.9665700000000        18.2942979554566     
   11.9764400000000        18.5894240036627     
   11.9863000000000        18.3202786099523     
   11.9961600000000        17.2744952995856     
   12.0060200000000        15.5810864467119     
   12.0158700000000        13.7492967597112     
   12.0257300000000        12.2775727533237     
   12.0355700000000        11.3899578548551     
   12.0454200000000        11.0511458505006     
   12.0552600000000        11.0554755024705     
   12.0651000000000        11.0660364820717     
   12.0749400000000        10.8579485894499     
   12.0847700000000        10.5604144514904     
   12.0946000000000        10.4366146476402     
   12.1044200000000        10.6183061718164     
   12.1142500000000        11.1289598883612     
   12.1240700000000        11.9494228400026     
   12.1338800000000        12.9793598814180     
   12.1437000000000        14.0132694836182     
   12.1535100000000        14.9136359666847     
   12.1633100000000        15.7674259666540     
   12.1731200000000        16.6798449265998     
   12.1829200000000        17.5270339375428     
   12.1927200000000        18.2738861738709     
   12.2025100000000        19.1466573939726     
   12.2123000000000        20.1925747492560     
   12.2220900000000        21.1434119192738     
   12.2318700000000        21.7584698582023     
   12.2416600000000        21.9075500868259     
   12.2514300000000        21.4023813260576     
   12.2612100000000        20.3420553354750     
   12.2709800000000        19.2953928277602     
   12.2807500000000        18.6526999136436     
   12.2905200000000        18.2350219727656     
   12.3002800000000        17.6639694990925     
   12.3100400000000        16.7748322898471     
   12.3198000000000        15.5428007630698     
   12.3295500000000        14.0377854881920     
   12.3393000000000        12.5389218406258     
   12.3490500000000        11.3422428436816     
   12.3587900000000        10.5126451207616     
   12.3685300000000        9.94432012377472     
   12.3782700000000        9.51904547201593     
   12.3880000000000        9.16398773339924     
   12.3977300000000        8.86990924351917     
   12.4074600000000        8.67975934030549     
   12.4171800000000        8.64645341595850     
   12.4269100000000        8.76614057126732     
   12.4366200000000        9.00155766247939     
   12.4463400000000        9.37188472342706     
   12.4560500000000        9.94445919605003     
   12.4657600000000        10.7381774588545     
   12.4754700000000        11.6245756152149     
   12.4851700000000        12.2955314627451     
   12.4948700000000        12.5290373277877     
   12.5045600000000        12.4543952995544     
   12.5142600000000        12.3780479060709     
   12.5239500000000        12.5900540664208     
   12.5336300000000        13.2980684828879     
   12.5433200000000        14.5546408328915     
   12.5530000000000        16.2117146082650     
   12.5626800000000        17.9135507542808     
   12.5723500000000        19.1676435383587     
   12.5820200000000        19.6298723709956     
   12.5916900000000        19.3757140725661     
   12.6013500000000        18.7900358487565     
   12.6110100000000        18.2792086005200     
   12.6206700000000        18.1540869112546     
   12.6303300000000        18.4876196558032     
   12.6399800000000        19.0040898855621     
   12.6496300000000        19.3114109486736     
   12.6592700000000        19.3189211627653     
   12.6689200000000        19.1668345459580     
   12.6785500000000        18.9168932442056     
   12.6881900000000        18.6370622316673     
   12.6978200000000        18.5084412022545     
   12.7074500000000        18.6544952546903     
   12.7170800000000        19.0315663740751     
   12.7267000000000        19.5116112266462     
   12.7363200000000        19.9185946059438     
   12.7459400000000        20.0580409041365     
   12.7555500000000        19.8628660449440     
   12.7651600000000        19.5146603113460     
   12.7747700000000        19.3289039090814     
   12.7843800000000        19.4457255187941     
   12.7939800000000        19.7028956538363     
   12.8035800000000        19.8217868540239     
   12.8131700000000        19.6011834833362     
   12.8227600000000        18.9952191499929     
   12.8323500000000        18.0980448703529     
   12.8419400000000        17.0603877317248     
   12.8515200000000        16.0413112997025     
   12.8611000000000        15.2196069946293     
   12.8706700000000        14.7737927851794     
   12.8802500000000        14.8009706745898     
   12.8898100000000        15.2751139551843     
   12.8993800000000        16.0598450228338     
   12.9089400000000        16.9332740022282     
   12.9185000000000        17.6468410494949     
   12.9280600000000        18.0287562536803     
   12.9376100000000        18.0848550817075     
   12.9471700000000        17.9826171611434     
   12.9567100000000        17.8703249962982     
   12.9662600000000        17.7362948039961     
   12.9758000000000        17.5901062507379     
   12.9853400000000        17.6045367856372     
   12.9948700000000        17.9244316456546     
   13.0044000000000        18.5197599988924     
   13.0139300000000        19.2323331226946     
   13.0234600000000        19.9159954629599     
   13.0329800000000        20.5075039556623     
   13.0425000000000        20.9015646068590     
   13.0520100000000        20.9720563857602     
   13.0615200000000        20.7856649827703     
   13.0710300000000        20.5177639249277     
   13.0805400000000        20.2087438204091     
   13.0900400000000        19.8087026323631     
   13.0995400000000        19.3588718478211     
   13.1090400000000        18.9838678014033     
   13.1185300000000        18.7267748274046     
   13.1280200000000        18.4968939481086     
   13.1375100000000        18.2393604053435     
   13.1469900000000        18.0076536703371     
   13.1564700000000        17.8252188882753     
   13.1659500000000        17.6000225169318     
   13.1754300000000        17.2133253380315     
   13.1849000000000        16.6302365946556     
   13.1943700000000        15.8978078049638     
   13.2038300000000        15.0614565193466     
   13.2132900000000        14.1313113878090     
   13.2227500000000        13.1655811330717     
   13.2322100000000        12.2674145620235     
   13.2416600000000        11.4627362103952     
   13.2511100000000        10.6879071694253     
   13.2605500000000        9.90541953461427     
   13.2700000000000        9.12995439335043     
   13.2794400000000        8.40172005095465     
   13.2888700000000        7.77216918434769     
   13.2983100000000        7.28071651633529     
   13.3077400000000        6.92029556911922     
   13.3171600000000        6.61701496945739     
   13.3265900000000        6.27303934560533     
   13.3360100000000        5.85736472073530     
   13.3454300000000        5.42939716129098     
   13.3548400000000        5.06409230850106     
   13.3642500000000        4.78759337897375     
   13.3736600000000        4.58283418904917     
   13.3830600000000        4.42166961897413     
   13.3924700000000        4.28533116796573     
   13.4018600000000        4.16596354010341     
   13.4112600000000        4.05854448466210     
   13.4206500000000        3.95977820732115     
   13.4300400000000        3.87494080214172     
   13.4394300000000        3.82171393364213     
   13.4488100000000        3.81551505381786     
   13.4581900000000        3.85825049009914     
   13.4675600000000        3.93998464605380     
   13.4769400000000        4.03980784390361     
   13.4863100000000        4.13019168443129     
   13.4956700000000        4.19013722677170     
   13.5050400000000        4.20579213581467     
   13.5144000000000        4.16768717823656     
   13.5237600000000        4.07878440252047     
   13.5331100000000        3.96076920970292     
   13.5424600000000        3.85069238616464     
   13.5518100000000        3.79008899637643     
   13.5611500000000        3.81036900812821     
   13.5704900000000        3.92371297259060     
   13.5798300000000        4.11699634012431     
   13.5891700000000        4.34788961810803     
   13.5985000000000        4.56091455789781     
   13.6078300000000        4.72397069716084     
   13.6171500000000        4.83628005823718     
   13.6264800000000        4.89693547592786     
   13.6358000000000        4.89215434650053     
   13.6451100000000        4.82370930567809     
   13.6544200000000        4.71869020688724     
   13.6637300000000        4.61924895447653     
   13.6730400000000        4.57318681815393     
   13.6823400000000        4.61217954944452     
   13.6916400000000        4.72922350464012     
   13.7009400000000        4.87715957527601     
   13.7102400000000        4.99153566563046     
   13.7195300000000        5.02587397394781     
   13.7288100000000        4.96860656416538     
   13.7381000000000        4.81981080564368     
   13.7473800000000        4.57683398645194     
   13.7566600000000        4.25838146530241     
   13.7659300000000        3.91306278719719     
   13.7752000000000        3.58917710935138     
   13.7844700000000        3.31429650791009     
   13.7937400000000        3.09435409891167     
   13.8030000000000        2.92269008213805     
   13.8122600000000        2.78986186596362     
   13.8215200000000        2.68976881157577     
   13.8307700000000        2.61881954691786     
   13.8400200000000        2.57438723524458     
   13.8492600000000        2.55570745054050     
   13.8585100000000        2.56357118703894     
   13.8677500000000        2.59805349154607     
   13.8769800000000        2.65501181596198     
   13.8862200000000        2.72279787111387     
   13.8954500000000        2.78209328647397     
   13.9046800000000        2.81749210068772     
   13.9139000000000        2.83175070591328     
   13.9231200000000        2.84325583586841     
   13.9323400000000        2.86993267117834     
   13.9415500000000        2.92072980497604     
   13.9507700000000        2.99845059604296     
   13.9599700000000        3.10450310255819     
   13.9691800000000        3.24123553795834     
   13.9783800000000        3.40661741809335     
   13.9875800000000        3.59108738240464     
   13.9967800000000        3.78185535818567     
   14.0059700000000        3.97747292224923     
   14.0151600000000        4.19635663469207     
   14.0243400000000        4.46731298433383     
   14.0335300000000        4.81993743017223     
   14.0427100000000        5.27798148795054     
   14.0518800000000        5.85948528778804     
   14.0610600000000        6.57292331847408     
   14.0702300000000        7.39913375167921     
   14.0794000000000        8.28107765058181     
   14.0885600000000        9.12292626872913     
   14.0977200000000        9.82217690082664     
   14.1068800000000        10.3106444530367     
   14.1160300000000        10.6008895728980     
   14.1251800000000        10.8039433659807     
   14.1343300000000        11.0916198284438     
   14.1434800000000        11.6258304463132     
   14.1526200000000        12.5060650112769     
   14.1617600000000        13.7608078358857     
   14.1708900000000        15.3496866271577     
   14.1800300000000        17.1690075467572     
   14.1891500000000        19.0115643677507     
   14.1982800000000        20.5843117038536     
   14.2074000000000        21.5948547328291     
   14.2165200000000        21.9481116690351     
   14.2256400000000        21.8068165106954     
   14.2347500000000        21.4559858787498     
   14.2438600000000        21.1014611067114     
   14.2529700000000        20.7971701304930     
   14.2620700000000        20.5279332680991     
   14.2711800000000        20.3186517272653     
   14.2802700000000        20.2186396430255     
   14.2893700000000        20.1938431066085     
   14.2984600000000        20.1205880532707     
   14.3075500000000        19.9073928119972     
   14.3166300000000        19.5914810036545     
   14.3257100000000        19.2724578134645     
   14.3347900000000        18.9547406118946     
   14.3438700000000        18.5003292926013     
   14.3529400000000        17.7617606492965     
   14.3620100000000        16.7289670514217     
   14.3710700000000        15.5408453500376     
   14.3801400000000        14.3916921249836     
   14.3892000000000        13.4565407441687     
   14.3982500000000        12.8350260970841     
   14.4073100000000        12.5406206777472     
   14.4163600000000        12.5043794749006     
   14.4254000000000        12.5787967730490     
   14.4344500000000        12.5803428236016     
   14.4434900000000        12.3768991512372     
   14.4525200000000        11.9573799992248     
   14.4615600000000        11.4096646859721     
   14.4705900000000        10.8516020361020     
   14.4796200000000        10.3659934207991     
   14.4886400000000        9.98033625558170     
   14.4976600000000        9.68693979322724     
   14.5066800000000        9.48697033799896     
   14.5157000000000        9.40590544055584     
   14.5247100000000        9.47311057361143     
   14.5337200000000        9.69710581261448     
   14.5427200000000        10.0566875441030     
   14.5517300000000        10.5123273906301     
   14.5607300000000        11.0277746750264     
   14.5697200000000        11.5949682240231     
   14.5787100000000        12.2403131483099     
   14.5877000000000        13.0200114451230     
   14.5966900000000        14.0037833632082     
   14.6056700000000        15.2415624264922     
   14.6146600000000        16.7462815752020     
   14.6236300000000        18.4803624039331     
   14.6326100000000        20.3799012954144     
   14.6415800000000        22.3396276360838     
   14.6505400000000        24.2529604801069     
   14.6595100000000        26.0497641829654     
   14.6684700000000        27.6947072823337     
   14.6774300000000        29.1946972961389     
   14.6863800000000        30.5842590305355     
   14.6953400000000        31.9008169011095     
   14.7042800000000        33.1149569163946     
   14.7132300000000        34.1310869216387     
   14.7221700000000        34.8400787686748     
   14.7311100000000        35.2289060496532     
   14.7400500000000        35.4155824698734     
   14.7489800000000        35.5947697398972     
   14.7579100000000        35.9254549373897     
   14.7668400000000        36.4305850744259     
   14.7757600000000        36.9738232320635     
   14.7846800000000        37.3399059383418     
   14.7936000000000        37.3513731611743     
   14.8025100000000        36.9220444762604     
   14.8114200000000        36.0184262961237     
   14.8203300000000        34.6270196326410     
   14.8292300000000        32.7921823074490     
   14.8381300000000        30.6565427241545     
   14.8470300000000        28.4482487943060     
   14.8559300000000        26.4076295432763     
   14.8648200000000        24.7095594870342     
   14.8737100000000        23.4050303890407     
   14.8825900000000        22.4325125505479     
   14.8914700000000        21.6647061069025     
   14.9003500000000        20.9663723863343     
   14.9092300000000        20.2187322502340     
   14.9181000000000        19.3312088139939     
   14.9269700000000        18.2486989020189     
   14.9358400000000        16.9659949276694     
   14.9447000000000        15.5337201749252     
   14.9535600000000        14.0424399987431     
   14.9624200000000        12.6000551611042     
   14.9712700000000        11.2967774884334     
   14.9801200000000        10.1790438304793     
   14.9889700000000        9.25717766763372     
   14.9978100000000        8.51967665920381     
   15.0066500000000        7.94483007450877     
   15.0154900000000        7.51215486634150     
   15.0243300000000        7.20510331913800     
   15.0331600000000        7.01263225943748     
   15.0419900000000        6.92876483463772     
   15.0508100000000        6.95314249693798     
   15.0596300000000        7.08992214765368     
   15.0684500000000        7.34675831209130     
   15.0772700000000        7.73221326212812     
   15.0860800000000        8.25019761182411     
   15.0948900000000        8.89319884807412     
   15.1037000000000        9.63058667672917     
   15.1125000000000        10.4039589764343     
   15.1213000000000        11.1436688335378     
   15.1301000000000        11.7975998115396     
   15.1388900000000        12.3571393332472     
   15.1476800000000        12.8525953463796     
   15.1564700000000        13.3175013316217     
   15.1652500000000        13.7636785147170     
   15.1740300000000        14.1869012664559     
   15.1828100000000        14.5830301580244     
   15.1915800000000        14.9550889388332     
   15.2003500000000        15.3046856663108     
   15.2091200000000        15.6162816060619     
   15.2178900000000        15.8584795265785     
   15.2266500000000        16.0101586225119     
   15.2354100000000        16.0909438081331     
   15.2441600000000        16.1518681319938     
   15.2529200000000        16.2236948344921     
   15.2616700000000        16.2710116411234     
   15.2704100000000        16.2060725633548     
   15.2791500000000        15.9534267788596     
   15.2878900000000        15.5028635352002     
   15.2966300000000        14.8991461978005     
   15.3053600000000        14.1927244054835     
   15.3140900000000        13.4096536997765     
   15.3228200000000        12.5656656986283     
   15.3315400000000        11.6857271588273     
   15.3402600000000        10.8022000363815     
   15.3489800000000        9.94871219159978     
   15.3577000000000        9.15259651431517     
   15.3664100000000        8.42859129493984     
   15.3751200000000        7.76937802427087     
   15.3838200000000        7.15355619598642     
   15.3925200000000        6.56030797656705     
   15.4012200000000        5.98657320323127     
   15.4099200000000        5.44461625911394     
   15.4186100000000        4.95008612578491     
   15.4273000000000        4.51097334232156     
   15.4359800000000        4.12844186993611     
   15.4446700000000        3.79723943657091     
   15.4533400000000        3.51200991811267     
   15.4620200000000        3.26512579390630     
   15.4706900000000        3.05128903802607     
   15.4793600000000        2.86522210996139     
   15.4880300000000        2.70277058532592     
   15.4966900000000        2.56057092652618     
   15.5053500000000        2.43533783211954     
   15.5140100000000        2.32421240620241     
   15.5226700000000        2.22447066465825     
   15.5313200000000        2.13375538099473     
   15.5399600000000        2.05017428905268     
   15.5486100000000        1.97246129358654     
   15.5572500000000        1.90036798991273     
   15.5658900000000        1.83368424856777     
   15.5745200000000        1.77246461033908     
   15.5831600000000        1.71660873620169     
   15.5917900000000        1.66628582472629     
   15.6004100000000        1.62137678572787     
   15.6090300000000        1.58145288308212     
   15.6176500000000        1.54591116190170     
   15.6262700000000        1.51410133677790     
   15.6348800000000        1.48550704137818     
   15.6434900000000        1.45960017276808     
   15.6521000000000        1.43577939941156     
   15.6607000000000        1.41327465876819     
   15.6693000000000        1.39121241099820     
   15.6779000000000        1.36899140948694     
   15.6864900000000        1.34651150341835     
   15.6950800000000        1.32412107463480     
   15.7036700000000        1.30255274636337     
   15.7122600000000        1.28267324807542     
   15.7208400000000        1.26525307730555     
   15.7294100000000        1.25072198740088     
   15.7379900000000        1.23911369100409     
   15.7465600000000        1.23023927939601     
   15.7551300000000        1.22374585585054     
   15.7637000000000        1.21931681723916     
   15.7722600000000        1.21672976016735     
   15.7808200000000        1.21585705019894     
   15.7893700000000        1.21667881594668     
   15.7979300000000        1.21928621183378     
   15.8064700000000        1.22383656762419     
   15.8150200000000        1.23051966642590     
   15.8235600000000        1.23940409647742     
   15.8321000000000        1.25044511011401     
   15.8406400000000        1.26356458874452     
   15.8491800000000        1.27885359339380     
   15.8577100000000        1.29664966977488     
   15.8662300000000        1.31751445611235     
   15.8747600000000        1.34216872783097     
   15.8832800000000        1.37125922106924     
   15.8918000000000        1.40556411304312     
   15.9003100000000        1.44588851854399     
   15.9088200000000        1.49323111650738     
   15.9173300000000        1.54855690991528     
   15.9258400000000        1.61269039816260     
   15.9343400000000        1.68616631578552     
   15.9428400000000        1.76957893691648     
   15.9513300000000        1.86347929387167     
   15.9598300000000        1.96922917631997     
   15.9683100000000        2.08831585010735     
   15.9768000000000        2.22379427992127     
   15.9852800000000        2.37839584403027     
   15.9937600000000        2.55490033507036     
   16.0022400000000        2.75445602538388     
   16.0107100000000        2.97548075422179     
   16.0191800000000        3.21386090755631     
   16.0276500000000        3.46226524843263     
   16.0361200000000        3.71115780766559     
   16.0445800000000        3.94997597124549     
   16.0530300000000        4.16948630163964     
   16.0614900000000        4.36336437825846     
   16.0699400000000        4.52740603876729     
   16.0783900000000        4.66072602067209     
   16.0868300000000        4.76319835656222     
   16.0952800000000        4.83435065014253     
   16.1037100000000        4.87170712306232     
   16.1121500000000        4.87244740674075     
   16.1205800000000        4.83484135211511     
   16.1290100000000        4.76018626479697     
   16.1374400000000        4.65309909536155     
   16.1458600000000        4.52071915637879     
   16.1542800000000        4.37084569211113     
   16.1627000000000        4.21147724966282     
   16.1711100000000        4.05060046813360     
   16.1795200000000        3.89532183774646     
   16.1879300000000        3.75189198008584     
   16.1963300000000        3.62511724193875     
   16.2047300000000        3.51777636597300     
   16.2131300000000        3.43141658370644     
   16.2215200000000        3.36646269038274     
   16.2299100000000        3.32177774058341     
   16.2383000000000        3.29447854515558     
   16.2466900000000        3.27951235027899     
   16.2550700000000        3.26993447397070     
   16.2634500000000        3.25789864671079     
   16.2718200000000        3.23634235437776     
   16.2802000000000        3.20051415501979     
   16.2885600000000        3.14906514474009     
   16.2969300000000        3.08294936623528     
   16.3052900000000        3.00468048741595     
   16.3136500000000        2.91670472667514     
   16.3220100000000        2.82137390389459     
   16.3303600000000        2.72114432378032     
   16.3387100000000        2.61840319129382     
   16.3470600000000        2.51583352951184     
   16.3554000000000        2.41620577899492     
   16.3637400000000        2.32157906307958     
   16.3720800000000        2.23319464364856     
   16.3804200000000        2.15117773047237     
   16.3887500000000        2.07497044933494     
   16.3970700000000        2.00379001554165     
   16.4054000000000        1.93711407694611     
   16.4137200000000        1.87532729915578     
   16.4220400000000        1.81890363915991     
   16.4303500000000        1.76823720568129     
   16.4386700000000        1.72280637175795     
   16.4469700000000        1.68162593478473     
   16.4552800000000        1.64327232559885     
   16.4635800000000        1.60722522841794     
   16.4718800000000        1.57380865932417     
   16.4801800000000        1.54405669009589     
   16.4884700000000        1.51894805164689     
   16.4967600000000        1.49851043526591     
   16.5050500000000        1.48145666046554     
   16.5133300000000        1.46535416469888     
   16.5216100000000        1.44744714991933     
   16.5298900000000        1.42583360523773     
   16.5381600000000        1.40017711554938     
   16.5464300000000        1.37149623714434     
   16.5547000000000        1.34154770034276     
   16.5629700000000        1.31214970180255     
   16.5712300000000        1.28495694892972     
   16.5794900000000        1.26130760210704     
   16.5877400000000        1.24217311113636     
   16.5959900000000        1.22773290907059     
   16.6042400000000        1.21728313104220     
   16.6124900000000        1.20936559526997     
   16.6207300000000        1.20220433832400     
   16.6289700000000        1.19413839341916     
   16.6372000000000        1.18397235784883     
   16.6454400000000        1.17109067834192     
   16.6536700000000        1.15564396895908     
   16.6618900000000        1.13844684649086     
   16.6701200000000        1.12075817072639     
   16.6783400000000        1.10408574927411     
   16.6865500000000        1.08971747302281     
   16.6947700000000        1.07849306635958     
   16.7029800000000        1.07076071787382     
   16.7111900000000        1.06629314927870     
   16.7193900000000        1.06457919410743     
   16.7275900000000        1.06517469651251     
   16.7357900000000        1.06798299469366     
   16.7439800000000        1.07317234914512     
   16.7521800000000        1.08083091226716     
   16.7603600000000        1.09049930713206     
   16.7685500000000        1.10115296512451     
   16.7767300000000        1.11138762611095     
   16.7849100000000        1.12015924656637     
   16.7930900000000        1.12735960829614     
   16.8012600000000        1.13397745635115     
   16.8094300000000        1.14160402817738     
   16.8175900000000        1.15148632553025     
   16.8257600000000        1.16382213759160     
   16.8339200000000        1.17745697233816     
   16.8420700000000        1.19039091049166     
   16.8502300000000        1.20058804889492     
   16.8583800000000        1.20661356529767     
   16.8665300000000        1.20799456815557     
   16.8746700000000        1.20497224483913     
   16.8828100000000        1.19816666032603     
   16.8909500000000        1.18840818524405     
   16.8990800000000        1.17677130485634     
   16.9072100000000        1.16446010616603     
   16.9153400000000        1.15252094256173     
   16.9234700000000        1.14143572611928     
   16.9315900000000        1.13103586125984     
   16.9397100000000        1.12082104207504     
   16.9478200000000        1.11062233620886     
   16.9559400000000        1.10102353032000     
   16.9640500000000        1.09352343031572     
   16.9721500000000        1.09009960603587     
   16.9802600000000        1.09267840314093     
   16.9883600000000        1.10261809159309     
   16.9964500000000        1.12037435052795     
   17.0045500000000        1.14549083464492     
   17.0126400000000        1.17648019509167     
   17.0207200000000        1.21116664866524     
   17.0288100000000        1.24707068363789     
   17.0368900000000        1.28155327408906     
   17.0449700000000        1.31252625429418     
   17.0530400000000        1.33850276614877     
   17.0611100000000        1.35880979931082     
   17.0691800000000        1.37339149363840     
