   7.15970000000000        28.1452749270722     
   7.17100000000000        28.7162770703830     
   7.18231000000000        29.7188799369643     
   7.19360000000000        29.8079509291659     
   7.20490000000000        29.9098825847035     
   7.21619000000000        29.9143183051147     
   7.22748000000000        28.8094622989880     
   7.23877000000000        28.2843505678588     
   7.25005000000000        27.7505331818580     
   7.26133000000000        28.6145173079014     
   7.27261000000000        29.4173269889301     
   7.28388000000000        29.7864539889669     
   7.29515000000000        31.5473112704068     
   7.30642000000000        33.8899789236660     
   7.31768000000000        35.8932892622787     
   7.32894000000000        37.3304240123978     
   7.34020000000000        38.1905976188281     
   7.35146000000000        38.9758898332085     
   7.36271000000000        39.2828971459368     
   7.37396000000000        40.1523514393523     
   7.38520000000000        40.1482437330807     
   7.39644000000000        38.4121559589175     
   7.40768000000000        37.4404011399273     
   7.41892000000000        36.8226716327291     
   7.43015000000000        37.5843507660899     
   7.44138000000000        39.0902498064822     
   7.45261000000000        40.6202353164976     
   7.46383000000000        40.1515033962702     
   7.47505000000000        39.1262941350081     
   7.48626000000000        39.0557045013482     
   7.49748000000000        41.1808339745849     
   7.50869000000000        43.2614374523372     
   7.51990000000000        44.3430948774869     
   7.53110000000000        43.3228204904777     
   7.54230000000000        42.0648728110073     
   7.55350000000000        41.6223031426380     
   7.56469000000000        42.3948479377090     
   7.57588000000000        44.0043638833958     
   7.58707000000000        45.0453757775717     
   7.59826000000000        44.6342231279300     
   7.60944000000000        45.0751859038377     
   7.62062000000000        46.5750252338110     
   7.63179000000000        48.8333820600291     
   7.64296000000000        50.1039769513500     
   7.65413000000000        49.0509570409666     
   7.66530000000000        43.8974303865655     
   7.67646000000000        39.0661069836031     
   7.68762000000000        37.2526941308607     
   7.69878000000000        37.6013259554154     
   7.70993000000000        39.5425836933418     
   7.72108000000000        41.0955264024796     
   7.73223000000000        41.9235896014779     
   7.74337000000000        41.3023487578940     
   7.75451000000000        42.4136020946814     
   7.76565000000000        44.8848700221319     
   7.77678000000000        46.6397415498317     
   7.78791000000000        46.5762205770289     
   7.79904000000000        45.8832896028962     
   7.81017000000000        45.9602815256657     
   7.82129000000000        47.1881070231266     
   7.83241000000000        49.2464344929591     
   7.84352000000000        51.3465830804750     
   7.85463000000000        51.5338548472423     
   7.86574000000000        47.4402016834775     
   7.87685000000000        42.2017093842046     
   7.88795000000000        39.2963693742656     
   7.89905000000000        39.0270332280243     
   7.91015000000000        40.3573718202830     
   7.92124000000000        40.7910500869043     
   7.93233000000000        41.4012271627636     
   7.94342000000000        41.7668932498734     
   7.95450000000000        41.6886835842486     
   7.96558000000000        42.0441533422752     
   7.97666000000000        43.0461250696134     
   7.98773000000000        43.1971496603337     
   7.99880000000000        41.4659262711691     
   8.00987000000000        38.6718031342433     
   8.02093000000000        38.1312471487356     
   8.03200000000000        39.6461274100941     
   8.04305000000000        43.2602364396774     
   8.05411000000000        46.2520051899446     
   8.06516000000000        48.5296335076640     
   8.07621000000000        50.6118438419244     
   8.08726000000000        51.2969569429478     
   8.09830000000000        52.3666961617984     
   8.10934000000000        53.9773327305913     
   8.12037000000000        56.9540933020267     
   8.13141000000000        59.2864168859821     
   8.14244000000000        59.8514389672556     
   8.15346000000000        60.2323534925468     
   8.16449000000000        59.9054195053053     
   8.17551000000000        58.1216574875933     
   8.18652000000000        55.1824311079246     
   8.19754000000000        52.7032015115789     
   8.20855000000000        48.6337584805523     
   8.21955000000000        42.5115049694359     
   8.23056000000000        37.3528321951111     
   8.24156000000000        36.2224991221693     
   8.25256000000000        37.9720750722912     
   8.26355000000000        40.6087111719770     
   8.27454000000000        43.9037483055235     
   8.28553000000000        47.0604550514601     
   8.29652000000000        49.9599182556053     
   8.30750000000000        53.9635688401825     
   8.31848000000000        58.0394347520335     
   8.32946000000000        62.1940696796406     
   8.34043000000000        64.7411280445325     
   8.35140000000000        65.8075364073583     
   8.36236000000000        66.1095375882890     
   8.37333000000000        66.0791036452308     
   8.38429000000000        67.5529231640025     
   8.39524000000000        70.8689446574175     
   8.40620000000000        74.2458456520784     
   8.41715000000000        76.6235670402302     
   8.42810000000000        78.1656389233527     
   8.43904000000000        79.3775942189723     
   8.44998000000000        77.0657698254217     
   8.46092000000000        71.4354970232436     
   8.47185000000000        67.5501866358230     
   8.48278000000000        67.2653834691590     
   8.49371000000000        68.6081261123091     
   8.50464000000000        70.8130710855553     
   8.51556000000000        73.0582622247382     
   8.52648000000000        74.2934745276865     
   8.53739000000000        73.4762746207736     
   8.54831000000000        73.1765294938279     
   8.55922000000000        74.5983915707293     
   8.57012000000000        78.6336724905742     
   8.58103000000000        83.4382572237014     
   8.59193000000000        88.1653265573347     
   8.60282000000000        89.7787517236638     
   8.61372000000000        88.1405525431819     
   8.62461000000000        85.7495036717431     
   8.63549000000000        84.6047245056106     
   8.64638000000000        86.0461245001521     
   8.65726000000000        90.0181475890449     
   8.66814000000000        95.3448242011418     
   8.67901000000000        100.465684099860     
   8.68988000000000        103.515229573935     
   8.70075000000000        103.819734544893     
   8.71161000000000        102.747265091322     
   8.72248000000000        103.034612892724     
   8.73333000000000        104.767249010253     
   8.74419000000000        106.374759634869     
   8.75504000000000        105.659657834618     
   8.76589000000000        102.691977933023     
   8.77674000000000        97.3710905621102     
   8.78758000000000        91.9783361808965     
   8.79842000000000        88.0940640074651     
   8.80926000000000        86.1803214420466     
   8.82009000000000        85.4030512815530     
   8.83092000000000        84.4317567062406     
   8.84175000000000        83.4234602370231     
   8.85257000000000        80.7093429821394     
   8.86339000000000        77.3736732409552     
   8.87421000000000        73.2336014599608     
   8.88502000000000        69.3975836784079     
   8.89583000000000        67.7781492243461     
   8.90664000000000        67.9629632814607     
   8.91745000000000        68.6906055171157     
   8.92825000000000        69.0371846625852     
   8.93905000000000        68.9989810096643     
   8.94984000000000        69.1117664462246     
   8.96063000000000        69.4298714449982     
   8.97142000000000        69.5756413139018     
   8.98221000000000        69.5266690444795     
   8.99299000000000        68.8356753883367     
   9.00377000000000        67.8694260055921     
   9.01455000000000        67.2440577931143     
   9.02532000000000        65.6195354116664     
   9.03609000000000        62.1350494413276     
   9.04686000000000        58.6889006304361     
   9.05762000000000        56.1812314426375     
   9.06838000000000        54.9378841304273     
   9.07914000000000        54.1452641468420     
   9.08989000000000        52.6915279403859     
   9.10064000000000        50.8547131165316     
   9.11139000000000        49.7115635822446     
   9.12214000000000        48.1729950821579     
   9.13288000000000        45.4763379329258     
   9.14362000000000        42.5559646308608     
   9.15435000000000        40.4629577768873     
   9.16508000000000        38.9026557036089     
   9.17581000000000        37.6684190949663     
   9.18654000000000        37.0100609157505     
   9.19726000000000        36.2719933163793     
   9.20798000000000        35.2730439145530     
   9.21870000000000        34.5288387411438     
   9.22941000000000        34.0900560841424     
   9.24012000000000        34.2963322239720     
   9.25082000000000        34.6343333888013     
   9.26153000000000        35.2462084143187     
   9.27223000000000        36.3886574647284     
   9.28293000000000        37.5305054903780     
   9.29362000000000        38.3407227970656     
   9.30431000000000        39.0247398774735     
   9.31500000000000        39.0383333416351     
   9.32568000000000        38.1911783413059     
   9.33636000000000        37.7620116958088     
   9.34704000000000        37.8509717232592     
   9.35772000000000        37.7656651371818     
   9.36839000000000        37.3539846669217     
   9.37906000000000        37.1183097047518     
   9.38972000000000        37.2195241631330     
   9.40038000000000        37.2776311656763     
   9.41104000000000        37.4270932467911     
   9.42170000000000        37.1667780946943     
   9.43235000000000        36.6899607257151     
   9.44300000000000        36.5403703655307     
   9.45365000000000        36.4811875806964     
   9.46429000000000        36.0289644283723     
   9.47493000000000        35.6043462853946     
   9.48557000000000        35.3950822009901     
   9.49620000000000        35.4035466885983     
   9.50683000000000        35.5738405164849     
   9.51746000000000        35.7752030982735     
   9.52808000000000        36.0795175226783     
   9.53871000000000        36.1433484192798     
   9.54932000000000        35.9858309266326     
   9.55994000000000        35.6189852967553     
   9.57055000000000        35.2319720550744     
   9.58116000000000        35.6024663971004     
   9.59176000000000        36.6942238827143     
   9.60237000000000        38.0527965368060     
   9.61296000000000        39.6247506733660     
   9.62356000000000        41.9562049499009     
   9.63415000000000        44.6618964773001     
   9.64474000000000        47.0375245483871     
   9.65533000000000        48.8533076521175     
   9.66591000000000        49.7228631223346     
   9.67649000000000        49.7798756485455     
   9.68707000000000        49.3713120685859     
   9.69764000000000        48.3411874504871     
   9.70821000000000        47.9990229305056     
   9.71878000000000        48.7344624346882     
   9.72934000000000        50.5069996704581     
   9.73990000000000        53.1190273611796     
   9.75046000000000        56.3200774641853     
   9.76102000000000        59.9075391259015     
   9.77157000000000        62.7853920129536     
   9.78212000000000        64.8501059997847     
   9.79266000000000        66.7947312455431     
   9.80320000000000        67.7832598938671     
   9.81374000000000        67.5623107404258     
   9.82428000000000        67.0378681008941     
   9.83481000000000        66.6516608390549     
   9.84534000000000        66.9341227755067     
   9.85586000000000        68.6425421273563     
   9.86639000000000        70.5834158974372     
   9.87691000000000        71.4131440639564     
   9.88742000000000        70.7845484777939     
   9.89794000000000        69.0280115030296     
   9.90845000000000        67.1226992716104     
   9.91895000000000        65.2049835909020     
   9.92946000000000        63.1027866377650     
   9.93996000000000        62.5124414886696     
   9.95046000000000        64.3462197239571     
   9.96095000000000        68.2664012944761     
   9.97144000000000        72.7020424354830     
   9.98193000000000        76.1014090004782     
   9.99242000000000        78.3208889308444     
   10.0029000000000        79.5616285616872     
   10.0133800000000        79.3318437710172     
   10.0238500000000        77.3898955508442     
   10.0343200000000        74.1438620902208     
   10.0447900000000        70.5460218925280     
   10.0552600000000        67.7782588096552     
   10.0657200000000        66.3279237064750     
   10.0761800000000        66.2097067276730     
   10.0866400000000        67.6366110483427     
   10.0970900000000        70.0929777487094     
   10.1075400000000        72.8049477461974     
   10.1179900000000        75.8228523773860     
   10.1284300000000        79.0241246452541     
   10.1388700000000        81.6835195110427     
   10.1493100000000        83.0451660129834     
   10.1597400000000        83.2702826300775     
   10.1701700000000        83.7146570709487     
   10.1806000000000        85.1095850525784     
   10.1910300000000        86.3615490164466     
   10.2014500000000        86.8420689934352     
   10.2118700000000        86.1768632857354     
   10.2222800000000        84.6196631708745     
   10.2326900000000        82.8516660541346     
   10.2431000000000        80.9140544781400     
   10.2535100000000        77.9066700726569     
   10.2639100000000        74.7127041076810     
   10.2743100000000        72.7206390431534     
   10.2847100000000        71.8327267816410     
   10.2951000000000        71.2804981695274     
   10.3054900000000        70.8616185743490     
   10.3158800000000        70.4951840696360     
   10.3262600000000        70.3526917824950     
   10.3366400000000        70.2158163536686     
   10.3470200000000        69.6449925309588     
   10.3573900000000        68.7913637376494     
   10.3677600000000        67.4822861503630     
   10.3781300000000        65.1775456977624     
   10.3884900000000        61.6943707489351     
   10.3988600000000        57.0725683056463     
   10.4092100000000        52.3434385312444     
   10.4195700000000        48.5103963303784     
   10.4299200000000        46.0223217810940     
   10.4402700000000        44.6958337056344     
   10.4506100000000        44.0582209774274     
   10.4609600000000        43.6814635456340     
   10.4713000000000        43.7488309312423     
   10.4816300000000        44.4288621387574     
   10.4919600000000        45.4481820709559     
   10.5022900000000        46.2119325966788     
   10.5126200000000        46.3949596775949     
   10.5229400000000        46.3729055635427     
   10.5332600000000        46.7235835549787     
   10.5435800000000        47.5734843235982     
   10.5539000000000        48.7808074829582     
   10.5642100000000        49.9140344109023     
   10.5745100000000        50.3735499747565     
   10.5848200000000        50.0804838997327     
   10.5951200000000        49.1877142990151     
   10.6054200000000        47.7064067872020     
   10.6157100000000        45.7420365342533     
   10.6260000000000        43.3414786987331     
   10.6362900000000        40.3395464371980     
   10.6465800000000        37.0518268993022     
   10.6568600000000        34.2270518350535     
   10.6671400000000        32.5823295325768     
   10.6774100000000        32.0394793547301     
   10.6876900000000        32.0757205426297     
   10.6979600000000        32.4213744820670     
   10.7082200000000        32.8380269112135     
   10.7184900000000        33.4817356483678     
   10.7287500000000        34.4002898257014     
   10.7390000000000        35.1789533684402     
   10.7492600000000        35.4145530036167     
   10.7595100000000        35.2125148084910     
   10.7697500000000        34.8868248855156     
   10.7800000000000        34.6831755727543     
   10.7902400000000        34.5918336385569     
   10.8004800000000        34.5829978869575     
   10.8107100000000        34.6495839853335     
   10.8209400000000        34.7576075623324     
   10.8311700000000        34.7804572768080     
   10.8414000000000        34.8193663338354     
   10.8516200000000        35.2710702015613     
   10.8618400000000        36.0410774166858     
   10.8720500000000        36.7279149954788     
   10.8822700000000        37.3060000996164     
   10.8924800000000        38.0182948861751     
   10.9026800000000        39.1768219485688     
   10.9128800000000        40.7422922416291     
   10.9230800000000        42.2694658103236     
   10.9332800000000        43.3640076107446     
   10.9434700000000        43.7549981440456     
   10.9536600000000        43.3571694068001     
   10.9638500000000        42.3565124485237     
   10.9740400000000        41.1147801534571     
   10.9842200000000        40.2431479416255     
   10.9943900000000        40.0421239018160     
   11.0045700000000        40.1898075770638     
   11.0147400000000        40.3251855685423     
   11.0249100000000        40.4771138079825     
   11.0350700000000        40.7880569035126     
   11.0452300000000        41.2063836401998     
   11.0553900000000        41.3572249235943     
   11.0655500000000        41.0261302756296     
   11.0757000000000        40.2724153296232     
   11.0858500000000        39.5062442278173     
   11.0960000000000        39.1551369687114     
   11.1061400000000        39.1742200419669     
   11.1162800000000        39.1660017481644     
   11.1264200000000        39.1234336804315     
   11.1365500000000        39.4096218068924     
   11.1466800000000        39.9642157784210     
   11.1568100000000        40.3551192454510     
   11.1669300000000        40.6249171971134     
   11.1770500000000        41.1491181489304     
   11.1871700000000        41.8495216265735     
   11.1972800000000        42.5123191284143     
   11.2073900000000        43.0311183477128     
   11.2175000000000        43.4496476305744     
   11.2276100000000        44.0890357845098     
   11.2377100000000        45.1717455702421     
   11.2478100000000        46.7773617690332     
   11.2579000000000        48.7502253223982     
   11.2679900000000        50.5523456266119     
   11.2780800000000        51.8160340538563     
   11.2881700000000        52.6817362689324     
   11.2982500000000        53.2491033460894     
   11.3083300000000        53.6772773976975     
   11.3184100000000        54.2786908648798     
   11.3284800000000        55.1237536045420     
   11.3385500000000        56.1038522480634     
   11.3486200000000        57.0318549618759     
   11.3586800000000        57.7317916495105     
   11.3687400000000        58.2623782685227     
   11.3788000000000        58.7363408766808     
   11.3888500000000        59.2293575428093     
   11.3989000000000        59.7994991097892     
   11.4089500000000        60.3002421999929     
   11.4189900000000        60.4696730193968     
   11.4290400000000        60.1560742057348     
   11.4390700000000        59.5222060903534     
   11.4491100000000        59.1401211404672     
   11.4591400000000        59.4351927404053     
   11.4691700000000        60.4156271450314     
   11.4792000000000        61.7674968291536     
   11.4892200000000        63.0174022522335     
   11.4992400000000        64.0199120655153     
   11.5092500000000        64.9253160555032     
   11.5192700000000        65.8386022223649     
   11.5292800000000        66.6210390170742     
   11.5392800000000        67.2388737022409     
   11.5492900000000        67.8979319662689     
   11.5592900000000        68.7321515174584     
   11.5692800000000        69.6906132868749     
   11.5792800000000        70.6811568252547     
   11.5892700000000        71.5880570294078     
   11.5992600000000        72.2069351993656     
   11.6092400000000        72.4595511373467     
   11.6192200000000        72.4200030734160     
   11.6292000000000        72.4203222252764     
   11.6391700000000        72.8347877258289     
   11.6491500000000        73.7048322942134     
   11.6591200000000        74.8452389045913     
   11.6690800000000        76.0382672141918     
   11.6790400000000        77.1734912668418     
   11.6890000000000        78.3360805234409     
   11.6989600000000        79.6175823479273     
   11.7089100000000        81.0437639086987     
   11.7188600000000        82.5120052492726     
   11.7288100000000        83.9345618041021     
   11.7387500000000        85.3659662759530     
   11.7486900000000        86.7376597946920     
   11.7586300000000        88.0185371128333     
   11.7685600000000        89.2346398123536     
   11.7784900000000        90.3059613899710     
   11.7884200000000        91.1930147346959     
   11.7983400000000        91.8356906274923     
   11.8082600000000        92.2221329596557     
   11.8181800000000        92.2421773277383     
   11.8281000000000        91.6496350658198     
   11.8380100000000        90.5256541432544     
   11.8479200000000        89.2168429104832     
   11.8578200000000        88.1830291819081     
   11.8677200000000        87.6366343500984     
   11.8776200000000        87.3545638346435     
   11.8875200000000        87.1329732224327     
   11.8974100000000        86.8817766369479     
   11.9073000000000        86.4293891045232     
   11.9171900000000        85.7704768672915     
   11.9270700000000        85.2563444716719     
   11.9369500000000        85.1847916663341     
   11.9468300000000        85.4162707471484     
   11.9567000000000        85.5066586609456     
   11.9665700000000        85.2924378709786     
   11.9764400000000        85.1026280055292     
   11.9863000000000        85.4341943462567     
   11.9961600000000        86.4821070889394     
   12.0060200000000        87.9953371209281     
   12.0158700000000        89.7574688696103     
   12.0257300000000        91.7818598169569     
   12.0355700000000        94.0781383483683     
   12.0454200000000        96.5659076621887     
   12.0552600000000        99.0922510706012     
   12.0651000000000        101.713938290103     
   12.0749400000000        104.436674204256     
   12.0847700000000        106.905625655057     
   12.0946000000000        108.969389857607     
   12.1044200000000        110.822298567210     
   12.1142500000000        112.703211956296     
   12.1240700000000        114.827123004759     
   12.1338800000000        117.010745054425     
   12.1437000000000        118.550645474341     
   12.1535100000000        119.150867629080     
   12.1633100000000        119.348208778960     
   12.1731200000000        119.743340721262     
   12.1829200000000        120.498944874278     
   12.1927200000000        121.710728259457     
   12.2025100000000        123.508764968619     
   12.2123000000000        125.668154543028     
   12.2220900000000        127.853405480253     
   12.2318700000000        130.033402596436     
   12.2416600000000        132.371187387440     
   12.2514300000000        134.816422010604     
   12.2612100000000        137.135561200372     
   12.2709800000000        139.053146965631     
   12.2807500000000        140.291254374507     
   12.2905200000000        140.949384792493     
   12.3002800000000        141.715862108627     
   12.3100400000000        143.098534750323     
   12.3198000000000        144.939089483831     
   12.3295500000000        146.547078023595     
   12.3393000000000        147.432409101657     
   12.3490500000000        147.803721825348     
   12.3587900000000        148.077627741499     
   12.3685300000000        148.393047505285     
   12.3782700000000        148.663674508977     
   12.3880000000000        148.773971364901     
   12.3977300000000        148.610231644148     
   12.4074600000000        148.203873819967     
   12.4171800000000        147.702704528064     
   12.4269100000000        147.440520971918     
   12.4366200000000        147.816356726278     
   12.4463400000000        148.709281245172     
   12.4560500000000        149.511675070193     
   12.4657600000000        149.676711532732     
   12.4754700000000        149.175370482706     
   12.4851700000000        148.443714858250     
   12.4948700000000        147.829720883501     
   12.5045600000000        147.320056631721     
   12.5142600000000        146.719033405349     
   12.5239500000000        146.059510315883     
   12.5336300000000        145.746600581829     
   12.5433200000000        146.131220943939     
   12.5530000000000        147.298783121686     
   12.5626800000000        149.107784199096     
   12.5723500000000        151.148645831824     
   12.5820200000000        153.122397765032     
   12.5916900000000        155.165763532392     
   12.6013500000000        157.499712314258     
   12.6110100000000        160.043194426041     
   12.6206700000000        162.559719490772     
   12.6303300000000        165.035521080735     
   12.6399800000000        167.645294870631     
   12.6496300000000        170.378493633610     
   12.6592700000000        173.100951275904     
   12.6689200000000        175.725879480792     
   12.6785500000000        178.232746274868     
   12.6881900000000        180.857522690884     
   12.6978200000000        183.923413618016     
   12.7074500000000        187.406722859088     
   12.7170800000000        190.951615597141     
   12.7267000000000        194.456692990318     
   12.7363200000000        198.128188498189     
   12.7459400000000        201.891883970048     
   12.7555500000000        205.402812939074     
   12.7651600000000        208.468790920971     
   12.7747700000000        211.107892153100     
   12.7843800000000        213.530317719840     
   12.7939800000000        215.956320887948     
   12.8035800000000        218.289149355880     
   12.8131700000000        220.242649067218     
   12.8227600000000        221.686091303174     
   12.8323500000000        222.814921539447     
   12.8419400000000        224.043415364473     
   12.8515200000000        225.612777530372     
   12.8611000000000        227.514560010777     
   12.8706700000000        229.710117718181     
   12.8802500000000        232.171850637155     
   12.8898100000000        234.738171450030     
   12.8993800000000        237.244998983671     
   12.9089400000000        239.783561114100     
   12.9185000000000        242.544601140078     
   12.9280600000000        245.388643118784     
   12.9376100000000        247.851644892770     
   12.9471700000000        249.526141093402     
   12.9567100000000        250.362937793200     
   12.9662600000000        250.591064487535     
   12.9758000000000        250.483806340628     
   12.9853400000000        250.401491480218     
   12.9948700000000        250.757379027858     
   13.0044000000000        251.760841832406     
   13.0139300000000        253.387524485006     
   13.0234600000000        255.440572372009     
   13.0329800000000        257.527447029606     
   13.0425000000000        259.208402800346     
   13.0520100000000        260.196013245337     
   13.0615200000000        260.561322791086     
   13.0710300000000        260.763768139876     
   13.0805400000000        261.263334855276     
   13.0900400000000        262.008654089116     
   13.0995400000000        262.505807079064     
   13.1090400000000        262.545481980189     
   13.1185300000000        262.501765534355     
   13.1280200000000        262.627163045773     
   13.1375100000000        262.607374888492     
   13.1469900000000        261.973581636664     
   13.1564700000000        260.473043035179     
   13.1659500000000        258.252136669243     
   13.1754300000000        255.930530768192     
   13.1849000000000        254.276216797548     
   13.1943700000000        253.700202134865     
   13.2038300000000        254.037871215673     
   13.2132900000000        254.695004601846     
   13.2227500000000        255.075740867324     
   13.2322100000000        254.851994543336     
   13.2416600000000        253.841481348408     
   13.2511100000000        252.091008286002     
   13.2605500000000        250.020467415371     
   13.2700000000000        248.218463857406     
   13.2794400000000        247.251551488978     
   13.2888700000000        247.472319738578     
   13.2983100000000        248.805441356665     
   13.3077400000000        250.769038759491     
   13.3171600000000        252.859740372567     
   13.3265900000000        254.787365336496     
   13.3360100000000        256.356508977404     
   13.3454300000000        257.375292700302     
   13.3548400000000        257.694690903289     
   13.3642500000000        257.340047169375     
   13.3736600000000        256.485388658174     
   13.3830600000000        255.213299454175     
   13.3924700000000        253.478136737592     
   13.4018600000000        251.359067641278     
   13.4112600000000        249.158845690088     
   13.4206500000000        247.272023284119     
   13.4300400000000        245.964206689440     
   13.4394300000000        245.348741727287     
   13.4488100000000        245.414969335819     
   13.4581900000000        246.014747458426     
   13.4675600000000        246.813753082734     
   13.4769400000000        247.459363799263     
   13.4863100000000        247.972056205897     
   13.4956700000000        248.782320876027     
   13.5050400000000        250.371875219806     
   13.5144000000000        252.907960724297     
   13.5237600000000        256.050156533582     
   13.5331100000000        259.075392360671     
   13.5424600000000        261.440083812637     
   13.5518100000000        263.249640487484     
   13.5611500000000        265.069139092520     
   13.5704900000000        267.379123126619     
   13.5798300000000        270.198519356645     
   13.5891700000000        273.070687978383     
   13.5985000000000        275.414812634268     
   13.6078300000000        276.950331295367     
   13.6171500000000        277.742517628231     
   13.6264800000000        277.991699612986     
   13.6358000000000        277.940287631917     
   13.6451100000000        277.861678886999     
   13.6544200000000        277.954244383688     
   13.6637300000000        278.365317440567     
   13.6730400000000        279.284227601460     
   13.6823400000000        280.880094063236     
   13.6916400000000        283.185005355290     
   13.7009400000000        285.947696327102     
   13.7102400000000        288.626029846815     
   13.7195300000000        290.762249094702     
   13.7288100000000        292.296468165734     
   13.7381000000000        293.313615607986     
   13.7473800000000        293.683393673576     
   13.7566600000000        293.138298087924     
   13.7659300000000        291.576607647738     
   13.7752000000000        289.219298593361     
   13.7844700000000        286.495835971540     
   13.7937400000000        283.688127648843     
   13.8030000000000        280.745843748381     
   13.8122600000000        277.551507185773     
   13.8215200000000        274.158128888466     
   13.8307700000000        270.701865888530     
   13.8400200000000        267.326902590614     
   13.8492600000000        264.197928675011     
   13.8585100000000        261.432251398023     
   13.8677500000000        259.024311162332     
   13.8769800000000        256.764137594619     
   13.8862200000000        254.407877617554     
   13.8954500000000        251.949554382257     
   13.9046800000000        249.631785947526     
   13.9139000000000        247.766153408107     
   13.9231200000000        246.458162485979     
   13.9323400000000        245.488646379722     
   13.9415500000000        244.467609463368     
   13.9507700000000        243.136341954518     
   13.9599700000000        241.563273313947     
   13.9691800000000        239.987153633299     
   13.9783800000000        238.491746051023     
   13.9875800000000        236.876692759654     
   13.9967800000000        234.945526224568     
   14.0059700000000        232.753385808224     
   14.0151600000000        230.523566554277     
   14.0243400000000        228.459811379874     
   14.0335300000000        226.622769715226     
   14.0427100000000        224.964171990652     
   14.0518800000000        223.381001146143     
   14.0610600000000        221.712737031223     
   14.0702300000000        219.749864712122     
   14.0794000000000        217.322051991509     
   14.0885600000000        214.400037411994     
   14.0977200000000        211.121392464277     
   14.1068800000000        207.792405944691     
   14.1160300000000        204.716926146254     
   14.1251800000000        201.969341698471     
   14.1343300000000        199.451897613927     
   14.1434800000000        197.097912778182     
   14.1526200000000        194.958553748859     
   14.1617600000000        193.137080078698     
   14.1708900000000        191.721693116723     
   14.1800300000000        190.703105809220     
   14.1891500000000        189.928741598620     
   14.1982800000000        189.127948627199     
   14.2074000000000        188.037649476536     
   14.2165200000000        186.503144932519     
   14.2256400000000        184.534019271289     
   14.2347500000000        182.274794814022     
   14.2438600000000        179.907554290357     
   14.2529700000000        177.621902823074     
   14.2620700000000        175.641589275807     
   14.2711800000000        174.194186012956     
   14.2802700000000        173.428637624556     
   14.2893700000000        173.339856732575     
   14.2984600000000        173.807239493177     
   14.3075500000000        174.628402939661     
   14.3166300000000        175.559278444197     
   14.3257100000000        176.381139528819     
   14.3347900000000        176.931512541808     
   14.3438700000000        177.102799045395     
   14.3529400000000        176.886326897198     
   14.3620100000000        176.420204261467     
   14.3710700000000        175.885098326281     
   14.3801400000000        175.365261314515     
   14.3892000000000        174.889596790941     
   14.3982500000000        174.496532184427     
   14.4073100000000        174.188266495253     
   14.4163600000000        173.911806724411     
   14.4254000000000        173.642337247061     
   14.4344500000000        173.439754287744     
   14.4434900000000        173.402062125622     
   14.4525200000000        173.575629947619     
   14.4615600000000        173.894871224100     
   14.4705900000000        174.194438810691     
   14.4796200000000        174.288203060230     
   14.4886400000000        174.028250242269     
   14.4976600000000        173.345035177956     
   14.5066800000000        172.277652890118     
   14.5157000000000        170.945880435561     
   14.5247100000000        169.484543701279     
   14.5337200000000        168.000094706673     
   14.5427200000000        166.555651048072     
   14.5517300000000        165.131535322944     
   14.5607300000000        163.671123960105     
   14.5697200000000        162.191154367225     
   14.5787100000000        160.836888039790     
   14.5877000000000        159.777941174511     
   14.5966900000000        159.064475306314     
   14.6056700000000        158.625283594669     
   14.6146600000000        158.392538798330     
   14.6236300000000        158.390231096132     
   14.6326100000000        158.671342477247     
   14.6415800000000        159.187603472594     
   14.6505400000000        159.746827300614     
   14.6595100000000        160.116801809095     
   14.6684700000000        160.163118877570     
   14.6774300000000        159.910327928330     
   14.6863800000000        159.508012797959     
   14.6953400000000        159.150203701566     
   14.7042800000000        158.992004042688     
   14.7132300000000        159.095954745712     
   14.7221700000000        159.436617271085     
   14.7311100000000        159.930503131365     
   14.7400500000000        160.442950929808     
   14.7489800000000        160.773877987983     
   14.7579100000000        160.711642217492     
   14.7668400000000        160.161732184156     
   14.7757600000000        159.218188125634     
   14.7846800000000        158.071889117385     
   14.7936000000000        156.875128511611     
   14.8025100000000        155.712251355432     
   14.8114200000000        154.647598697272     
   14.8203300000000        153.726061302345     
   14.8292300000000        152.926594556089     
   14.8381300000000        152.196606880453     
   14.8470300000000        151.542869231164     
   14.8559300000000        151.033198055251     
   14.8648200000000        150.704107924685     
   14.8737100000000        150.485959771715     
   14.8825900000000        150.238006555429     
   14.8914700000000        149.842790290840     
   14.9003500000000        149.245215111098     
   14.9092300000000        148.424454453256     
   14.9181000000000        147.388653877586     
   14.9269700000000        146.192725355860     
   14.9358400000000        144.936046878954     
   14.9447000000000        143.721681154100     
   14.9535600000000        142.603733614192     
   14.9624200000000        141.582088406942     
   14.9712700000000        140.642814623855     
   14.9801200000000        139.795871460063     
   14.9889700000000        139.083234961372     
   14.9978100000000        138.558430297262     
   15.0066500000000        138.246127337331     
   15.0154900000000        138.102647462967     
   15.0243300000000        138.018565386332     
   15.0331600000000        137.881815551754     
   15.0419900000000        137.658127247944     
   15.0508100000000        137.432670603658     
   15.0596300000000        137.363997275555     
   15.0684500000000        137.584094376660     
   15.0772700000000        138.143937601037     
   15.0860800000000        139.032149477147     
   15.0948900000000        140.194752059616     
   15.1037000000000        141.517513593320     
   15.1125000000000        142.838708448963     
   15.1213000000000        144.027715307931     
   15.1301000000000        145.048054375779     
   15.1388900000000        145.944056011258     
   15.1476800000000        146.773959151132     
   15.1564700000000        147.565167318131     
   15.1652500000000        148.323152349699     
   15.1740300000000        149.058629539103     
   15.1828100000000        149.799845387938     
   15.1915800000000        150.591303032859     
   15.2003500000000        151.487545875500     
   15.2091200000000        152.542110300476     
   15.2178900000000        153.790121763674     
   15.2266500000000        155.212473432240     
   15.2354100000000        156.730218657176     
   15.2441600000000        158.257708332431     
   15.2529200000000        159.798466775984     
   15.2616700000000        161.454869542059     
   15.2704100000000        163.376735136033     
   15.2791500000000        165.684716206617     
   15.2878900000000        168.430286024194     
   15.2966300000000        171.594974990518     
   15.3053600000000        175.081210871471     
   15.3140900000000        178.713711345674     
   15.3228200000000        182.261455238516     
   15.3315400000000        185.532247012152     
   15.3402600000000        188.475320375999     
   15.3489800000000        191.173579363099     
   15.3577000000000        193.764162854869     
   15.3664100000000        196.343740441513     
   15.3751200000000        198.921608004688     
   15.3838200000000        201.374257065050     
   15.3925200000000        203.467585504906     
   15.4012200000000        204.932089191226     
   15.4099200000000        205.578618451726     
   15.4186100000000        205.360134013941     
   15.4273000000000        204.353438897530     
   15.4359800000000        202.709466833355     
   15.4446700000000        200.621903182328     
   15.4533400000000        198.337947024965     
   15.4620200000000        196.087197399325     
   15.4706900000000        194.031422258631     
   15.4793600000000        192.219231942221     
   15.4880300000000        190.655542493938     
   15.4966900000000        189.361267478197     
   15.5053500000000        188.357407037069     
   15.5140100000000        187.605106377886     
   15.5226700000000        186.958396688259     
   15.5313200000000        186.207636804298     
   15.5399600000000        185.197042179998     
   15.5486100000000        183.906820989753     
   15.5572500000000        182.432956930709     
   15.5658900000000        180.885814884358     
   15.5745200000000        179.345623875191     
   15.5831600000000        177.869535664237     
   15.5917900000000        176.532206287335     
   15.6004100000000        175.398956121115     
   15.6090300000000        174.478964736825     
   15.6176500000000        173.711388451214     
   15.6262700000000        173.009050983364     
   15.6348800000000        172.312234734281     
   15.6434900000000        171.585859974229     
   15.6521000000000        170.779680738199     
   15.6607000000000        169.803359622933     
   15.6693000000000        168.549192518998     
   15.6779000000000        166.951740145990     
   15.6864900000000        165.031627028714     
   15.6950800000000        162.892848048216     
   15.7036700000000        160.702321415680     
   15.7122600000000        158.645454667492     
   15.7208400000000        156.879454024353     
   15.7294100000000        155.487206135392     
   15.7379900000000        154.461624487154     
   15.7465600000000        153.730185097682     
   15.7551300000000        153.188663114454     
   15.7637000000000        152.754462582377     
   15.7722600000000        152.391595217271     
   15.7808200000000        152.098019642463     
   15.7893700000000        151.871575679310     
   15.7979300000000        151.677498834800     
   15.8064700000000        151.449761937291     
   15.8150200000000        151.116894079955     
   15.8235600000000        150.632694635847     
   15.8321000000000        149.984361270321     
   15.8406400000000        149.199447690914     
   15.8491800000000        148.341856589354     
   15.8577100000000        147.487313363431     
   15.8662300000000        146.696125615856     
   15.8747600000000        146.013786495860     
   15.8832800000000        145.487241886202     
   15.8918000000000        145.155092593483     
   15.9003100000000        145.035644520042     
   15.9088200000000        145.115471913055     
   15.9173300000000        145.355410674230     
   15.9258400000000        145.711178458704     
   15.9343400000000        146.155784135818     
   15.9428400000000        146.682056010445     
   15.9513300000000        147.279312995664     
   15.9598300000000        147.921959443891     
   15.9683100000000        148.575077422404     
   15.9768000000000        149.227391577540     
   15.9852800000000        149.897621478710     
   15.9937600000000        150.634644097590     
   16.0022400000000        151.490485034224     
   16.0107100000000        152.490215850542     
   16.0191800000000        153.613740471729     
   16.0276500000000        154.789005228689     
   16.0361200000000        155.912839767256     
   16.0445800000000        156.881136781476     
   16.0530300000000        157.610601016893     
   16.0614900000000        158.040728050436     
   16.0699400000000        158.131286793850     
   16.0783900000000        157.867268528741     
   16.0868300000000        157.246256313793     
   16.0952800000000        156.257212661745     
   16.1037100000000        154.882947412035     
   16.1121500000000        153.103812970579     
   16.1205800000000        150.943125752474     
   16.1290100000000        148.465128149449     
   16.1374400000000        145.764451995233     
   16.1458600000000        142.934497522676     
   16.1542800000000        140.038747468113     
   16.1627000000000        137.125643075007     
   16.1711100000000        134.242010857827     
   16.1795200000000        131.429480354047     
   16.1879300000000        128.735320435539     
   16.1963300000000        126.209386781356     
   16.2047300000000        123.889264506706     
   16.2131300000000        121.800208734000     
   16.2215200000000        119.941818778900     
   16.2299100000000        118.273255070507     
   16.2383000000000        116.725310835763     
   16.2466900000000        115.216486910673     
   16.2550700000000        113.677799157424     
   16.2634500000000        112.064400739945     
   16.2718200000000        110.371134035718     
   16.2802000000000        108.620880178954     
   16.2885600000000        106.865157260769     
   16.2969300000000        105.133957476762     
   16.3052900000000        103.437850222542     
   16.3136500000000        101.754429247294     
   16.3220100000000        100.059872422726     
   16.3303600000000        98.3521103491638     
   16.3387100000000        96.6517544577819     
   16.3470600000000        94.9983950103968     
   16.3554000000000        93.4340663811243     
   16.3637400000000        91.9847952483185     
   16.3720800000000        90.6581777940144     
   16.3804200000000        89.4327816934436     
   16.3887500000000        88.2557559923978     
   16.3970700000000        87.0547993299316     
   16.4054000000000        85.7695751723306     
   16.4137200000000        84.3893805674817     
   16.4220400000000        82.9468862167831     
   16.4303500000000        81.5102738207467     
   16.4386700000000        80.1559489885428     
   16.4469700000000        78.9656177094627     
   16.4552800000000        77.9918384288923     
   16.4635800000000        77.2554544055981     
   16.4718800000000        76.7254941515306     
   16.4801800000000        76.3370639717307     
   16.4884700000000        76.0248514189467     
   16.4967600000000        75.7551725372054     
   16.5050500000000        75.5337153575138     
   16.5133300000000        75.3849207765809     
   16.5216100000000        75.3269598690902     
   16.5298900000000        75.3618260904258     
   16.5381600000000        75.4769367329463     
   16.5464300000000        75.6519092870707     
   16.5547000000000        75.8632077877201     
   16.5629700000000        76.0843971557924     
   16.5712300000000        76.2823391090056     
   16.5794900000000        76.4170163175839     
   16.5877400000000        76.4479134006337     
   16.5959900000000        76.3468075058871     
   16.6042400000000        76.1046500888775     
   16.6124900000000        75.7282084224933     
   16.6207300000000        75.2310137715818     
   16.6289700000000        74.6249411553759     
   16.6372000000000        73.9211383709308     
   16.6454400000000        73.1262375846172     
   16.6536700000000        72.2496441787104     
   16.6618900000000        71.3018937294315     
   16.6701200000000        70.2990375107254     
   16.6783400000000        69.2740184989270     
   16.6865500000000        68.2696872531108     
   16.6947700000000        67.3335009877461     
   16.7029800000000        66.5150593663459     
   16.7111900000000        65.8481740658418     
   16.7193900000000        65.3499257141371     
   16.7275900000000        65.0159856839537     
   16.7357900000000        64.8249253835056     
   16.7439800000000        64.7410687051256     
   16.7521800000000        64.7188235699283     
   16.7603600000000        64.7102990251568     
   16.7685500000000        64.6770312607266     
   16.7767300000000        64.6056351711717     
   16.7849100000000        64.5170492172001     
   16.7930900000000        64.4606711859649     
   16.8012600000000        64.4925408044656     
   16.8094300000000        64.6488614074853     
   16.8175900000000        64.9281988879469     
   16.8257600000000        65.2900639519857     
   16.8339200000000        65.6610061029027     
   16.8420700000000        65.9516219067241     
   16.8502300000000        66.0749383438444     
   16.8583800000000        65.9677281387722     
   16.8665300000000        65.6118700464972     
   16.8746700000000        65.0392051771853     
   16.8828100000000        64.3146122270875     
   16.8909500000000        63.5101834949155     
   16.8990800000000        62.6794882361095     
   16.9072100000000        61.8386317254067     
   16.9153400000000        60.9690425189385     
   16.9234700000000        60.0318883662078     
   16.9315900000000        58.9933932360914     
   16.9397100000000        57.8408526343606     
   16.9478200000000        56.5938969193192     
   16.9559400000000        55.2907304626236     
   16.9640500000000        53.9876738337397     
   16.9721500000000        52.7394803120714     
   16.9802600000000        51.5917455971025     
   16.9883600000000        50.5830178666829     
   16.9964500000000        49.7304746802850     
   17.0045500000000        49.0300047516033     
   17.0126400000000        48.4640194225055     
   17.0207200000000        48.0014423020545     
   17.0288100000000        47.6076817761101     
   17.0368900000000        47.2563729936458     
   17.0449700000000        46.9312535060374     
   17.0530400000000        46.6274721779208     
   17.0611100000000        46.3430554403401     
   17.0691800000000        46.0719311696696     
