   7.15970000000000        706.550506514681     
   7.17100000000000        701.557811460504     
   7.18231000000000        697.726977059461     
   7.19360000000000        673.266176650630     
   7.20490000000000        645.312925200080     
   7.21619000000000        620.176175129898     
   7.22748000000000        607.051561699800     
   7.23877000000000        614.511855634347     
   7.25005000000000        602.257028649063     
   7.26133000000000        583.761125499984     
   7.27261000000000        549.871407310392     
   7.28388000000000        524.191360243913     
   7.29515000000000        502.647088618404     
   7.30642000000000        508.213766346775     
   7.31768000000000        508.835538721321     
   7.32894000000000        514.506501457957     
   7.34020000000000        528.536931261596     
   7.35146000000000        558.651595482843     
   7.36271000000000        585.897419847532     
   7.37396000000000        616.441146680438     
   7.38520000000000        620.000310343511     
   7.39644000000000        595.892009440618     
   7.40768000000000        580.108570094820     
   7.41892000000000        562.066153541985     
   7.43015000000000        546.069314873320     
   7.44138000000000        547.398435003418     
   7.45261000000000        529.873493226341     
   7.46383000000000        508.436337197033     
   7.47505000000000        496.496798320368     
   7.48626000000000        479.126113747377     
   7.49748000000000        482.968526202677     
   7.50869000000000        491.617484634305     
   7.51990000000000        484.582975009345     
   7.53110000000000        480.368755406896     
   7.54230000000000        491.351217954679     
   7.55350000000000        502.008584946285     
   7.56469000000000        500.872499934556     
   7.57588000000000        497.300859625425     
   7.58707000000000        494.714424112377     
   7.59826000000000        504.962153562672     
   7.60944000000000        515.178061217659     
   7.62062000000000        533.348739047692     
   7.63179000000000        553.302292400481     
   7.64296000000000        549.359814268337     
   7.65413000000000        531.529739996805     
   7.66530000000000        514.998632661161     
   7.67646000000000        506.574809377668     
   7.68762000000000        516.269800889227     
   7.69878000000000        520.583669426177     
   7.70993000000000        504.283134702375     
   7.72108000000000        485.102338141938     
   7.73223000000000        480.269870745311     
   7.74337000000000        482.924811240702     
   7.75451000000000        479.847816548232     
   7.76565000000000        475.862890481815     
   7.77678000000000        471.761369301561     
   7.78791000000000        470.235876639422     
   7.79904000000000        473.094034139876     
   7.81017000000000        482.045564356843     
   7.82129000000000        489.947728141833     
   7.83241000000000        499.087648390686     
   7.84352000000000        506.061144140199     
   7.85463000000000        503.438366718163     
   7.86574000000000        497.218632653217     
   7.87685000000000        486.810107954157     
   7.88795000000000        480.388222963163     
   7.89905000000000        481.551855704068     
   7.91015000000000        476.876359231408     
   7.92124000000000        450.738592297049     
   7.93233000000000        432.546477992481     
   7.94342000000000        423.635775011550     
   7.95450000000000        415.970136646347     
   7.96558000000000        405.752816345803     
   7.97666000000000        387.114836598306     
   7.98773000000000        368.283698513853     
   7.99880000000000        356.477726935413     
   8.00987000000000        341.619086832218     
   8.02093000000000        329.220195851251     
   8.03200000000000        332.646242042082     
   8.04305000000000        339.750293115757     
   8.05411000000000        338.944492227191     
   8.06516000000000        344.871219173261     
   8.07621000000000        359.150198961135     
   8.08726000000000        373.531091412939     
   8.09830000000000        382.739424109444     
   8.10934000000000        392.106063131006     
   8.12037000000000        394.454367033502     
   8.13141000000000        390.712178486647     
   8.14244000000000        380.899246264881     
   8.15346000000000        370.615141703224     
   8.16449000000000        358.773300367531     
   8.17551000000000        345.655429852313     
   8.18652000000000        325.262372160487     
   8.19754000000000        302.207690903031     
   8.20855000000000        285.239443874257     
   8.21955000000000        275.854122623542     
   8.23056000000000        275.459801745218     
   8.24156000000000        278.731701333935     
   8.25256000000000        283.669782841017     
   8.26355000000000        284.718549189764     
   8.27454000000000        284.854656970270     
   8.28553000000000        291.053786197248     
   8.29652000000000        305.612155584145     
   8.30750000000000        329.773074381661     
   8.31848000000000        350.139695353740     
   8.32946000000000        362.457393076134     
   8.34043000000000        369.010890980917     
   8.35140000000000        373.501963991931     
   8.36236000000000        377.844621229773     
   8.37333000000000        384.729788535807     
   8.38429000000000        394.511435550651     
   8.39524000000000        407.380325810512     
   8.40620000000000        417.789836461465     
   8.41715000000000        426.606325912642     
   8.42810000000000        429.356660589681     
   8.43904000000000        433.802392425145     
   8.44998000000000        433.160366893738     
   8.46092000000000        431.240646588211     
   8.47185000000000        430.231553751224     
   8.48278000000000        431.075246665569     
   8.49371000000000        429.149753109656     
   8.50464000000000        425.461938564355     
   8.51556000000000        421.769298407173     
   8.52648000000000        417.990427873826     
   8.53739000000000        415.490278764059     
   8.54831000000000        415.954571310532     
   8.55922000000000        420.309625378477     
   8.57012000000000        429.594551392056     
   8.58103000000000        440.604032556003     
   8.59193000000000        451.259232881102     
   8.60282000000000        458.599897651565     
   8.61372000000000        463.586099488528     
   8.62461000000000        473.156056205886     
   8.63549000000000        482.518634161886     
   8.64638000000000        489.352264616398     
   8.65726000000000        494.328238585029     
   8.66814000000000        500.535388317712     
   8.67901000000000        510.109491057925     
   8.68988000000000        518.998382837776     
   8.70075000000000        520.505723404904     
   8.71161000000000        517.620672505760     
   8.72248000000000        516.328953253741     
   8.73333000000000        511.529763252923     
   8.74419000000000        501.015491807734     
   8.75504000000000        486.796403142972     
   8.76589000000000        473.380537216992     
   8.77674000000000        462.832554079906     
   8.78758000000000        452.981949685606     
   8.79842000000000        445.348697626902     
   8.80926000000000        440.614955029675     
   8.82009000000000        435.285622565551     
   8.83092000000000        426.612548479769     
   8.84175000000000        420.182029484241     
   8.85257000000000        411.006529148495     
   8.86339000000000        407.291537918366     
   8.87421000000000        408.061350371735     
   8.88502000000000        407.306478865931     
   8.89583000000000        407.349058125572     
   8.90664000000000        408.913637510015     
   8.91745000000000        410.337083781024     
   8.92825000000000        409.465650381470     
   8.93905000000000        407.131831335828     
   8.94984000000000        405.973164096100     
   8.96063000000000        407.532500341180     
   8.97142000000000        411.418988220200     
   8.98221000000000        415.641680645760     
   8.99299000000000        422.078124150532     
   9.00377000000000        429.634861133503     
   9.01455000000000        436.800180066471     
   9.02532000000000        448.661667871649     
   9.03609000000000        468.435457276418     
   9.04686000000000        503.574292626287     
   9.05762000000000        549.839272498964     
   9.06838000000000        602.445991066858     
   9.07914000000000        653.016688033357     
   9.08989000000000        676.930647208296     
   9.10064000000000        667.918700058146     
   9.11139000000000        647.020765852030     
   9.12214000000000        631.194588713803     
   9.13288000000000        620.718355723808     
   9.14362000000000        613.458524127675     
   9.15435000000000        590.333189204460     
   9.16508000000000        550.694526057482     
   9.17581000000000        523.242515654364     
   9.18654000000000        522.036611949876     
   9.19726000000000        520.810776948936     
   9.20798000000000        504.572739187915     
   9.21870000000000        489.317394976579     
   9.22941000000000        480.831975175068     
   9.24012000000000        471.753743842814     
   9.25082000000000        458.337912627404     
   9.26153000000000        448.260492253421     
   9.27223000000000        441.562152780070     
   9.28293000000000        444.166538466570     
   9.29362000000000        456.056329113694     
   9.30431000000000        466.067152501493     
   9.31500000000000        457.077214295611     
   9.32568000000000        448.137471345875     
   9.33636000000000        463.753580138165     
   9.34704000000000        499.342017379771     
   9.35772000000000        534.853588779143     
   9.36839000000000        554.455600692917     
   9.37906000000000        556.185169587965     
   9.38972000000000        556.926531709567     
   9.40038000000000        567.746532421557     
   9.41104000000000        587.253874038965     
   9.42170000000000        602.176243370747     
   9.43235000000000        610.605053181407     
   9.44300000000000        622.776633490108     
   9.45365000000000        645.832212379022     
   9.46429000000000        664.173965458060     
   9.47493000000000        672.455878461616     
   9.48557000000000        684.840962449102     
   9.49620000000000        687.726401424279     
   9.50683000000000        683.820507392304     
   9.51746000000000        670.287741590901     
   9.52808000000000        667.781324155304     
   9.53871000000000        688.538249251685     
   9.54932000000000        718.632575311819     
   9.55994000000000        757.752402744186     
   9.57055000000000        780.215722607435     
   9.58116000000000        777.796054140039     
   9.59176000000000        770.338345523008     
   9.60237000000000        773.192067226453     
   9.61296000000000        779.306584950517     
   9.62356000000000        797.413962012807     
   9.63415000000000        818.602202049693     
   9.64474000000000        825.589830483692     
   9.65533000000000        820.808505912503     
   9.66591000000000        821.243184898950     
   9.67649000000000        832.293786935669     
   9.68707000000000        845.459665746013     
   9.69764000000000        858.521306240774     
   9.70821000000000        878.453145690090     
   9.71878000000000        926.818138986620     
   9.72934000000000        995.378809266239     
   9.73990000000000        1045.37532886348     
   9.75046000000000        1062.82401227394     
   9.76102000000000        1064.92929421633     
   9.77157000000000        1075.28636156386     
   9.78212000000000        1087.33063186181     
   9.79266000000000        1086.07845573822     
   9.80320000000000        1079.10848744146     
   9.81374000000000        1068.41974092359     
   9.82428000000000        1061.99343331703     
   9.83481000000000        1069.24496611228     
   9.84534000000000        1077.84321846815     
   9.85586000000000        1086.21261972344     
   9.86639000000000        1090.08240578637     
   9.87691000000000        1054.62096919780     
   9.88742000000000        1013.21663874644     
   9.89794000000000        1019.97871298946     
   9.90845000000000        1045.61990755866     
   9.91895000000000        1052.89152524812     
   9.92946000000000        1048.94021625123     
   9.93996000000000        1031.42597949102     
   9.95046000000000        1003.52983589635     
   9.96095000000000        974.010564899821     
   9.97144000000000        945.655889304728     
   9.98193000000000        919.487146120430     
   9.99242000000000        910.945874233172     
   10.0029000000000        923.739045316571     
   10.0133800000000        939.292488166267     
   10.0238500000000        948.754435433918     
   10.0343200000000        941.201923897478     
   10.0447900000000        925.942570573201     
   10.0552600000000        917.459706215605     
   10.0657200000000        913.162957158712     
   10.0761800000000        911.210272127374     
   10.0866400000000        915.131279824844     
   10.0970900000000        926.294768444206     
   10.1075400000000        940.245405484508     
   10.1179900000000        944.774734648652     
   10.1284300000000        939.969030678991     
   10.1388700000000        949.743457559949     
   10.1493100000000        971.892064907211     
   10.1597400000000        968.568613999061     
   10.1701700000000        952.809702820485     
   10.1806000000000        953.502527154123     
   10.1910300000000        956.816603526357     
   10.2014500000000        954.948494952748     
   10.2118700000000        969.246986473120     
   10.2222800000000        995.707094001864     
   10.2326900000000        1008.46036360222     
   10.2431000000000        1004.18919544379     
   10.2535100000000        993.243064981776     
   10.2639100000000        982.118879532468     
   10.2743100000000        973.220579609782     
   10.2847100000000        984.089695902685     
   10.2951000000000        1017.45515844230     
   10.3054900000000        1041.06590549975     
   10.3158800000000        1043.95825565275     
   10.3262600000000        1044.20329853953     
   10.3366400000000        1035.58949953412     
   10.3470200000000        1019.17725758175     
   10.3573900000000        1018.64783286681     
   10.3677600000000        1037.32001034502     
   10.3781300000000        1052.04900432811     
   10.3884900000000        1050.16085807191     
   10.3988600000000        1036.91408134739     
   10.4092100000000        1020.09624552057     
   10.4195700000000        1009.78931670661     
   10.4299200000000        1007.78773015133     
   10.4402700000000        1007.01307855219     
   10.4506100000000        998.169096367459     
   10.4609600000000        978.691712522731     
   10.4713000000000        953.156842353480     
   10.4816300000000        927.952531280927     
   10.4919600000000        914.284234040662     
   10.5022900000000        913.229031381460     
   10.5126200000000        914.466832502726     
   10.5229400000000        912.454895989574     
   10.5332600000000        897.781378956115     
   10.5435800000000        874.761600072181     
   10.5539000000000        850.190287075030     
   10.5642100000000        824.779257342107     
   10.5745100000000        802.022817142000     
   10.5848200000000        784.891113616405     
   10.5951200000000        769.003933686964     
   10.6054200000000        756.425521804735     
   10.6157100000000        749.490220638455     
   10.6260000000000        749.714071149406     
   10.6362900000000        764.113673956338     
   10.6465800000000        780.854749102548     
   10.6568600000000        790.063586828686     
   10.6671400000000        796.598061138395     
   10.6774100000000        804.296573768021     
   10.6876900000000        815.251996761052     
   10.6979600000000        830.638395415619     
   10.7082200000000        851.522049569595     
   10.7184900000000        880.028353731868     
   10.7287500000000        910.664061116849     
   10.7390000000000        937.458693029584     
   10.7492600000000        961.785239700948     
   10.7595100000000        984.331620166303     
   10.7697500000000        1009.41495384186     
   10.7800000000000        1045.13511142701     
   10.7902400000000        1083.33212743676     
   10.8004800000000        1114.50286974555     
   10.8107100000000        1138.67931710733     
   10.8209400000000        1151.83408797663     
   10.8311700000000        1156.74815172385     
   10.8414000000000        1168.15100495332     
   10.8516200000000        1193.45103498812     
   10.8618400000000        1228.72062948011     
   10.8720500000000        1259.92333735294     
   10.8822700000000        1281.88555172193     
   10.8924800000000        1295.64991180325     
   10.9026800000000        1303.48926251202     
   10.9128800000000        1314.21096872410     
   10.9230800000000        1336.02805333384     
   10.9332800000000        1363.98753277911     
   10.9434700000000        1389.19454685161     
   10.9536600000000        1410.69875589091     
   10.9638500000000        1421.69761835521     
   10.9740400000000        1406.57153293597     
   10.9842200000000        1371.75623007502     
   10.9943900000000        1336.71215674878     
   11.0045700000000        1311.87755514020     
   11.0147400000000        1301.22565037437     
   11.0249100000000        1299.69322649976     
   11.0350700000000        1297.78191982770     
   11.0452300000000        1291.85148905949     
   11.0553900000000        1287.36851732967     
   11.0655500000000        1291.86841810224     
   11.0757000000000        1307.47325676359     
   11.0858500000000        1330.06716760158     
   11.0960000000000        1352.53642846129     
   11.1061400000000        1365.21563658188     
   11.1162800000000        1365.24215394269     
   11.1264200000000        1362.44850678023     
   11.1365500000000        1370.07650072604     
   11.1466800000000        1387.87532796242     
   11.1568100000000        1404.27913832265     
   11.1669300000000        1417.28000845198     
   11.1770500000000        1431.07179759652     
   11.1871700000000        1443.75206166031     
   11.1972800000000        1451.40531805600     
   11.2073900000000        1453.47380866883     
   11.2175000000000        1447.67627718516     
   11.2276100000000        1443.64398248015     
   11.2377100000000        1455.83342903470     
   11.2478100000000        1487.03714274078     
   11.2579000000000        1525.58549085366     
   11.2679900000000        1555.30459124832     
   11.2780800000000        1571.55458574390     
   11.2881700000000        1580.98052837857     
   11.2982500000000        1590.72352313438     
   11.3083300000000        1608.66803645517     
   11.3184100000000        1634.63805573982     
   11.3284800000000        1656.25997546788     
   11.3385500000000        1668.55543324244     
   11.3486200000000        1678.77085467018     
   11.3586800000000        1694.77128711509     
   11.3687400000000        1718.18498653627     
   11.3788000000000        1740.89476687934     
   11.3888500000000        1758.05246512954     
   11.3989000000000        1770.27384488278     
   11.4089500000000        1778.29561015043     
   11.4189900000000        1785.74058661010     
   11.4290400000000        1795.70313276989     
   11.4390700000000        1805.29075747102     
   11.4491100000000        1808.19478886156     
   11.4591400000000        1809.17314543191     
   11.4691700000000        1816.92217879130     
   11.4792000000000        1831.30105323858     
   11.4892200000000        1845.83544445882     
   11.4992400000000        1858.64899344460     
   11.5092500000000        1868.68186951688     
   11.5192700000000        1871.36644967965     
   11.5292800000000        1870.78405020970     
   11.5392800000000        1875.47368621501     
   11.5492900000000        1886.31612611860     
   11.5592900000000        1898.10865028956     
   11.5692800000000        1906.50073828951     
   11.5792800000000        1916.01276694143     
   11.5892700000000        1929.88851714644     
   11.5992600000000        1942.45419420453     
   11.6092400000000        1952.15654272959     
   11.6192200000000        1960.55933213064     
   11.6292000000000        1966.68002582036     
   11.6391700000000        1970.96383671248     
   11.6491500000000        1973.95911458597     
   11.6591200000000        1979.54800605394     
   11.6690800000000        1990.39419436908     
   11.6790400000000        2002.72729748105     
   11.6890000000000        2011.19793680960     
   11.6989600000000        2014.33500794207     
   11.7089100000000        2017.46519877613     
   11.7188600000000        2023.60859399791     
   11.7288100000000        2027.44953337048     
   11.7387500000000        2025.97741640298     
   11.7486900000000        2019.60512198532     
   11.7586300000000        2003.75534721889     
   11.7685600000000        1978.86218712004     
   11.7784900000000        1949.42971311700     
   11.7884200000000        1912.43065457426     
   11.7983400000000        1877.21719383601     
   11.8082600000000        1861.15759420879     
   11.8181800000000        1865.46037988147     
   11.8281000000000        1877.78306364176     
   11.8380100000000        1882.45993663219     
   11.8479200000000        1871.93394891215     
   11.8578200000000        1850.37644484769     
   11.8677200000000        1825.28530370850     
   11.8776200000000        1800.68249215578     
   11.8875200000000        1776.28501946348     
   11.8974100000000        1753.34806814885     
   11.9073000000000        1733.85133594205     
   11.9171900000000        1717.93612613668     
   11.9270700000000        1704.30254946483     
   11.9369500000000        1693.64741898881     
   11.9468300000000        1687.44536641613     
   11.9567000000000        1680.78370475445     
   11.9665700000000        1665.51453266004     
   11.9764400000000        1637.03431556755     
   11.9863000000000        1598.39445097805     
   11.9961600000000        1561.70528318962     
   12.0060200000000        1537.95276501118     
   12.0158700000000        1527.11949350338     
   12.0257300000000        1524.42693839003     
   12.0355700000000        1530.36225551579     
   12.0454200000000        1547.49151891345     
   12.0552600000000        1573.79798722252     
   12.0651000000000        1604.73172141202     
   12.0749400000000        1637.03275633835     
   12.0847700000000        1666.83990931570     
   12.0946000000000        1692.77923062047     
   12.1044200000000        1714.82444452675     
   12.1142500000000        1729.95289953925     
   12.1240700000000        1740.37707472026     
   12.1338800000000        1754.70185434981     
   12.1437000000000        1780.10025432223     
   12.1535100000000        1817.08065903852     
   12.1633100000000        1856.74913783823     
   12.1731200000000        1890.71491957325     
   12.1829200000000        1918.76724741909     
   12.1927200000000        1941.65449432769     
   12.2025100000000        1962.40509879163     
   12.2123000000000        1982.95965726309     
   12.2220900000000        1997.27320766737     
   12.2318700000000        2003.82131669857     
   12.2416600000000        2008.75601046611     
   12.2514300000000        2013.31277377371     
   12.2612100000000        2016.27514600676     
   12.2709800000000        2022.83466311404     
   12.2807500000000        2038.22137206090     
   12.2905200000000        2058.63606319693     
   12.3002800000000        2080.26164914389     
   12.3100400000000        2103.97584283453     
   12.3198000000000        2125.20640190497     
   12.3295500000000        2133.69204295168     
   12.3393000000000        2129.11863090284     
   12.3490500000000        2123.53916561836     
   12.3587900000000        2125.33703343362     
   12.3685300000000        2131.37173773213     
   12.3782700000000        2132.76722784524     
   12.3880000000000        2127.73743959219     
   12.3977300000000        2123.90393342353     
   12.4074600000000        2126.18831246354     
   12.4171800000000        2130.96777515081     
   12.4269100000000        2131.70670628934     
   12.4366200000000        2125.54581340440     
   12.4463400000000        2112.15854862887     
   12.4560500000000        2087.94080425836     
   12.4657600000000        2048.61206105556     
   12.4754700000000        1996.87888507042     
   12.4851700000000        1945.15025661025     
   12.4948700000000        1906.22557622222     
   12.5045600000000        1886.81415985889     
   12.5142600000000        1886.91218138987     
   12.5239500000000        1900.36927052062     
   12.5336300000000        1916.68681016469     
   12.5433200000000        1926.43196318365     
   12.5530000000000        1926.26064647583     
   12.5626800000000        1919.13028474444     
   12.5723500000000        1910.22786129579     
   12.5820200000000        1903.40041953763     
   12.5916900000000        1899.87142216149     
   12.6013500000000        1897.53090214628     
   12.6110100000000        1895.66439344243     
   12.6206700000000        1897.32918257967     
   12.6303300000000        1902.20444811059     
   12.6399800000000        1907.16042373469     
   12.6496300000000        1909.30142318123     
   12.6592700000000        1902.83686928796     
   12.6689200000000        1883.14472205854     
   12.6785500000000        1856.58449340605     
   12.6881900000000        1836.89118394132     
   12.6978200000000        1834.20866188440     
   12.7074500000000        1852.11154116766     
   12.7170800000000        1888.26399722595     
   12.7267000000000        1934.72072118509     
   12.7363200000000        1981.09319731787     
   12.7459400000000        2018.42219663924     
   12.7555500000000        2040.98962410035     
   12.7651600000000        2047.20872544977     
   12.7747700000000        2039.50691585662     
   12.7843800000000        2023.53751589235     
   12.7939800000000        2008.57858349084     
   12.8035800000000        2003.64324808691     
   12.8131700000000        2011.08611355782     
   12.8227600000000        2024.95876902632     
   12.8323500000000        2037.56485872055     
   12.8419400000000        2046.96500341525     
   12.8515200000000        2055.27313941523     
   12.8611000000000        2064.11420503027     
   12.8706700000000        2074.20842480206     
   12.8802500000000        2085.89406876574     
   12.8898100000000        2098.32217731948     
   12.8993800000000        2110.58162584333     
   12.9089400000000        2125.01233037383     
   12.9185000000000        2145.96560656151     
   12.9280600000000        2174.53939811205     
   12.9376100000000        2206.10400132610     
   12.9471700000000        2234.17142142501     
   12.9567100000000        2256.24024003341     
   12.9662600000000        2274.40605296301     
   12.9758000000000        2290.09062180459     
   12.9853400000000        2302.94309708571     
   12.9948700000000        2313.33833231890     
   13.0044000000000        2320.37408355642     
   13.0139300000000        2321.05727646139     
   13.0234600000000        2315.92210563961     
   13.0329800000000        2310.39715143033     
   13.0425000000000        2308.16688047011     
   13.0520100000000        2308.90314223760     
   13.0615200000000        2311.52654789450     
   13.0710300000000        2316.80748012562     
   13.0805400000000        2326.96183441804     
   13.0900400000000        2343.87410920320     
   13.0995400000000        2369.56710105631     
   13.1090400000000        2405.97446013378     
   13.1185300000000        2451.31080223984     
   13.1280200000000        2498.81310760286     
   13.1375100000000        2540.95915674844     
   13.1469900000000        2573.74668348421     
   13.1564700000000        2597.27097928786     
   13.1659500000000        2614.18281961911     
   13.1754300000000        2627.64088869278     
   13.1849000000000        2640.02017516053     
   13.1943700000000        2652.99579047038     
   13.2038300000000        2668.25498827043     
   13.2132900000000        2686.38520131958     
   13.2227500000000        2703.50950489343     
   13.2322100000000        2712.84747206126     
   13.2416600000000        2710.17374522198     
   13.2511100000000        2696.85280620508     
   13.2605500000000        2679.08923868495     
   13.2700000000000        2663.56948865227     
   13.2794400000000        2653.87311443289     
   13.2888700000000        2649.24182822621     
   13.2983100000000        2645.41986500952     
   13.3077400000000        2636.95600250675     
   13.3171600000000        2622.40716588611     
   13.3265900000000        2606.20766246592     
   13.3360100000000        2593.37372327901     
   13.3454300000000        2584.70579147414     
   13.3548400000000        2577.09311338960     
   13.3642500000000        2567.10813244315     
   13.3736600000000        2554.17767801416     
   13.3830600000000        2539.85899029202     
   13.3924700000000        2527.14092615994     
   13.4018600000000        2520.41117519937     
   13.4112600000000        2520.37381338540     
   13.4206500000000        2521.65686044543     
   13.4300400000000        2519.94099661117     
   13.4394300000000        2516.82830887686     
   13.4488100000000        2515.54720578827     
   13.4581900000000        2516.71290523149     
   13.4675600000000        2518.66208363914     
   13.4769400000000        2519.32880925406     
   13.4863100000000        2518.96590350913     
   13.4956700000000        2521.67869718430     
   13.5050400000000        2531.36623015355     
   13.5144000000000        2545.97887218159     
   13.5237600000000        2557.74284526722     
   13.5331100000000        2558.75381671682     
   13.5424600000000        2547.03019515844     
   13.5518100000000        2526.86469993218     
   13.5611500000000        2505.33530422816     
   13.5704900000000        2489.40005301674     
   13.5798300000000        2483.73543779754     
   13.5891700000000        2489.23932592194     
   13.5985000000000        2503.03938609810     
   13.6078300000000        2520.85765780752     
   13.6171500000000        2540.06363773345     
   13.6264800000000        2559.95803623095     
   13.6358000000000        2579.62136269375     
   13.6451100000000        2597.42327339439     
   13.6544200000000        2612.12786443034     
   13.6637300000000        2623.58370090630     
   13.6730400000000        2632.61580257581     
   13.6823400000000        2640.41455837211     
   13.6916400000000        2648.03489077927     
   13.7009400000000        2655.92793687545     
   13.7102400000000        2662.84628287479     
   13.7195300000000        2666.45512665852     
   13.7288100000000        2666.27742016859     
   13.7381000000000        2664.51128432799     
   13.7473800000000        2662.97286538954     
   13.7566600000000        2660.14850543244     
   13.7659300000000        2652.63719505427     
   13.7752000000000        2639.86719773335     
   13.7844700000000        2626.05283324688     
   13.7937400000000        2617.17469911518     
   13.8030000000000        2617.73498190671     
   13.8122600000000        2629.96901711565     
   13.8215200000000        2653.99022280005     
   13.8307700000000        2688.01514207102     
   13.8400200000000        2729.25490679364     
   13.8492600000000        2774.56273514303     
   13.8585100000000        2819.96977893559     
   13.8677500000000        2859.88895441227     
   13.8769800000000        2889.58059475606     
   13.8862200000000        2907.49788030086     
   13.8954500000000        2915.18930939463     
   13.9046800000000        2915.45404238534     
   13.9139000000000        2910.48595406501     
   13.9231200000000        2901.52491670597     
   13.9323400000000        2889.22905235076     
   13.9415500000000        2875.23087161867     
   13.9507700000000        2864.18246895600     
   13.9599700000000        2862.53854015428     
   13.9691800000000        2873.36600302758     
   13.9783800000000        2893.43079734442     
   13.9875800000000        2915.63181247171     
   13.9967800000000        2933.38230005719     
   14.0059700000000        2944.19212308249     
   14.0151600000000        2950.82785644784     
   14.0243400000000        2957.81094106294     
   14.0335300000000        2967.34361256518     
   14.0427100000000        2978.88504184947     
   14.0518800000000        2990.18730550427     
   14.0610600000000        2997.53065899988     
   14.0702300000000        2996.48239227721     
   14.0794000000000        2984.39073675097     
   14.0885600000000        2962.62174086738     
   14.0977200000000        2935.71741297731     
   14.1068800000000        2908.97186826326     
   14.1160300000000        2886.77322439222     
   14.1251800000000        2870.91248380848     
   14.1343300000000        2859.45445557835     
   14.1434800000000        2848.22166168192     
   14.1526200000000        2834.40993972211     
   14.1617600000000        2818.07060351881     
   14.1708900000000        2800.55658248339     
   14.1800300000000        2783.45544067906     
   14.1891500000000        2769.66136943640     
   14.1982800000000        2762.68428104353     
   14.2074000000000        2764.00123875773     
   14.2165200000000        2771.34718137249     
   14.2256400000000        2780.47879570582     
   14.2347500000000        2788.50271461393     
   14.2438600000000        2796.09714838700     
   14.2529700000000        2807.26303517730     
   14.2620700000000        2827.04347436239     
   14.2711800000000        2859.06404498516     
   14.2802700000000        2904.08289127618     
   14.2893700000000        2960.30688501083     
   14.2984600000000        3022.88043379266     
   14.3075500000000        3085.12416666663     
   14.3166300000000        3141.12441386827     
   14.3257100000000        3189.10091653910     
   14.3347900000000        3230.28341213612     
   14.3438700000000        3264.66933079549     
   14.3529400000000        3289.26350673173     
   14.3620100000000        3300.62509416052     
   14.3710700000000        3297.13120524227     
   14.3801400000000        3279.09577638948     
   14.3892000000000        3248.49991275852     
   14.3982500000000        3208.62901211486     
   14.4073100000000        3162.84365605692     
   14.4163600000000        3114.28019500703     
   14.4254000000000        3066.20939147375     
   14.4344500000000        3022.08824720693     
   14.4434900000000        2984.72910295660     
   14.4525200000000        2954.82487575203     
   14.4615600000000        2930.82444792094     
   14.4705900000000        2910.41089239522     
   14.4796200000000        2892.27850094814     
   14.4886400000000        2876.47520048642     
   14.4976600000000        2862.76471432690     
   14.5066800000000        2849.94020729874     
   14.5157000000000        2836.39558051678     
   14.5247100000000        2820.98273373747     
   14.5337200000000        2803.83225468925     
   14.5427200000000        2787.00584136729     
   14.5517300000000        2773.92190199589     
   14.5607300000000        2768.26043032557     
   14.5697200000000        2772.36935930487     
   14.5787100000000        2785.80347375343     
   14.5877000000000        2804.98131509759     
   14.5966900000000        2824.71048976530     
   14.6056700000000        2840.76706879736     
   14.6146600000000        2852.18157953094     
   14.6236300000000        2861.01644140561     
   14.6326100000000        2869.59274957088     
   14.6415800000000        2877.59918454962     
   14.6505400000000        2882.92767362810     
   14.6595100000000        2884.65965359963     
   14.6684700000000        2883.71156623158     
   14.6774300000000        2880.80444587728     
   14.6863800000000        2875.79240461379     
   14.6953400000000        2869.16924459430     
   14.7042800000000        2862.54532506564     
   14.7132300000000        2857.26428454763     
   14.7221700000000        2853.71988899089     
   14.7311100000000        2851.56604917744     
   14.7400500000000        2849.97795366009     
   14.7489800000000        2847.18312841231     
   14.7579100000000        2839.71028388950     
   14.7668400000000        2823.31172530711     
   14.7757600000000        2795.89534407801     
   14.7846800000000        2759.19058161596     
   14.7936000000000        2717.75458712066     
   14.8025100000000        2676.84670592414     
   14.8114200000000        2640.84851035319     
   14.8203300000000        2613.16007523718     
   14.8292300000000        2596.18989568077     
   14.8381300000000        2590.68980457735     
   14.8470300000000        2595.32859278669     
   14.8559300000000        2607.21478206026     
   14.8648200000000        2623.08879806979     
   14.8737100000000        2640.12873657227     
   14.8825900000000        2655.72251878548     
   14.8914700000000        2667.41859019282     
   14.9003500000000        2673.58013391239     
   14.9092300000000        2673.96431670733     
   14.9181000000000        2669.13545501706     
   14.9269700000000        2659.46481252150     
   14.9358400000000        2644.94727743751     
   14.9447000000000        2625.66533177034     
   14.9535600000000        2602.03709812001     
   14.9624200000000        2574.97216171129     
   14.9712700000000        2545.98088534365     
   14.9801200000000        2517.07998546200     
   14.9889700000000        2490.63376374849     
   14.9978100000000        2468.76164173810     
   15.0066500000000        2452.67929982369     
   15.0154900000000        2442.57129489098     
   15.0243300000000        2437.49105104003     
   15.0331600000000        2435.36095736453     
   15.0419900000000        2433.48462529241     
   15.0508100000000        2429.59137427097     
   15.0596300000000        2422.61138690064     
   15.0684500000000        2412.72547389901     
   15.0772700000000        2400.70710140392     
   15.0860800000000        2387.07451361636     
   15.0948900000000        2371.86441619832     
   15.1037000000000        2355.52937911346     
   15.1125000000000        2339.72242844652     
   15.1213000000000        2326.54490962031     
   15.1301000000000        2317.06459354860     
   15.1388900000000        2310.87948785558     
   15.1476800000000        2307.13872496316     
   15.1564700000000        2305.55113127501     
   15.1652500000000        2306.30703407994     
   15.1740300000000        2309.52283590636     
   15.1828100000000        2314.90146495977     
   15.1915800000000        2321.62732546846     
   15.2003500000000        2328.36632637216     
   15.2091200000000        2333.22470327761     
   15.2178900000000        2333.93937242881     
   15.2266500000000        2328.50802023287     
   15.2354100000000        2315.98872877006     
   15.2441600000000        2296.77053121424     
   15.2529200000000        2271.69783817381     
   15.2616700000000        2241.24863942145     
   15.2704100000000        2205.55524700449     
   15.2791500000000        2165.71886068912     
   15.2878900000000        2124.81316816453     
   15.2966300000000        2087.02185578272     
   15.3053600000000        2055.64146277007     
   15.3140900000000        2031.55570490042     
   15.3228200000000        2013.54537492657     
   15.3315400000000        1999.64290261785     
   15.3402600000000        1988.71777462927     
   15.3489800000000        1981.23624048384     
   15.3577000000000        1978.46113968170     
   15.3664100000000        1980.88947366151     
   15.3751200000000        1987.26786222701     
   15.3838200000000        1994.96824237263     
   15.3925200000000        2001.17734289059     
   15.4012200000000        2003.61240035692     
   15.4099200000000        2000.71058650365     
   15.4186100000000        1991.90369741833     
   15.4273000000000        1977.89924585978     
   15.4359800000000        1960.56995045013     
   15.4446700000000        1942.27618036577     
   15.4533400000000        1925.37626107539     
   15.4620200000000        1911.47567794478     
   15.4706900000000        1901.22025885976     
   15.4793600000000        1893.94802120576     
   15.4880300000000        1887.93629048518     
   15.4966900000000        1881.03659717313     
   15.5053500000000        1871.62172576821     
   15.5140100000000        1859.42544898383     
   15.5226700000000        1845.69247495526     
   15.5313200000000        1832.54042747510     
   15.5399600000000        1821.82869441476     
   15.5486100000000        1814.31922636550     
   15.5572500000000        1809.58685384921     
   15.5658900000000        1806.30372246779     
   15.5745200000000        1802.74369491898     
   15.5831600000000        1797.19192049316     
   15.5917900000000        1788.39151180802     
   15.6004100000000        1775.83730227900     
   15.6090300000000        1759.82638272679     
   15.6176500000000        1741.23218806166     
   15.6262700000000        1721.08927960348     
   15.6348800000000        1700.33512784749     
   15.6434900000000        1679.70255008660     
   15.6521000000000        1659.93420055412     
   15.6607000000000        1641.92317501818     
   15.6693000000000        1626.60853786626     
   15.6779000000000        1614.81131665971     
   15.6864900000000        1606.94129820148     
   15.6950800000000        1602.69983202311     
   15.7036700000000        1600.89199716235     
   15.7122600000000        1599.53675068362     
   15.7208400000000        1596.60618586399     
   15.7294100000000        1591.01778513414     
   15.7379900000000        1583.18485757488     
   15.7465600000000        1574.87273927917     
   15.7551300000000        1568.27296356454     
   15.7637000000000        1564.95501774980     
   15.7722600000000        1565.16679732007     
   15.7808200000000        1567.87416375843     
   15.7893700000000        1571.30789187391     
   15.7979300000000        1573.54531065302     
   15.8064700000000        1572.87377432656     
   15.8150200000000        1568.12898078121     
   15.8235600000000        1559.09331963042     
   15.8321000000000        1546.76004214802     
   15.8406400000000        1533.14426664641     
   15.8491800000000        1520.50844621917     
   15.8577100000000        1510.53551886234     
   15.8662300000000        1503.93575433594     
   15.8747600000000        1500.58676803596     
   15.8832800000000        1499.85898680835     
   15.8918000000000        1500.92323033938     
   15.9003100000000        1503.12925237978     
   15.9088200000000        1506.20422015328     
   15.9173300000000        1510.14576994179     
   15.9258400000000        1514.99130394979     
   15.9343400000000        1520.65023442721     
   15.9428400000000        1526.79422545233     
   15.9513300000000        1532.64603881101     
   15.9598300000000        1536.87849643417     
   15.9683100000000        1537.73754910984     
   15.9768000000000        1533.63672155110     
   15.9852800000000        1523.83829561362     
   15.9937600000000        1508.83385416400     
   16.0022400000000        1490.16989157231     
   16.0107100000000        1469.85776614298     
   16.0191800000000        1449.69587384160     
   16.0276500000000        1430.99413099202     
   16.0361200000000        1414.36520324879     
   16.0445800000000        1399.61694508463     
   16.0530300000000        1385.77947860508     
   16.0614900000000        1371.49725708575     
   16.0699400000000        1355.79692132702     
   16.0783900000000        1338.59811156429     
   16.0868300000000        1320.98893296048     
   16.0952800000000        1304.69736171203     
   16.1037100000000        1291.43553257740     
   16.1121500000000        1282.01311982615     
   16.1205800000000        1276.32786349554     
   16.1290100000000        1273.56142975744     
   16.1374400000000        1272.71744900617     
   16.1458600000000        1272.91527066494     
   16.1542800000000        1273.36082660663     
   16.1627000000000        1273.13946233844     
   16.1711100000000        1271.10490394057     
   16.1795200000000        1265.97566722483     
   16.1879300000000        1256.62290155503     
   16.1963300000000        1242.50321520398     
   16.2047300000000        1224.01092438762     
   16.2131300000000        1202.65911633075     
   16.2215200000000        1180.78433503583     
   16.2299100000000        1160.77131648609     
   16.2383000000000        1144.44213298479     
   16.2466900000000        1132.65473023595     
   16.2550700000000        1125.24679521217     
   16.2634500000000        1121.12509114460     
   16.2718200000000        1118.60319119599     
   16.2802000000000        1115.90266426577     
   16.2885600000000        1111.78733644947     
   16.2969300000000        1105.89332349739     
   16.3052900000000        1098.74131149884     
   16.3136500000000        1091.32177613190     
   16.3220100000000        1084.68893472521     
   16.3303600000000        1079.70757496486     
   16.3387100000000        1077.00738832205     
   16.3470600000000        1077.08583285107     
   16.3554000000000        1080.34091480506     
   16.3637400000000        1087.01084587000     
   16.3720800000000        1096.96308982182     
   16.3804200000000        1109.45564774367     
   16.3887500000000        1123.07994369212     
   16.3970700000000        1136.05947252176     
   16.4054000000000        1146.65042845519     
   16.4137200000000        1153.31503181248     
   16.4220400000000        1154.93346090662     
   16.4303500000000        1150.91048314645     
   16.4386700000000        1141.39173840820     
   16.4469700000000        1127.41884820962     
   16.4552800000000        1110.55514568760     
   16.4635800000000        1092.55227171237     
   16.4718800000000        1074.67809524266     
   16.4801800000000        1057.48886950832     
   16.4884700000000        1040.90763161618     
   16.4967600000000        1024.57486616190     
   16.5050500000000        1008.36878918347     
   16.5133300000000        992.605921150162     
   16.5216100000000        977.837401304931     
   16.5298900000000        964.564131392030     
   16.5381600000000        952.925826161500     
   16.5464300000000        942.566911276667     
   16.5547000000000        932.829968736901     
   16.5629700000000        923.002403017207     
   16.5712300000000        912.537205917282     
   16.5794900000000        901.071455340334     
   16.5877400000000        888.420517520944     
   16.5959900000000        874.460243736256     
   16.6042400000000        859.162414228084     
   16.6124900000000        842.607610492167     
   16.6207300000000        825.035836995070     
   16.6289700000000        806.808813085830     
   16.6372000000000        788.483771060184     
   16.6454400000000        770.619264892740     
   16.6536700000000        753.815016939522     
   16.6618900000000        738.524275549395     
   16.6701200000000        725.080598276975     
   16.6783400000000        713.793304093046     
   16.6865500000000        704.773657039401     
   16.6947700000000        697.892050325163     
   16.7029800000000        692.818109959427     
   16.7111900000000        689.003470295009     
   16.7193900000000        685.789539462981     
   16.7275900000000        682.451438016579     
   16.7357900000000        678.286615934169     
   16.7439800000000        672.730584516987     
   16.7521800000000        665.461846744255     
   16.7603600000000        656.564085529365     
   16.7685500000000        646.427746770018     
   16.7767300000000        635.756592292318     
   16.7849100000000        625.305591016388     
   16.7930900000000        615.777464212450     
   16.8012600000000        607.737149948567     
   16.8094300000000        601.544125378474     
   16.8175900000000        597.356332994336     
   16.8257600000000        595.073683415550     
   16.8339200000000        594.406754219503     
   16.8420700000000        594.979394712153     
   16.8502300000000        596.513798724477     
   16.8583800000000        598.921955834319     
   16.8665300000000        602.287290233211     
   16.8746700000000        606.718800507619     
   16.8828100000000        612.223244351182     
   16.8909500000000        618.616312079178     
   16.8990800000000        625.529270290894     
   16.9072100000000        632.501440533433     
   16.9153400000000        639.014230773289     
   16.9234700000000        644.506963586748     
   16.9315900000000        648.355748006644     
   16.9397100000000        649.913233561309     
   16.9478200000000        648.585506936924     
   16.9559400000000        643.968919539374     
   16.9640500000000        636.009246803185     
   16.9721500000000        625.067821553804     
   16.9802600000000        611.851054376616     
   16.9883600000000        597.356065721340     
   16.9964500000000        582.576228316478     
   17.0045500000000        568.317187018473     
   17.0126400000000        555.201211214430     
   17.0207200000000        543.514105389957     
   17.0288100000000        533.244226464699     
   17.0368900000000        524.250079876597     
   17.0449700000000        516.290069291755     
   17.0530400000000        509.183653014287     
   17.0611100000000        502.804558877354     
   17.0691800000000        497.067696510808     
