   7.15970000000000        463.814965756485     
   7.17100000000000        460.994723190577     
   7.18231000000000        458.173676525400     
   7.19360000000000        441.827525467122     
   7.20490000000000        423.034504310080     
   7.21619000000000        406.603376050216     
   7.22748000000000        398.983103472443     
   7.23877000000000        404.980286253708     
   7.25005000000000        398.577121659929     
   7.26133000000000        386.157275776827     
   7.27261000000000        362.865459474583     
   7.28388000000000        345.721519286418     
   7.29515000000000        330.350060477417     
   7.30642000000000        333.322174403450     
   7.31768000000000        333.266582906497     
   7.32894000000000        336.858792125892     
   7.34020000000000        346.831855262534     
   7.35146000000000        367.851675712575     
   7.36271000000000        386.417558616183     
   7.37396000000000        407.045916089982     
   7.38520000000000        409.415383112692     
   7.39644000000000        393.947407905830     
   7.40768000000000        384.240198220434     
   7.41892000000000        372.967418088913     
   7.43015000000000        361.586582135439     
   7.44138000000000        362.066781922487     
   7.45261000000000        349.165412234763     
   7.46383000000000        334.680959052676     
   7.47505000000000        327.307765995020     
   7.48626000000000        315.830005591196     
   7.49748000000000        318.352811625688     
   7.50869000000000        323.811013752740     
   7.51990000000000        318.825480270200     
   7.53110000000000        317.816403430274     
   7.54230000000000        327.535119224080     
   7.55350000000000        336.128526877801     
   7.56469000000000        335.552447397667     
   7.57588000000000        333.125594694961     
   7.58707000000000        332.423540622831     
   7.59826000000000        341.429646547310     
   7.60944000000000        348.987739501383     
   7.62062000000000        360.928038415854     
   7.63179000000000        373.658678521529     
   7.64296000000000        370.096435311210     
   7.65413000000000        358.774599312280     
   7.66530000000000        349.965783568090     
   7.67646000000000        346.084744995122     
   7.68762000000000        354.222796216078     
   7.69878000000000        357.798454483919     
   7.70993000000000        345.874407323052     
   7.72108000000000        331.705687598149     
   7.73223000000000        328.207863065236     
   7.74337000000000        330.825887396783     
   7.75451000000000        327.777740108278     
   7.76565000000000        322.809634478860     
   7.77678000000000        317.909053718233     
   7.78791000000000        315.976910668298     
   7.79904000000000        317.962760860546     
   7.81017000000000        324.532072877586     
   7.82129000000000        330.187916232683     
   7.83241000000000        336.647225715789     
   7.84352000000000        341.225871388268     
   7.85463000000000        339.765269164696     
   7.86574000000000        336.869098474222     
   7.87685000000000        330.802679006299     
   7.88795000000000        326.941761376849     
   7.89905000000000        328.489989944451     
   7.91015000000000        325.436390396528     
   7.92124000000000        306.764688537519     
   7.93233000000000        293.238864268304     
   7.94342000000000        286.730311207512     
   7.95450000000000        281.084726768244     
   7.96558000000000        272.550628193564     
   7.97666000000000        256.833768957566     
   7.98773000000000        240.724496861637     
   7.99880000000000        230.412424389401     
   8.00987000000000        218.945224652818     
   8.02093000000000        209.159631653938     
   8.03200000000000        210.995026669060     
   8.04305000000000        214.789958075191     
   8.05411000000000        213.138693135872     
   8.06516000000000        216.103008464895     
   8.07621000000000        225.002996037121     
   8.08726000000000        234.155496200334     
   8.09830000000000        239.302228282827     
   8.10934000000000        244.483114193147     
   8.12037000000000        244.655835824477     
   8.13141000000000        241.144510188946     
   8.14244000000000        233.682090854888     
   8.15346000000000        225.940784468335     
   8.16449000000000        217.996073855442     
   8.17551000000000        209.822664316497     
   8.18652000000000        196.546119067456     
   8.19754000000000        180.598901871814     
   8.20855000000000        169.386313834460     
   8.21955000000000        164.206840454574     
   8.23056000000000        164.553631106844     
   8.24156000000000        166.528455521701     
   8.25256000000000        168.914116329757     
   8.26355000000000        168.302665874240     
   8.27454000000000        166.792760800856     
   8.28553000000000        168.892950350966     
   8.29652000000000        177.056501288651     
   8.30750000000000        191.798377604062     
   8.31848000000000        204.524641562248     
   8.32946000000000        212.231163419850     
   8.34043000000000        216.115092962232     
   8.35140000000000        219.361296983713     
   8.36236000000000        222.276426201300     
   8.37333000000000        226.458681256820     
   8.38429000000000        232.362759554741     
   8.39524000000000        240.151320699703     
   8.40620000000000        245.605891876269     
   8.41715000000000        250.206992687616     
   8.42810000000000        251.279277103806     
   8.43904000000000        253.367508525999     
   8.44998000000000        252.478629046298     
   8.46092000000000        251.207015549264     
   8.47185000000000        250.539939986185     
   8.48278000000000        250.558796567545     
   8.49371000000000        248.899776071641     
   8.50464000000000        245.545314948971     
   8.51556000000000        241.984680184041     
   8.52648000000000        239.311469854495     
   8.53739000000000        238.296718322813     
   8.54831000000000        238.695349109621     
   8.55922000000000        240.940052093817     
   8.57012000000000        246.062599542549     
   8.58103000000000        252.301014162881     
   8.59193000000000        258.212268878809     
   8.60282000000000        262.422919186052     
   8.61372000000000        266.039456871070     
   8.62461000000000        272.747696497406     
   8.63549000000000        279.043805853537     
   8.64638000000000        283.293556788071     
   8.65726000000000        286.036289919942     
   8.66814000000000        289.067365137599     
   8.67901000000000        294.128381365503     
   8.68988000000000        299.152014851087     
   8.70075000000000        300.301682161909     
   8.71161000000000        298.851956576989     
   8.72248000000000        298.148688895224     
   8.73333000000000        295.101074254959     
   8.74419000000000        288.374926990455     
   8.75504000000000        279.513934096270     
   8.76589000000000        271.551794255775     
   8.77674000000000        265.627346408948     
   8.78758000000000        260.195129543125     
   8.79842000000000        256.031750685624     
   8.80926000000000        253.413046153191     
   8.82009000000000        250.247128173248     
   8.83092000000000        244.966725116897     
   8.84175000000000        241.045768230402     
   8.85257000000000        235.672478714293     
   8.86339000000000        233.869605299914     
   8.87421000000000        234.966046202639     
   8.88502000000000        235.184258201744     
   8.89583000000000        235.617934450585     
   8.90664000000000        236.704655500370     
   8.91745000000000        237.636135477999     
   8.92825000000000        237.196581996740     
   8.93905000000000        235.934588685702     
   8.94984000000000        235.468142191979     
   8.96063000000000        236.783274485131     
   8.97142000000000        239.680104950327     
   8.98221000000000        242.878053329935     
   8.99299000000000        247.331612975251     
   9.00377000000000        252.073768524524     
   9.01455000000000        256.366273139372     
   9.02532000000000        263.110022859796     
   9.03609000000000        274.589990575861     
   9.04686000000000        295.977996399778     
   9.05762000000000        323.967413901919     
   9.06838000000000        354.869784241573     
   9.07914000000000        384.466655142827     
   9.08989000000000        398.905986138661     
   9.10064000000000        394.309260592533     
   9.11139000000000        383.597028502492     
   9.12214000000000        376.385082555056     
   9.13288000000000        372.744399674800     
   9.14362000000000        371.458273091412     
   9.15435000000000        359.062370958702     
   9.16508000000000        335.324775838937     
   9.17581000000000        320.447619486553     
   9.18654000000000        323.720777153578     
   9.19726000000000        326.312741343738     
   9.20798000000000        317.703908716728     
   9.21870000000000        308.843112661963     
   9.22941000000000        303.806123857456     
   9.24012000000000        297.778020203225     
   9.25082000000000        288.842791581417     
   9.26153000000000        281.965878222634     
   9.27223000000000        277.029109061478     
   9.28293000000000        279.136142152443     
   9.29362000000000        288.184567781744     
   9.30431000000000        295.671805969911     
   9.31500000000000        289.591546646822     
   9.32568000000000        283.923550473397     
   9.33636000000000        296.282844839909     
   9.34704000000000        323.179859527345     
   9.35772000000000        349.658471615566     
   9.36839000000000        364.215728154022     
   9.37906000000000        365.618768190871     
   9.38972000000000        366.453562168512     
   9.40038000000000        374.947071552635     
   9.41104000000000        389.537142218466     
   9.42170000000000        401.378011332212     
   9.43235000000000        409.114495018354     
   9.44300000000000        419.133333001897     
   9.45365000000000        436.487855496111     
   9.46429000000000        450.400112682369     
   9.47493000000000        457.229473483137     
   9.48557000000000        466.581104659756     
   9.49620000000000        468.502458899305     
   9.50683000000000        465.592086404994     
   9.51746000000000        455.781881459633     
   9.52808000000000        454.278563126435     
   9.53871000000000        470.510557367481     
   9.54932000000000        493.334061790670     
   9.55994000000000        522.196138737468     
   9.57055000000000        538.730919881266     
   9.58116000000000        536.682322466371     
   9.59176000000000        530.601805929418     
   9.60237000000000        532.281879333352     
   9.61296000000000        537.071014930795     
   9.62356000000000        551.281700023467     
   9.63415000000000        568.304747674213     
   9.64474000000000        574.356283328027     
   9.65533000000000        570.993519736008     
   9.66591000000000        571.564406690498     
   9.67649000000000        580.721804060571     
   9.68707000000000        592.135230774006     
   9.69764000000000        603.541755634099     
   9.70821000000000        619.635741964975     
   9.71878000000000        656.991137417840     
   9.72934000000000        709.487630287834     
   9.73990000000000        747.997024451416     
   9.75046000000000        761.933296971879     
   9.76102000000000        763.767311562121     
   9.77157000000000        771.477360970037     
   9.78212000000000        780.383666501923     
   9.79266000000000        779.221378213065     
   9.80320000000000        773.789022358586     
   9.81374000000000        765.467864738182     
   9.82428000000000        760.548101474061     
   9.83481000000000        766.443229283973     
   9.84534000000000        773.770335906991     
   9.85586000000000        780.929529927335     
   9.86639000000000        784.400152936506     
   9.87691000000000        758.322974124188     
   9.88742000000000        728.148793464084     
   9.89794000000000        734.085229761763     
   9.90845000000000        753.852528346187     
   9.91895000000000        759.815669808421     
   9.92946000000000        757.421777772153     
   9.93996000000000        744.496714464695     
   9.95046000000000        723.447985337158     
   9.96095000000000        700.842710608742     
   9.97144000000000        678.867265959281     
   9.98193000000000        658.452587715525     
   9.99242000000000        651.165579624976     
   10.0029000000000        660.193667819913     
   10.0133800000000        671.754551960213     
   10.0238500000000        678.981735061542     
   10.0343200000000        673.859331082083     
   10.0447900000000        663.196008318229     
   10.0552600000000        657.722817858549     
   10.0657200000000        655.301133834251     
   10.0761800000000        654.025326788371     
   10.0866400000000        656.464922036350     
   10.0970900000000        664.107620632810     
   10.1075400000000        674.114534610413     
   10.1179900000000        677.649213132906     
   10.1284300000000        674.512208825049     
   10.1388700000000        682.315573300381     
   10.1493100000000        699.636264229018     
   10.1597400000000        697.900276492266     
   10.1701700000000        686.214216122345     
   10.1806000000000        686.265006428285     
   10.1910300000000        687.828548244435     
   10.2014500000000        685.274268675243     
   10.2118700000000        695.141166557207     
   10.2222800000000        714.595902631922     
   10.2326900000000        724.100720384866     
   10.2431000000000        721.119936029039     
   10.2535100000000        713.661767567883     
   10.2639100000000        706.393089980148     
   10.2743100000000        700.693291606594     
   10.2847100000000        709.746407644580     
   10.2951000000000        735.617309299041     
   10.3054900000000        753.838794719084     
   10.3158800000000        755.952369822441     
   10.3262600000000        755.823743747514     
   10.3366400000000        748.875514618413     
   10.3470200000000        735.742225065264     
   10.3573900000000        734.322245227656     
   10.3677600000000        747.225538352239     
   10.3781300000000        756.835863831041     
   10.3884900000000        753.459158518922     
   10.3988600000000        741.136405557020     
   10.4092100000000        725.839441565086     
   10.4195700000000        715.682437343506     
   10.4299200000000        712.408249440324     
   10.4402700000000        710.668762291516     
   10.4506100000000        703.863733671834     
   10.4609600000000        690.400601454664     
   10.4713000000000        673.763628333290     
   10.4816300000000        657.931549858031     
   10.4919600000000        650.364386949162     
   10.5022900000000        651.634953633217     
   10.5126200000000        654.251414571439     
   10.5229400000000        654.550594882519     
   10.5332600000000        645.141428485976     
   10.5435800000000        628.689129748987     
   10.5539000000000        610.668185098029     
   10.5642100000000        592.053950764445     
   10.5745100000000        575.667468386216     
   10.5848200000000        563.755912538587     
   10.5951200000000        553.278798704448     
   10.6054200000000        545.826548742437     
   10.6157100000000        542.755684622111     
   10.6260000000000        544.693129433588     
   10.6362900000000        557.002343806763     
   10.6465800000000        570.876478010504     
   10.6568600000000        578.680083267298     
   10.6671400000000        583.959912006746     
   10.6774100000000        589.728143169283     
   10.6876900000000        597.803342933818     
   10.6979600000000        609.218115730166     
   10.7082200000000        625.128926893800     
   10.7184900000000        647.268046180046     
   10.7287500000000        670.856482004470     
   10.7390000000000        690.775440994937     
   10.7492600000000        708.225822683036     
   10.7595100000000        724.125435325940     
   10.7697500000000        741.959093208407     
   10.7800000000000        768.069901539185     
   10.7902400000000        796.009420712133     
   10.8004800000000        818.597116744954     
   10.8107100000000        835.957441577103     
   10.8209400000000        844.879634629713     
   10.8311700000000        847.059684578908     
   10.8414000000000        854.037917747841     
   10.8516200000000        872.114110135913     
   10.8618400000000        898.188819142256     
   10.8720500000000        920.998361344503     
   10.8822700000000        936.754603270592     
   10.8924800000000        946.907921718313     
   10.9026800000000        953.725764256927     
   10.9128800000000        963.507249484682     
   10.9230800000000        981.742789320973     
   10.9332800000000        1004.37121121696     
   10.9434700000000        1024.59241616708     
   10.9536600000000        1041.67045964996     
   10.9638500000000        1050.84857803299     
   10.9740400000000        1039.86746075999     
   10.9842200000000        1013.66881552177     
   10.9943900000000        987.654949458566     
   11.0045700000000        969.420579990003     
   11.0147400000000        961.877747187990     
   11.0249100000000        961.380034721589     
   11.0350700000000        960.520004002852     
   11.0452300000000        956.547721748176     
   11.0553900000000        954.040633015163     
   11.0655500000000        958.945517378675     
   11.0757000000000        972.753142657462     
   11.0858500000000        991.711745112391     
   11.0960000000000        1009.60937959497     
   11.1061400000000        1018.88398046648     
   11.1162800000000        1017.81250195409     
   11.1264200000000        1014.22891707950     
   11.1365500000000        1018.50070040223     
   11.1466800000000        1030.40948210486     
   11.1568100000000        1041.17666669770     
   11.1669300000000        1049.51400544522     
   11.1770500000000        1058.36590369312     
   11.1871700000000        1065.70978171576     
   11.1972800000000        1068.80683621381     
   11.2073900000000        1067.70654355706     
   11.2175000000000        1060.49428689071     
   11.2276100000000        1055.05622270175     
   11.2377100000000        1063.03296502690     
   11.2478100000000        1086.24205594869     
   11.2579000000000        1115.06733524497     
   11.2679900000000        1136.73236580087     
   11.2780800000000        1148.33220830400     
   11.2881700000000        1155.40843416427     
   11.2982500000000        1163.16110486961     
   11.3083300000000        1177.63394317557     
   11.3184100000000        1198.56181679002     
   11.3284800000000        1215.90993311590     
   11.3385500000000        1225.62797879171     
   11.3486200000000        1233.59748133554     
   11.3586800000000        1246.40113328302     
   11.3687400000000        1265.52517897180     
   11.3788000000000        1284.54185815002     
   11.3888500000000        1299.48000648089     
   11.3989000000000        1310.64584676737     
   11.4089500000000        1318.12205846721     
   11.4189900000000        1324.36479492196     
   11.4290400000000        1332.13790406979     
   11.4390700000000        1339.85537820387     
   11.4491100000000        1343.05333756921     
   11.4591400000000        1345.58390654622     
   11.4691700000000        1353.67192373215     
   11.4792000000000        1366.30579328210     
   11.4892200000000        1378.07476858531     
   11.4992400000000        1387.65099395522     
   11.5092500000000        1394.78225153403     
   11.5192700000000        1396.77574088750     
   11.5292800000000        1396.82662010382     
   11.5392800000000        1400.83926211512     
   11.5492900000000        1409.12649949448     
   11.5592900000000        1417.75531650821     
   11.5692800000000        1423.73757842032     
   11.5792800000000        1430.92808016076     
   11.5892700000000        1441.88489179981     
   11.5992600000000        1452.04636599541     
   11.6092400000000        1459.92446751683     
   11.6192200000000        1466.52334714253     
   11.6292000000000        1470.89489990547     
   11.6391700000000        1473.16142891535     
   11.6491500000000        1473.80376345119     
   11.6591200000000        1476.34988108322     
   11.6690800000000        1483.32411856689     
   11.6790400000000        1491.66210465295     
   11.6890000000000        1496.63176354362     
   11.6989600000000        1496.88289683755     
   11.7089100000000        1496.95736224110     
   11.7188600000000        1499.70841178881     
   11.7288100000000        1501.26357316219     
   11.7387500000000        1499.35714901524     
   11.7486900000000        1494.49812048417     
   11.7586300000000        1482.89378041424     
   11.7685600000000        1463.97709043105     
   11.7784900000000        1440.82774804444     
   11.7884200000000        1411.29748114487     
   11.7983400000000        1383.09570940006     
   11.8082600000000        1370.38852709972     
   11.8181800000000        1374.21896601870     
   11.8281000000000        1384.73838440243     
   11.8380100000000        1389.60188571102     
   11.8479200000000        1382.71411571831     
   11.8578200000000        1367.20893488587     
   11.8677200000000        1348.74544859510     
   11.8776200000000        1330.17549256934     
   11.8875200000000        1311.44993829867     
   11.8974100000000        1294.22424510747     
   11.9073000000000        1280.46618514868     
   11.9171900000000        1269.93014673518     
   11.9270700000000        1260.88960324670     
   11.9369500000000        1253.71607066544     
   11.9468300000000        1249.69795105097     
   11.9567000000000        1245.03417467525     
   11.9665700000000        1233.49898808118     
   11.9764400000000        1211.69289175079     
   11.9863000000000        1181.98100037950     
   11.9961600000000        1153.77857636404     
   12.0060200000000        1135.68643345298     
   12.0158700000000        1127.66742959507     
   12.0257300000000        1125.92822821535     
   12.0355700000000        1130.70706687992     
   12.0454200000000        1143.99165738512     
   12.0552600000000        1164.57464052608     
   12.0651000000000        1189.25905918274     
   12.0749400000000        1215.41484168390     
   12.0847700000000        1239.54025088236     
   12.0946000000000        1260.01894247164     
   12.1044200000000        1276.66028292952     
   12.1142500000000        1287.49353305188     
   12.1240700000000        1294.82959627968     
   12.1338800000000        1305.68002235288     
   12.1437000000000        1325.74686984098     
   12.1535100000000        1355.46538304209     
   12.1633100000000        1387.57860092741     
   12.1731200000000        1415.05161550449     
   12.1829200000000        1437.48942672834     
   12.1927200000000        1455.39044243305     
   12.2025100000000        1471.20367762630     
   12.2123000000000        1486.75988403079     
   12.2220900000000        1497.52974337536     
   12.2318700000000        1502.23969969499     
   12.2416600000000        1505.48237900745     
   12.2514300000000        1508.06072871256     
   12.2612100000000        1509.02601418156     
   12.2709800000000        1512.67148322981     
   12.2807500000000        1523.33720956983     
   12.2905200000000        1538.05947779503     
   12.3002800000000        1553.73647395441     
   12.3100400000000        1570.90498884040     
   12.3198000000000        1585.82861511959     
   12.3295500000000        1590.55267429079     
   12.3393000000000        1585.16318101370     
   12.3490500000000        1579.34759889074     
   12.3587900000000        1579.70232320950     
   12.3685300000000        1583.81204670227     
   12.3782700000000        1584.79102547328     
   12.3880000000000        1581.14798249503     
   12.3977300000000        1578.76699648494     
   12.4074600000000        1581.46075062130     
   12.4171800000000        1586.32429139906     
   12.4269100000000        1587.99870383602     
   12.4366200000000        1583.82963429831     
   12.4463400000000        1573.33671344607     
   12.4560500000000        1553.73435903185     
   12.4657600000000        1521.88961157014     
   12.4754700000000        1480.23129619255     
   12.4851700000000        1438.77191707948     
   12.4948700000000        1407.66181646322     
   12.5045600000000        1392.22567289705     
   12.5142600000000        1392.48005968150     
   12.5239500000000        1403.30404030958     
   12.5336300000000        1415.96064028914     
   12.5433200000000        1422.89052980462     
   12.5530000000000        1421.75190338640     
   12.5626800000000        1415.13731000057     
   12.5723500000000        1407.33843692448     
   12.5820200000000        1401.64260725703     
   12.5916900000000        1399.12118468229     
   12.6013500000000        1397.95168278889     
   12.6110100000000        1397.30161085627     
   12.6206700000000        1399.37517892732     
   12.6303300000000        1403.68731660579     
   12.6399800000000        1407.49675000421     
   12.6496300000000        1408.49251046715     
   12.6592700000000        1402.26828153231     
   12.6689200000000        1385.35234741065     
   12.6785500000000        1363.04519921668     
   12.6881900000000        1346.26752973544     
   12.6978200000000        1342.77091084289     
   12.7074500000000        1355.41978329705     
   12.7170800000000        1382.84412398858     
   12.7267000000000        1419.01801088931     
   12.7363200000000        1455.51214528809     
   12.7459400000000        1484.83367225391     
   12.7555500000000        1502.11952219396     
   12.7651600000000        1506.04901034520     
   12.7747700000000        1498.72974082098     
   12.7843800000000        1484.87921312983     
   12.7939800000000        1471.94000740189     
   12.8035800000000        1466.97768692497     
   12.8131700000000        1471.90873260592     
   12.8227600000000        1482.31691800775     
   12.8323500000000        1492.34315271171     
   12.8419400000000        1500.33542541047     
   12.8515200000000        1507.62029141076     
   12.8611000000000        1515.18155126476     
   12.8706700000000        1523.42490285169     
   12.8802500000000        1532.59782618041     
   12.8898100000000        1542.12747785308     
   12.8993800000000        1551.39704144368     
   12.9089400000000        1562.31980890538     
   12.9185000000000        1578.35675021210     
   12.9280600000000        1600.37829595758     
   12.9376100000000        1624.79347940431     
   12.9471700000000        1646.53785812734     
   12.9567100000000        1663.58680218017     
   12.9662600000000        1677.58461166956     
   12.9758000000000        1689.75934858219     
   12.9853400000000        1699.85290465803     
   12.9948700000000        1707.99457089300     
   13.0044000000000        1713.24634502214     
   13.0139300000000        1713.07796482330     
   13.0234600000000        1707.78391339674     
   13.0329800000000        1701.64914141974     
   13.0425000000000        1697.76236698799     
   13.0520100000000        1696.19912617666     
   13.0615200000000        1696.49303482323     
   13.0710300000000        1699.44864160401     
   13.0805400000000        1706.77318891031     
   13.0900400000000        1719.91595099012     
   13.0995400000000        1740.49723616068     
   13.1090400000000        1769.97072599535     
   13.1185300000000        1806.70979988941     
   13.1280200000000        1845.24371163116     
   13.1375100000000        1879.71646013286     
   13.1469900000000        1907.03659070440     
   13.1564700000000        1927.20080493858     
   13.1659500000000        1942.11246798668     
   13.1754300000000        1954.07475902052     
   13.1849000000000        1964.83337318152     
   13.1943700000000        1975.64974133400     
   13.2038300000000        1987.99602658421     
   13.2132900000000        2002.67274596903     
   13.2227500000000        2016.75783229126     
   13.2322100000000        2024.64960921199     
   13.2416600000000        2022.71290928243     
   13.2511100000000        2011.93678927459     
   13.2605500000000        1997.27907741970     
   13.2700000000000        1984.14701722059     
   13.2794400000000        1975.51673752962     
   13.2888700000000        1970.83242918172     
   13.2983100000000        1966.67018846054     
   13.3077400000000        1958.69672536323     
   13.3171600000000        1945.82325007375     
   13.3265900000000        1931.64828441418     
   13.3360100000000        1920.28508197180     
   13.3454300000000        1912.49245700775     
   13.3548400000000        1905.81419529504     
   13.3642500000000        1897.44641019407     
   13.3736600000000        1886.92727406711     
   13.3830600000000        1875.60326232592     
   13.3924700000000        1865.92953937432     
   13.4018600000000        1861.43106530041     
   13.4112600000000        1862.69533130916     
   13.4206500000000        1865.29837449996     
   13.4300400000000        1865.46766701567     
   13.4394300000000        1864.18374689315     
   13.4488100000000        1863.84958038969     
   13.4581900000000        1864.86604662063     
   13.4675600000000        1865.97610714340     
   13.4769400000000        1865.84511885004     
   13.4863100000000        1865.09182279925     
   13.4956700000000        1867.25331445391     
   13.5050400000000        1875.45182333428     
   13.5144000000000        1887.85154076567     
   13.5237600000000        1897.87615247015     
   13.5331100000000        1898.84092749172     
   13.5424600000000        1889.01262455855     
   13.5518100000000        1871.83510233631     
   13.5611500000000        1853.00129603372     
   13.5704900000000        1838.21715355454     
   13.5798300000000        1831.61668962533     
   13.5891700000000        1834.47179885481     
   13.5985000000000        1844.93628977326     
   13.6078300000000        1859.70921015067     
   13.6171500000000        1876.50743310132     
   13.6264800000000        1894.43255407301     
   13.6358000000000        1912.26128219633     
   13.6451100000000        1928.16167301312     
   13.6544200000000        1940.79745120778     
   13.6637300000000        1949.99265082788     
   13.6730400000000        1956.61502015016     
   13.6823400000000        1961.93524352607     
   13.6916400000000        1967.04562333009     
   13.7009400000000        1972.48138209220     
   13.7102400000000        1977.38374271507     
   13.7195300000000        1979.91278717749     
   13.7288100000000        1979.59576283932     
   13.7381000000000        1978.12605712100     
   13.7473800000000        1976.98078417301     
   13.7566600000000        1974.98068881328     
   13.7659300000000        1969.42047844173     
   13.7752000000000        1959.88438119710     
   13.7844700000000        1949.81359496710     
   13.7937400000000        1944.11614221496     
   13.8030000000000        1946.54151656478     
   13.8122600000000        1958.86650990958     
   13.8215200000000        1980.93842258246     
   13.8307700000000        2011.09488796392     
   13.8400200000000        2047.06255002283     
   13.8492600000000        2086.32025625552     
   13.8585100000000        2125.54124216074     
   13.8677500000000        2159.92922701131     
   13.8769800000000        2185.37155164358     
   13.8862200000000        2200.48880321355     
   13.8954500000000        2206.67233573719     
   13.9046800000000        2206.61233150944     
   13.9139000000000        2202.61224233669     
   13.9231200000000        2195.99880740917     
   13.9323400000000        2187.27981457409     
   13.9415500000000        2177.51137513903     
   13.9507700000000        2170.12733354222     
   13.9599700000000        2170.02772211228     
   13.9691800000000        2179.43313218907     
   13.9783800000000        2195.63427788433     
   13.9875800000000        2213.08877493877     
   13.9967800000000        2226.86598721673     
   14.0059700000000        2235.31235726198     
   14.0151600000000        2240.83083014874     
   14.0243400000000        2247.03227316516     
   14.0335300000000        2255.50015843512     
   14.0427100000000        2265.55786723386     
   14.0518800000000        2275.26586592556     
   14.0610600000000        2281.63984767508     
   14.0702300000000        2281.09458377925     
   14.0794000000000        2271.35635213451     
   14.0885600000000        2253.39559371704     
   14.0977200000000        2230.89642667723     
   14.1068800000000        2208.30655221256     
   14.1160300000000        2189.38819211554     
   14.1251800000000        2175.69377279507     
   14.1343300000000        2165.61672570088     
   14.1434800000000        2155.69781721934     
   14.1526200000000        2143.63780091433     
   14.1617600000000        2129.47204054128     
   14.1708900000000        2114.24974424587     
   14.1800300000000        2099.15859815345     
   14.1891500000000        2086.46301487927     
   14.1982800000000        2078.95852793547     
   14.2074000000000        2077.84338571271     
   14.2165200000000        2081.36295125489     
   14.2256400000000        2086.30984338826     
   14.2347500000000        2090.68405466655     
   14.2438600000000        2095.32012422092     
   14.2529700000000        2103.52359658807     
   14.2620700000000        2119.18578160787     
   14.2711800000000        2144.92797402978     
   14.2802700000000        2181.13714245345     
   14.2893700000000        2226.32939235023     
   14.2984600000000        2276.66208295149     
   14.3075500000000        2326.78184895530     
   14.3166300000000        2371.87964039294     
   14.3257100000000        2410.49951130025     
   14.3347900000000        2443.71883583743     
   14.3438700000000        2471.67497855303     
   14.3529400000000        2492.00405636034     
   14.3620100000000        2501.88730370892     
   14.3710700000000        2500.00851180317     
   14.3801400000000        2486.70026269308     
   14.3892000000000        2463.59962136860     
   14.3982500000000        2433.25848362575     
   14.4073100000000        2398.21840364967     
   14.4163600000000        2360.90019468025     
   14.4254000000000        2323.94818465809     
   14.4344500000000        2290.20568401248     
   14.4434900000000        2262.00743761427     
   14.4525200000000        2240.01647435833     
   14.4615600000000        2223.07965330297     
   14.4705900000000        2209.34493027688     
   14.4796200000000        2197.69047690200     
   14.4886400000000        2187.98158847738     
   14.4976600000000        2179.82340078692     
   14.5066800000000        2172.11152571747     
   14.5157000000000        2163.52633627542     
   14.5247100000000        2153.14835984090     
   14.5337200000000        2141.08321095483     
   14.5427200000000        2129.02618075650     
   14.5517300000000        2119.84990859286     
   14.5607300000000        2116.66726362621     
   14.5697200000000        2121.47814971081     
   14.5787100000000        2133.93983025760     
   14.5877000000000        2151.08570437107     
   14.5966900000000        2168.59941366111     
   14.6056700000000        2182.97345727307     
   14.6146600000000        2193.45291551093     
   14.6236300000000        2201.85566471995     
   14.6326100000000        2210.23233361594     
   14.6415800000000        2218.39735957280     
   14.6505400000000        2224.60520679761     
   14.6595100000000        2228.00748288635     
   14.6684700000000        2229.19447720774     
   14.6774300000000        2228.61124072904     
   14.6863800000000        2226.07102398775     
   14.6953400000000        2222.04222691525     
   14.7042800000000        2217.98878844399     
   14.7132300000000        2215.13992289235     
   14.7221700000000        2213.83064143297     
   14.7311100000000        2213.70906216533     
   14.7400500000000        2214.03893967938     
   14.7489800000000        2213.39521933444     
   14.7579100000000        2209.02363819573     
   14.7668400000000        2197.47006806798     
   14.7757600000000        2176.91105937312     
   14.7846800000000        2148.58033165709     
   14.7936000000000        2116.05125745534     
   14.8025100000000        2083.53993566513     
   14.8114200000000        2054.60230440034     
   14.8203300000000        2032.04798759294     
   14.8292300000000        2017.95720367688     
   14.8381300000000        2013.12086323966     
   14.8470300000000        2016.63680459659     
   14.8559300000000        2026.29988386331     
   14.8648200000000        2039.57027927429     
   14.8737100000000        2054.21735493494     
   14.8825900000000        2068.08962934965     
   14.8914700000000        2079.03740492042     
   14.9003500000000        2085.45454409655     
   14.9092300000000        2086.83786073099     
   14.9181000000000        2083.42989898058     
   14.9269700000000        2075.48200201280     
   14.9358400000000        2063.08326221742     
   14.9447000000000        2046.46584856046     
   14.9535600000000        2026.14392618960     
   14.9624200000000        2003.02346245370     
   14.9712700000000        1978.48293284392     
   14.9801200000000        1954.27187424524     
   14.9889700000000        1932.37241909950     
   14.9978100000000        1914.52290477803     
   15.0066500000000        1901.69123123884     
   15.0154900000000        1893.98158961114     
   15.0243300000000        1890.55732436119     
   15.0331600000000        1889.63063899601     
   15.0419900000000        1888.88313143967     
   15.0508100000000        1886.34613842318     
   15.0596300000000        1881.08043471160     
   15.0684500000000        1873.23257862054     
   15.0772700000000        1863.48091754355     
   15.0860800000000        1852.31917088804     
   15.0948900000000        1839.85839284210     
   15.1037000000000        1826.54273839551     
   15.1125000000000        1813.76379522897     
   15.1213000000000        1803.23054890677     
   15.1301000000000        1795.77721961119     
   15.1388900000000        1791.05900811893     
   15.1476800000000        1788.42623472163     
   15.1564700000000        1787.72385748868     
   15.1652500000000        1789.15898017250     
   15.1740300000000        1792.79825201825     
   15.1828100000000        1798.29205774245     
   15.1915800000000        1804.84268513473     
   15.2003500000000        1811.27014836449     
   15.2091200000000        1815.99787272179     
   15.2178900000000        1817.19276387588     
   15.2266500000000        1813.25514934418     
   15.2354100000000        1803.45546449231     
   15.2441600000000        1788.13044794755     
   15.2529200000000        1767.96067649695     
   15.2616700000000        1743.31965729848     
   15.2704100000000        1714.31567401788     
   15.2791500000000        1681.86077113113     
   15.2878900000000        1648.48269370481     
   15.2966300000000        1617.62020838686     
   15.3053600000000        1591.99508426443     
   15.3140900000000        1572.37543324763     
   15.3228200000000        1557.82942769859     
   15.3315400000000        1546.80550545851     
   15.3402600000000        1538.39019119533     
   15.3489800000000        1532.91275218710     
   15.3577000000000        1531.31972840058     
   15.3664100000000        1533.94801681446     
   15.3751200000000        1539.75453455732     
   15.3838200000000        1546.61730859224     
   15.3925200000000        1552.28306984061     
   15.4012200000000        1554.92370764331     
   15.4099200000000        1553.28678485920     
   15.4186100000000        1546.92463649702     
   15.4273000000000        1536.42233013809     
   15.4359800000000        1523.29590507571     
   15.4446700000000        1509.45238777798     
   15.4533400000000        1496.79704055706     
   15.4620200000000        1486.63768364868     
   15.4706900000000        1479.48693700098     
   15.4793600000000        1474.76888490883     
   15.4880300000000        1471.00175969050     
   15.4966900000000        1466.32663231280     
   15.5053500000000        1459.33103097193     
   15.5140100000000        1449.78605344196     
   15.5226700000000        1438.78936387880     
   15.5313200000000        1428.21376075358     
   15.5399600000000        1419.72158139391     
   15.5486100000000        1414.01861075239     
   15.5572500000000        1410.74711550969     
   15.5658900000000        1408.72936901467     
   15.5745200000000        1406.41394236971     
   15.5831600000000        1402.26332586971     
   15.5917900000000        1395.16515837190     
   15.6004100000000        1384.71075295872     
   15.6090300000000        1371.23170838206     
   15.6176500000000        1355.57377973190     
   15.6262700000000        1338.70480262495     
   15.6348800000000        1321.47928607978     
   15.6434900000000        1304.55907840284     
   15.6521000000000        1288.60134170425     
   15.6607000000000        1274.35969760678     
   15.6693000000000        1262.57895428921     
   15.6779000000000        1253.86301108152     
   15.6864900000000        1248.46868702885     
   15.6950800000000        1246.09996901881     
   15.7036700000000        1245.74969817794     
   15.7122600000000        1245.76451220353     
   15.7208400000000        1244.43233646235     
   15.7294100000000        1240.80694123930     
   15.7379900000000        1235.18234515020     
   15.7465600000000        1228.98745985275     
   15.7551300000000        1224.03603488422     
   15.7637000000000        1221.64841578314     
   15.7722600000000        1222.05960035214     
   15.7808200000000        1224.44373207558     
   15.7893700000000        1227.36299810742     
   15.7979300000000        1229.24776606313     
   15.8064700000000        1228.69536043743     
   15.8150200000000        1224.75228018148     
   15.8235600000000        1217.24882560894     
   15.8321000000000        1207.02482756949     
   15.8406400000000        1195.77806232613     
   15.8491800000000        1185.42045680171     
   15.8577100000000        1177.38351593131     
   15.8662300000000        1172.28103993667     
   15.8747600000000        1170.01803740035     
   15.8832800000000        1170.05343354326     
   15.8918000000000        1171.66021397277     
   15.9003100000000        1174.24793738022     
   15.9088200000000        1177.55394716851     
   15.9173300000000        1181.56999464072     
   15.9258400000000        1186.34542187022     
   15.9343400000000        1191.82109156548     
   15.9428400000000        1197.71991983969     
   15.9513300000000        1203.37111011960     
   15.9598300000000        1207.65415024448     
   15.9683100000000        1209.11389272947     
   15.9768000000000        1206.46040118242     
   15.9852800000000        1199.09869597941     
   15.9937600000000        1187.42836270728     
   16.0022400000000        1172.69940276924     
   16.0107100000000        1156.55140899139     
   16.0191800000000        1140.48102205830     
   16.0276500000000        1125.61554810526     
   16.0361200000000        1112.52125720921     
   16.0445800000000        1101.08411403024     
   16.0530300000000        1090.51543640697     
   16.0614900000000        1079.67848122211     
   16.0699400000000        1067.72721366507     
   16.0783900000000        1054.55081492899     
   16.0868300000000        1041.01291807459     
   16.0952800000000        1028.53289921532     
   16.1037100000000        1018.53042845535     
   16.1121500000000        1011.68597076237     
   16.1205800000000        1007.90081133511     
   16.1290100000000        1006.46348480441     
   16.1374400000000        1006.50311359855     
   16.1458600000000        1007.25436298602     
   16.1542800000000        1008.05241886771     
   16.1627000000000        1008.16220115865     
   16.1711100000000        1006.67720229572     
   16.1795200000000        1002.58510844608     
   16.1879300000000        994.994568386211     
   16.1963300000000        983.488601565234     
   16.2047300000000        968.413070190945     
   16.2131300000000        951.024933767977     
   16.2215200000000        933.255910347927     
   16.2299100000000        917.087560533432     
   16.2383000000000        904.051536422255     
   16.2466900000000        894.884356448047     
   16.2550700000000        889.455913004501     
   16.2634500000000        886.831759819254     
   16.2718200000000        885.556008711308     
   16.2802000000000        884.092439519780     
   16.2885600000000        881.366345542859     
   16.2969300000000        877.062697015260     
   16.3052900000000        871.627987955579     
   16.3136500000000        865.920004164163     
   16.3220100000000        860.848125186331     
   16.3303600000000        857.147497173950     
   16.3387100000000        855.340899441850     
   16.3470600000000        855.832653310596     
   16.3554000000000        858.945197281678     
   16.3637400000000        864.870787653445     
   16.3720800000000        873.489825688059     
   16.3804200000000        884.172574677903     
   16.3887500000000        895.740262383698     
   16.3970700000000        906.726641982203     
   16.4054000000000        915.715313468472     
   16.4137200000000        921.472240235051     
   16.4220400000000        923.104547842722     
   16.4303500000000        920.131855984846     
   16.4386700000000        912.662179047275     
   16.4469700000000        901.522326492841     
   16.4552800000000        887.967689686298     
   16.4635800000000        873.417799208204     
   16.4718800000000        858.914346624576     
   16.4801800000000        844.927566094980     
   16.4884700000000        831.407439419847     
   16.4967600000000        818.060717385316     
   16.5050500000000        804.777660781843     
   16.5133300000000        791.807553077478     
   16.5216100000000        779.602724688537     
   16.5298900000000        768.587419450781     
   16.5381600000000        758.897732146394     
   16.5464300000000        750.265582842642     
   16.5547000000000        742.175773604063     
   16.5629700000000        734.065393020302     
   16.5712300000000        725.497075896678     
   16.5794900000000        716.164634578020     
   16.5877400000000        705.886080915051     
   16.5959900000000        694.517176821661     
   16.6042400000000        681.995476657889     
   16.6124900000000        668.360364274951     
   16.6207300000000        653.794493118304     
   16.6289700000000        638.587562322948     
   16.6372000000000        623.194191306250     
   16.6454400000000        608.072637597414     
   16.6536700000000        593.723749745868     
   16.6618900000000        580.538583307195     
   16.6701200000000        568.821961518940     
   16.6783400000000        558.873137959390     
   16.6865500000000        550.829100680130     
   16.6947700000000        544.617558107420     
   16.7029800000000        539.985734102151     
   16.7111900000000        536.481718311692     
   16.7193900000000        533.554809044291     
   16.7275900000000        530.599192605068     
   16.7357900000000        527.030966954271     
   16.7439800000000        522.379844788806     
   16.7521800000000        516.372995578486     
   16.7603600000000        509.072095202258     
   16.7685500000000        500.797100299954     
   16.7767300000000        492.131664784551     
   16.7849100000000        483.701410942857     
   16.7930900000000        476.080791610536     
   16.8012600000000        469.720749127505     
   16.8094300000000        464.901495492821     
   16.8175900000000        461.746899458402     
   16.8257600000000        460.187769624936     
   16.8339200000000        460.012123503260     
   16.8420700000000        460.936780482868     
   16.8502300000000        462.743468198054     
   16.8583800000000        465.342396065829     
   16.8665300000000        468.767633750476     
   16.8746700000000        473.068947351820     
   16.8828100000000        478.224477331453     
   16.8909500000000        484.072323769372     
   16.8990800000000        490.314226120127     
   16.9072100000000        496.585422965067     
   16.9153400000000        502.470802912277     
   16.9234700000000        507.511814335863     
   16.9315900000000        511.186143365849     
   16.9397100000000        512.943401983918     
   16.9478200000000        512.268162656147     
   16.9559400000000        508.797419403323     
   16.9640500000000        502.451611618157     
   16.9721500000000        493.498125104819     
   16.9802600000000        482.499314851874     
   16.9883600000000        470.274910293491     
   16.9964500000000        457.662754640355     
   17.0045500000000        445.363618995134     
   17.0126400000000        433.942016983811     
   17.0207200000000        423.685549093592     
   17.0288100000000        414.625930126704     
   17.0368900000000        406.676456328471     
   17.0449700000000        399.652836605163     
   17.0530400000000        393.414918612434     
   17.0611100000000        387.863208938876     
   17.0691800000000        382.929864814698     
