   7.15970000000000        12.3186233060850     
   7.17100000000000        12.5603515169394     
   7.18231000000000        13.5191979322430     
   7.19360000000000        13.7423940947726     
   7.20490000000000        13.8097091881217     
   7.21619000000000        13.7285314215800     
   7.22748000000000        12.9681682586431     
   7.23877000000000        12.9189008303604     
   7.25005000000000        12.9427206839550     
   7.26133000000000        13.3473130503745     
   7.27261000000000        13.5288141283539     
   7.28388000000000        13.1802864701636     
   7.29515000000000        14.3860710808419     
   7.30642000000000        16.1765790930496     
   7.31768000000000        17.8011782423675     
   7.32894000000000        19.1470577193802     
   7.34020000000000        19.5288995694383     
   7.35146000000000        18.9829881136450     
   7.36271000000000        17.8408348137175     
   7.37396000000000        17.5383458351230     
   7.38520000000000        17.7771531261514     
   7.39644000000000        16.6738292833728     
   7.40768000000000        16.2904064717274     
   7.41892000000000        16.8915555946532     
   7.43015000000000        18.4975011686201     
   7.44138000000000        20.6744733939697     
   7.45261000000000        23.0941437504249     
   7.46383000000000        22.6392819240579     
   7.47505000000000        21.1689518323366     
   7.48626000000000        21.1361348145480     
   7.49748000000000        23.4335910998420     
   7.50869000000000        25.4360115388968     
   7.51990000000000        27.1680226974756     
   7.53110000000000        28.3155525479046     
   7.54230000000000        27.9616020767636     
   7.55350000000000        27.6768880230398     
   7.56469000000000        29.3514445790732     
   7.57588000000000        32.1322101117791     
   7.58707000000000        35.3418884392664     
   7.59826000000000        36.5131895216241     
   7.60944000000000        37.1751767708982     
   7.62062000000000        38.0658071555063     
   7.63179000000000        39.1696924781487     
   7.64296000000000        40.1529394028790     
   7.65413000000000        40.4591241394882     
   7.66530000000000        35.1594510038622     
   7.67646000000000        30.0615445866708     
   7.68762000000000        28.6340812820154     
   7.69878000000000        29.7883692529074     
   7.70993000000000        33.3419743171019     
   7.72108000000000        37.3938072087572     
   7.73223000000000        40.7661338088747     
   7.74337000000000        40.7030484354578     
   7.75451000000000        42.6775175831732     
   7.76565000000000        46.3898073399870     
   7.77678000000000        48.8012266705770     
   7.78791000000000        48.4719639821630     
   7.79904000000000        47.7099298191890     
   7.81017000000000        48.3492287516221     
   7.82129000000000        50.2137505797631     
   7.83241000000000        53.1617364721286     
   7.84352000000000        55.3264341602679     
   7.85463000000000        55.6107789420547     
   7.86574000000000        50.8515095169550     
   7.87685000000000        44.7736110382626     
   7.88795000000000        41.5544684437452     
   7.89905000000000        42.0683817834396     
   7.91015000000000        44.4127143896145     
   7.92124000000000        45.7289565623033     
   7.93233000000000        47.3055093327507     
   7.94342000000000        48.4361726358941     
   7.95450000000000        48.8052601212107     
   7.96558000000000        50.3811401213174     
   7.97666000000000        52.9457678656379     
   7.98773000000000        53.6033040377887     
   7.99880000000000        50.8140837494771     
   8.00987000000000        46.7611566648016     
   8.02093000000000        45.5967187041784     
   8.03200000000000        46.5277779477395     
   8.04305000000000        49.7990069482358     
   8.05411000000000        52.8809461410734     
   8.06516000000000        55.4506705282534     
   8.07621000000000        57.6739865610409     
   8.08726000000000        57.4631207129920     
   8.09830000000000        57.0656957523368     
   8.10934000000000        58.2132974484474     
   8.12037000000000        61.4011619529277     
   8.13141000000000        64.1450014511122     
   8.14244000000000        65.1812605287151     
   8.15346000000000        65.7228203187847     
   8.16449000000000        65.2054377093573     
   8.17551000000000        63.8926268924328     
   8.18652000000000        62.5850782281312     
   8.19754000000000        61.2573368258901     
   8.20855000000000        57.3361228034082     
   8.21955000000000        49.8289964265941     
   8.23056000000000        42.2338875342049     
   8.24156000000000        38.7109418751473     
   8.25256000000000        38.7194109922511     
   8.26355000000000        40.5351462759599     
   8.27454000000000        43.0166545660495     
   8.28553000000000        44.9521761642564     
   8.29652000000000        45.8987397444731     
   8.30750000000000        47.6779121737064     
   8.31848000000000        50.1215609586774     
   8.32946000000000        53.2601968397287     
   8.34043000000000        56.0148979504630     
   8.35140000000000        57.8135462593867     
   8.36236000000000        57.6956299296450     
   8.37333000000000        55.2907809478617     
   8.38429000000000        53.9527498961578     
   8.39524000000000        55.6151754440708     
   8.40620000000000        58.8529656981610     
   8.41715000000000        61.9935195741409     
   8.42810000000000        65.6376093956651     
   8.43904000000000        67.8193591917009     
   8.44998000000000        66.0049851472988     
   8.46092000000000        60.8521105461244     
   8.47185000000000        57.9378820382254     
   8.48278000000000        58.9203178370830     
   8.49371000000000        62.5249178389180     
   8.50464000000000        66.4322311663124     
   8.51556000000000        68.8973510508662     
   8.52648000000000        69.2893404142765     
   8.53739000000000        66.1949355565856     
   8.54831000000000        64.7509992894082     
   8.55922000000000        65.5437755250838     
   8.57012000000000        67.7457214280027     
   8.58103000000000        70.3019209673919     
   8.59193000000000        73.2076737894521     
   8.60282000000000        73.8911913355161     
   8.61372000000000        70.1121911541596     
   8.62461000000000        64.3825179735514     
   8.63549000000000        60.8380902515192     
   8.64638000000000        61.2129704943990     
   8.65726000000000        64.1815956920452     
   8.66814000000000        69.8726625324595     
   8.67901000000000        76.1823825343078     
   8.68988000000000        79.2728133571676     
   8.70075000000000        78.9066968162959     
   8.71161000000000        78.8041780864133     
   8.72248000000000        80.4696263672312     
   8.73333000000000        83.0755212407291     
   8.74419000000000        85.6116343744353     
   8.75504000000000        86.0563999042460     
   8.76589000000000        84.0992975426678     
   8.77674000000000        79.9967147410054     
   8.78758000000000        76.2310591087759     
   8.79842000000000        72.9911706275261     
   8.80926000000000        70.9507508530182     
   8.82009000000000        70.6779715758224     
   8.83092000000000        71.9244032874802     
   8.84175000000000        73.8054015567493     
   8.85257000000000        74.4853558220148     
   8.86339000000000        71.8350079759421     
   8.87421000000000        67.3203778769035     
   8.88502000000000        63.9889385733437     
   8.89583000000000        62.2699572299272     
   8.90664000000000        61.0677601787098     
   8.91745000000000        59.8163020923421     
   8.92825000000000        60.5537855986187     
   8.93905000000000        62.5500939176168     
   8.94984000000000        63.8419424526921     
   8.96063000000000        64.1351936993108     
   8.97142000000000        64.5100392567718     
   8.98221000000000        66.1377447051529     
   8.99299000000000        68.2701314758451     
   9.00377000000000        69.5651163514688     
   9.01455000000000        69.8988640695442     
   9.02532000000000        70.5291227471118     
   9.03609000000000        70.3707550698478     
   9.04686000000000        67.7075462001449     
   9.05762000000000        62.8125980610966     
   9.06838000000000        57.7843044529675     
   9.07914000000000        53.8656814365786     
   9.08989000000000        51.7877083365770     
   9.10064000000000        52.5339269827510     
   9.11139000000000        56.2967309567858     
   9.12214000000000        61.0214933541729     
   9.13288000000000        63.8840313146862     
   9.14362000000000        64.7823699242496     
   9.15435000000000        69.0208681145935     
   9.16508000000000        74.2297043304783     
   9.17581000000000        76.8047444543616     
   9.18654000000000        77.2676567476810     
   9.19726000000000        75.6311206409034     
   9.20798000000000        76.5642880975922     
   9.21870000000000        81.8435695475100     
   9.22941000000000        89.1161030959361     
   9.24012000000000        92.2003839835421     
   9.25082000000000        90.6090441896624     
   9.26153000000000        88.8596916538260     
   9.27223000000000        88.2305964592301     
   9.28293000000000        88.9018519711920     
   9.29362000000000        88.4594810545937     
   9.30431000000000        89.3791566786038     
   9.31500000000000        90.6722137777712     
   9.32568000000000        88.6747094307594     
   9.33636000000000        86.9581958875056     
   9.34704000000000        86.4663990105046     
   9.35772000000000        86.3782216735684     
   9.36839000000000        84.7895548341656     
   9.37906000000000        83.2671985886095     
   9.38972000000000        85.1112745421979     
   9.40038000000000        88.7128954945547     
   9.41104000000000        92.9245557222101     
   9.42170000000000        97.1370633599384     
   9.43235000000000        101.244754926236     
   9.44300000000000        107.230355650050     
   9.45365000000000        113.826416360118     
   9.46429000000000        121.248127909052     
   9.47493000000000        126.151474878975     
   9.48557000000000        124.841670594310     
   9.49620000000000        121.136685989443     
   9.50683000000000        120.115321851856     
   9.51746000000000        123.610192476962     
   9.52808000000000        124.715805380113     
   9.53871000000000        120.336949448955     
   9.54932000000000        113.375809020773     
   9.55994000000000        107.372723179857     
   9.57055000000000        106.167791634498     
   9.58116000000000        110.980367131053     
   9.59176000000000        119.252226781765     
   9.60237000000000        125.114999409049     
   9.61296000000000        127.616716692891     
   9.62356000000000        132.919841097894     
   9.63415000000000        138.960685299203     
   9.64474000000000        141.273587947481     
   9.65533000000000        141.458788746907     
   9.66591000000000        139.576860497024     
   9.67649000000000        136.088226435456     
   9.68707000000000        130.333189912578     
   9.69764000000000        120.943068018960     
   9.70821000000000        115.974517750743     
   9.71878000000000        117.577351072868     
   9.72934000000000        122.738604803524     
   9.73990000000000        129.117441294573     
   9.75046000000000        133.847254197110     
   9.76102000000000        140.955956401309     
   9.77157000000000        151.477857582851     
   9.78212000000000        160.759534781330     
   9.79266000000000        168.811070925456     
   9.80320000000000        174.860752228287     
   9.81374000000000        177.853365867176     
   9.82428000000000        181.194030938314     
   9.83481000000000        184.438141211201     
   9.84534000000000        186.943130455446     
   9.85586000000000        188.220413921590     
   9.86639000000000        182.598765954085     
   9.87691000000000        171.844625800167     
   9.88742000000000        160.318984422024     
   9.89794000000000        149.765799181952     
   9.90845000000000        142.044683542193     
   9.91895000000000        135.581660149499     
   9.92946000000000        127.485475985856     
   9.93996000000000        120.895916653541     
   9.95046000000000        119.073276237701     
   9.96095000000000        122.081312224835     
   9.97144000000000        125.890523210612     
   9.98193000000000        128.185471511085     
   9.99242000000000        129.890442360446     
   10.0029000000000        131.040602073609     
   10.0133800000000        130.139889008267     
   10.0238500000000        127.925298808765     
   10.0343200000000        125.500103015465     
   10.0447900000000        123.904531248034     
   10.0552600000000        124.031632794412     
   10.0657200000000        123.706687246910     
   10.0761800000000        121.891658952159     
   10.0866400000000        121.384339062339     
   10.0970900000000        122.898969275345     
   10.1075400000000        127.296508971903     
   10.1179900000000        134.451157968958     
   10.1284300000000        141.975210060610     
   10.1388700000000        148.614614851697     
   10.1493100000000        153.247233516802     
   10.1597400000000        157.016598800699     
   10.1701700000000        162.165103875093     
   10.1806000000000        168.205512358726     
   10.1910300000000        171.044105472368     
   10.2014500000000        169.950310177173     
   10.2118700000000        165.206314542176     
   10.2222800000000        158.975158842580     
   10.2326900000000        153.719753557461     
   10.2431000000000        151.029458519257     
   10.2535100000000        149.430120438687     
   10.2639100000000        147.774956989186     
   10.2743100000000        145.972885671149     
   10.2847100000000        143.935062229603     
   10.2951000000000        141.902860630183     
   10.3054900000000        139.530387499496     
   10.3158800000000        136.845689818617     
   10.3262600000000        133.491997447692     
   10.3366400000000        129.838702242482     
   10.3470200000000        127.336583996941     
   10.3573900000000        126.310433059341     
   10.3677600000000        125.375172745005     
   10.3781300000000        123.233566394130     
   10.3884900000000        119.462975543783     
   10.3988600000000        114.005147741962     
   10.4092100000000        109.154816018172     
   10.4195700000000        106.251642453697     
   10.4299200000000        105.005358337674     
   10.4402700000000        104.838752300899     
   10.4506100000000        105.836163861692     
   10.4609600000000        107.916478789998     
   10.4713000000000        112.147978451870     
   10.4816300000000        118.286645212518     
   10.4919600000000        124.393882802942     
   10.5022900000000        128.549081945330     
   10.5126200000000        130.313631655167     
   10.5229400000000        132.014302055199     
   10.5332600000000        134.972346376541     
   10.5435800000000        138.887498389557     
   10.5539000000000        142.764671057512     
   10.5642100000000        143.810366481229     
   10.5745100000000        139.839530648201     
   10.5848200000000        131.547072805250     
   10.5951200000000        120.718198895469     
   10.6054200000000        109.156512452078     
   10.6157100000000        98.7273562123003     
   10.6260000000000        89.3898069011728     
   10.6362900000000        79.8386930685736     
   10.6465800000000        69.6812975474394     
   10.6568600000000        60.2808116829347     
   10.6671400000000        53.3613631766462     
   10.6774100000000        49.3170449307260     
   10.6876900000000        47.5216704275942     
   10.6979600000000        47.4483389919061     
   10.7082200000000        48.6439986397169     
   10.7184900000000        51.2066372930790     
   10.7287500000000        54.8822535179973     
   10.7390000000000        58.6137225596889     
   10.7492600000000        61.7557218506518     
   10.7595100000000        64.0168442083047     
   10.7697500000000        65.4383560101291     
   10.7800000000000        66.9064069236048     
   10.7902400000000        69.3615938021906     
   10.8004800000000        71.7452372033936     
   10.8107100000000        72.4800655668667     
   10.8209400000000        71.5863042716181     
   10.8311700000000        68.9472684901994     
   10.8414000000000        64.8490419845297     
   10.8516200000000        60.9515626242223     
   10.8618400000000        57.9560020821660     
   10.8720500000000        55.5772995759503     
   10.8822700000000        53.5898760281310     
   10.8924800000000        51.9733225593529     
   10.9026800000000        51.1189866073021     
   10.9128800000000        51.1206282102884     
   10.9230800000000        51.9670288573479     
   10.9332800000000        53.2411958257015     
   10.9434700000000        54.0796659487827     
   10.9536600000000        53.8177476109170     
   10.9638500000000        52.6988104460989     
   10.9740400000000        51.3050508580225     
   10.9842200000000        49.9578160141029     
   10.9943900000000        48.6444013395638     
   11.0045700000000        47.1357845042074     
   11.0147400000000        45.3028148925650     
   11.0249100000000        43.5300274496429     
   11.0350700000000        42.1835058744056     
   11.0452300000000        41.1427658784957     
   11.0553900000000        40.0014940543511     
   11.0655500000000        38.4788595431317     
   11.0757000000000        36.8466207040989     
   11.0858500000000        35.5367733584247     
   11.0960000000000        34.7822702888558     
   11.1061400000000        34.6239508909999     
   11.1162800000000        34.9877746413029     
   11.1264200000000        36.0948557123630     
   11.1365500000000        38.2389133715435     
   11.1466800000000        41.3121966226857     
   11.1568100000000        44.4377542165045     
   11.1669300000000        46.6101015738443     
   11.1770500000000        47.7082098429819     
   11.1871700000000        48.3872603621686     
   11.1972800000000        49.4108738182853     
   11.2073900000000        50.9644799243854     
   11.2175000000000        52.8795419240939     
   11.2276100000000        55.0421216227681     
   11.2377100000000        57.2396466106752     
   11.2478100000000        59.2455337811836     
   11.2579000000000        61.0909159428798     
   11.2679900000000        62.9806746503749     
   11.2780800000000        65.1334746062686     
   11.2881700000000        67.7477681794945     
   11.2982500000000        70.5058778798575     
   11.3083300000000        73.1290911815186     
   11.3184100000000        75.4830028671581     
   11.3284800000000        77.2922776913045     
   11.3385500000000        79.2493635334684     
   11.3486200000000        81.9898470569805     
   11.3586800000000        84.6550683196403     
   11.3687400000000        86.4520520937402     
   11.3788000000000        87.3455685286054     
   11.3888500000000        87.5424012355805     
   11.3989000000000        87.8805002717693     
   11.4089500000000        88.6430247856275     
   11.4189900000000        88.9715888974515     
   11.4290400000000        87.9938182731280     
   11.4390700000000        84.8728040768632     
   11.4491100000000        80.0249803267326     
   11.4591400000000        75.9003821478754     
   11.4691700000000        74.1837704857495     
   11.4792000000000        74.8485749398889     
   11.4892200000000        76.7500502984890     
   11.4992400000000        78.2050261589375     
   11.5092500000000        78.3700977016907     
   11.5192700000000        77.7486246360455     
   11.5292800000000        77.1338382588232     
   11.5392800000000        77.3791315628869     
   11.5492900000000        79.0082004173888     
   11.5592900000000        82.2377135285335     
   11.5692800000000        86.6773337230230     
   11.5792800000000        91.2750675702672     
   11.5892700000000        95.5552068533360     
   11.5992600000000        100.027412341538     
   11.6092400000000        104.599212055306     
   11.6192200000000        108.455803752003     
   11.6292000000000        111.477886555527     
   11.6391700000000        114.514495995175     
   11.6491500000000        118.637923706173     
   11.6591200000000        124.400797813492     
   11.6690800000000        130.894277269802     
   11.6790400000000        136.602346888186     
   11.6890000000000        141.438946285353     
   11.6989600000000        146.232507910144     
   11.7089100000000        151.276921320660     
   11.7188600000000        156.480190519557     
   11.7288100000000        161.822260400066     
   11.7387500000000        167.484311928904     
   11.7486900000000        173.453127477198     
   11.7586300000000        179.127650702872     
   11.7685600000000        184.198481757171     
   11.7784900000000        189.059995146909     
   11.7884200000000        194.009555493863     
   11.7983400000000        198.548696759498     
   11.8082600000000        201.800708500770     
   11.8181800000000        202.757678646447     
   11.8281000000000        200.829062976795     
   11.8380100000000        196.755687866666     
   11.8479200000000        192.149392923610     
   11.8578200000000        188.827779575565     
   11.8677200000000        187.604970717260     
   11.8776200000000        187.671518286286     
   11.8875200000000        187.860535932529     
   11.8974100000000        187.685102101574     
   11.9073000000000        186.262775335896     
   11.9171900000000        182.585236396536     
   11.9270700000000        177.219633375466     
   11.9369500000000        172.138849883991     
   11.9468300000000        169.481636927667     
   11.9567000000000        170.077603951649     
   11.9665700000000        172.562461525810     
   11.9764400000000        174.680703199777     
   11.9863000000000        175.287890047262     
   11.9961600000000        174.307671286153     
   12.0060200000000        172.009242397675     
   12.0158700000000        169.723711824466     
   12.0257300000000        169.268298953419     
   12.0355700000000        171.151868900923     
   12.0454200000000        174.797682745411     
   12.0552600000000        179.683618275337     
   12.0651000000000        185.319281021310     
   12.0749400000000        191.152046974323     
   12.0847700000000        197.023556141363     
   12.0946000000000        202.972270118510     
   12.1044200000000        208.718613410719     
   12.1142500000000        214.176469602318     
   12.1240700000000        219.600394425083     
   12.1338800000000        225.119604234530     
   12.1437000000000        230.214543476972     
   12.1535100000000        233.856269694746     
   12.1633100000000        235.553130241866     
   12.1731200000000        235.850884008534     
   12.1829200000000        235.527643572378     
   12.1927200000000        235.368027526254     
   12.2025100000000        236.467012996207     
   12.2123000000000        238.706874457525     
   12.2220900000000        240.329622309851     
   12.2318700000000        240.065552915505     
   12.2416600000000        237.760481934033     
   12.2514300000000        233.091108164715     
   12.2612100000000        226.301275360551     
   12.2709800000000        218.883740923958     
   12.2807500000000        211.675399410258     
   12.2905200000000        204.394981604898     
   12.3002800000000        196.826517052333     
   12.3100400000000        189.145591310822     
   12.3198000000000        181.288359473382     
   12.3295500000000        173.101116016522     
   12.3393000000000        165.323146820247     
   12.3490500000000        159.316015202387     
   12.3587900000000        155.648190234956     
   12.3685300000000        153.681951400405     
   12.3782700000000        152.390259104843     
   12.3880000000000        151.366767621620     
   12.3977300000000        150.957499647083     
   12.4074600000000        151.415081013287     
   12.4171800000000        152.469531538102     
   12.4269100000000        153.693616675087     
   12.4366200000000        154.852967687889     
   12.4463400000000        155.991041620307     
   12.4560500000000        157.348537316435     
   12.4657600000000        159.232851462690     
   12.4754700000000        161.678497384836     
   12.4851700000000        164.072629781509     
   12.4948700000000        165.762557515537     
   12.5045600000000        166.801411903510     
   12.5142600000000        167.668505794543     
   12.5239500000000        169.158666217972     
   12.5336300000000        172.044649280289     
   12.5433200000000        176.469664679497     
   12.5530000000000        181.998807283058     
   12.5626800000000        187.784826993033     
   12.5723500000000        192.411363519908     
   12.5820200000000        194.785489842001     
   12.5916900000000        195.128772663108     
   12.6013500000000        194.253911570217     
   12.6110100000000        192.802224022587     
   12.6206700000000        191.571104255125     
   12.6303300000000        191.121381429330     
   12.6399800000000        191.096030829451     
   12.6496300000000        190.698523988451     
   12.6592700000000        189.880636870047     
   12.6689200000000        189.188040896821     
   12.6785500000000        188.853435646966     
   12.6881900000000        188.911981877032     
   12.6978200000000        189.617764935226     
   12.7074500000000        191.195290087691     
   12.7170800000000        193.666167216774     
   12.7267000000000        197.001276544169     
   12.7363200000000        200.892276859316     
   12.7459400000000        204.465513398438     
   12.7555500000000        206.810562053809     
   12.7651600000000        207.835023339256     
   12.7747700000000        208.183788661811     
   12.7843800000000        208.350244382729     
   12.7939800000000        208.179099686117     
   12.8035800000000        207.201439575740     
   12.8131700000000        205.208162238300     
   12.8227600000000        202.447188804157     
   12.8323500000000        199.436683057429     
   12.8419400000000        196.744703179759     
   12.8515200000000        194.936386591081     
   12.8611000000000        194.446556605127     
   12.8706700000000        195.333208347250     
   12.8802500000000        197.273086070615     
   12.8898100000000        199.758721967151     
   12.8993800000000        202.304969035281     
   12.9089400000000        204.549980256949     
   12.9185000000000        206.197775923134     
   12.9280600000000        206.958102782193     
   12.9376100000000        206.788824340486     
   12.9471700000000        206.030799588372     
   12.9567100000000        205.058528645099     
   12.9662600000000        203.949499296754     
   12.9758000000000        202.908802783922     
   12.9853400000000        202.540275830189     
   12.9948700000000        203.345408975049     
   13.0044000000000        205.314964639060     
   13.0139300000000        208.011711558969     
   13.0234600000000        210.887019909460     
   13.0329800000000        213.424242343638     
   13.0425000000000        215.004028903376     
   13.0520100000000        215.202223385734     
   13.0615200000000        214.352153689218     
   13.0710300000000        213.234182600609     
   13.0805400000000        212.291261131793     
   13.0900400000000        211.471021592228     
   13.0995400000000        210.646708288818     
   13.1090400000000        210.001565426603     
   13.1185300000000        209.784540521242     
   13.1280200000000        209.649294846640     
   13.1375100000000        208.825581296701     
   13.1469900000000        206.922050677548     
   13.1564700000000        204.103413409989     
   13.1659500000000        200.772954362612     
   13.1754300000000        197.451757321450     
   13.1849000000000        194.624253415876     
   13.1943700000000        192.453128100580     
   13.2038300000000        190.659190839566     
   13.2132900000000        188.744336370681     
   13.2227500000000        186.479951219494     
   13.2322100000000        183.953363354991     
   13.2416600000000        181.265462549303     
   13.2511100000000        178.520449781933     
   13.2605500000000        175.915659243816     
   13.2700000000000        173.576472575705     
   13.2794400000000        171.595874101991     
   13.2888700000000        170.166462422300     
   13.2983100000000        169.423055973839     
   13.3077400000000        169.270392848484     
   13.3171600000000        169.392610382246     
   13.3265900000000        169.325793938736     
   13.3360100000000        168.757050879634     
   13.3454300000000        167.796292654533     
   13.3548400000000        166.786075393806     
   13.3642500000000        165.941838738516     
   13.3736600000000        165.169029367558     
   13.3830600000000        164.191394615189     
   13.3924700000000        162.850351728983     
   13.4018600000000        161.204794029719     
   13.4112600000000        159.400201790198     
   13.4206500000000        157.580350165279     
   13.4300400000000        155.857361924663     
   13.4394300000000        154.389398819337     
   13.4488100000000        153.418056772745     
   13.4581900000000        153.195830385789     
   13.4675600000000        153.847975863572     
   13.4769400000000        155.276897812620     
   13.4863100000000        157.254326483778     
   13.4956700000000        159.615864196315     
   13.5050400000000        162.331063909491     
   13.5144000000000        165.376216311820     
   13.5237600000000        168.629416568561     
   13.5331100000000        171.903319396899     
   13.5424600000000        175.118136597104     
   13.5518100000000        178.404843102979     
   13.5611500000000        182.057855136530     
   13.5704900000000        186.350414781753     
   13.5798300000000        191.246837387091     
   13.5891700000000        196.223493792775     
   13.5985000000000        200.507804676200     
   13.6078300000000        203.622230150427     
   13.6171500000000        205.548387503956     
   13.6264800000000        206.474532101681     
   13.6358000000000        206.583796037852     
   13.6451100000000        206.101640477423     
   13.6544200000000        205.343434390118     
   13.6637300000000        204.730896320875     
   13.6730400000000        204.658582241195     
   13.6823400000000        205.276384715699     
   13.6916400000000        206.437448852453     
   13.7009400000000        207.756769868083     
   13.7102400000000        208.776370222527     
   13.7195300000000        209.247123168861     
   13.7288100000000        209.212859269899     
   13.7381000000000        208.768944092754     
   13.7473800000000        207.897197862450     
   13.7566600000000        206.536391194016     
   13.7659300000000        204.653128413340     
   13.7752000000000        202.290622232917     
   13.7844700000000        199.619132370849     
   13.7937400000000        196.783350956626     
   13.8030000000000        193.768227333169     
   13.8122600000000        190.530369537774     
   13.8215200000000        187.129027451346     
   13.8307700000000        183.621819611103     
   13.8400200000000        180.022795676974     
   13.8492600000000        176.464391337727     
   13.8585100000000        173.205413771343     
   13.8677500000000        170.460059438353     
   13.8769800000000        168.205615567130     
   13.8862200000000        166.258914266379     
   13.8954500000000        164.473252672830     
   13.9046800000000        162.827109178516     
   13.9139000000000        161.416492280544     
   13.9231200000000        160.285446259123     
   13.9323400000000        159.280936913915     
   13.9415500000000        158.114025258863     
   13.9507700000000        156.588769061429     
   13.9599700000000        154.802522160570     
   13.9691800000000        153.048825717628     
   13.9783800000000        151.539939564260     
   13.9875800000000        150.237577536528     
   13.9967800000000        149.008609803195     
   14.0059700000000        147.770550772377     
   14.0151600000000        146.480822666493     
   14.0243400000000        145.166830652695     
   14.0335300000000        143.954148715787     
   14.0427100000000        142.975636793725     
   14.0518800000000        142.261003710417     
   14.0610600000000        141.774470372474     
   14.0702300000000        141.463717495999     
   14.0794000000000        141.233226171648     
   14.0885600000000        140.942957345527     
   14.0977200000000        140.445761976058     
   14.1068800000000        139.642092472556     
   14.1160300000000        138.558248241845     
   14.1251800000000        137.401297595980     
   14.1343300000000        136.526274352927     
   14.1434800000000        136.293076729179     
   14.1526200000000        136.922960762261     
   14.1617600000000        138.449122189127     
   14.1708900000000        140.744660388806     
   14.1800300000000        143.544464978187     
   14.1891500000000        146.364041126179     
   14.1982800000000        148.566009503133     
   14.2074000000000        149.595142317400     
   14.2165200000000        149.340466424498     
   14.2256400000000        148.214623706895     
   14.2347500000000        146.862075618432     
   14.2438600000000        145.734479547555     
   14.2529700000000        144.943628043108     
   14.2620700000000        144.468639205725     
   14.2711800000000        144.409731129957     
   14.2802700000000        144.898718039533     
   14.2893700000000        145.795300729482     
   14.2984600000000        146.674256820987     
   14.3075500000000        147.186760886514     
   14.3166300000000        147.344677676178     
   14.3257100000000        147.403602506510     
   14.3347900000000        147.472187693414     
   14.3438700000000        147.308325986393     
   14.3529400000000        146.557211819400     
   14.3620100000000        145.127654397111     
   14.3710700000000        143.245684063880     
   14.3801400000000        141.253157737609     
   14.3892000000000        139.501639999351     
   14.3982500000000        138.263428059067     
   14.4073100000000        137.619153532393     
   14.4163600000000        137.413999785975     
   14.4254000000000        137.334469752487     
   14.4344500000000        137.049775398833     
   14.4434900000000        136.353860266147     
   14.4525200000000        135.242077492902     
   14.4615600000000        133.850721907046     
   14.4705900000000        132.348414229997     
   14.4796200000000        130.818186749220     
   14.4886400000000        129.224743790945     
   14.4976600000000        127.515680274160     
   14.5066800000000        125.784514834513     
   14.5157000000000        124.275581438030     
   14.5247100000000        123.239875465292     
   14.5337200000000        122.792370923882     
   14.5427200000000        122.870440340367     
   14.5517300000000        123.265152945858     
   14.5607300000000        123.722576841127     
   14.5697200000000        124.098861322371     
   14.5787100000000        124.459279799802     
   14.5877000000000        125.035119947657     
   14.5966900000000        126.082614073434     
   14.6056700000000        127.764731445811     
   14.6146600000000        130.149552900583     
   14.6236300000000        133.224876163047     
   14.6326100000000        136.899480208913     
   14.6415800000000        140.912128809180     
   14.6505400000000        144.911871661511     
   14.6595100000000        148.619950399257     
   14.6684700000000        151.912760633427     
   14.6774300000000        154.850843035414     
   14.6863800000000        157.591327246670     
   14.6953400000000        160.270433224754     
   14.7042800000000        162.841580169135     
   14.7132300000000        165.103516503706     
   14.7221700000000        166.829013251810     
   14.7311100000000        167.975033113092     
   14.7400500000000        168.715964222277     
   14.7489800000000        169.316735732651     
   14.7579100000000        169.961450856084     
   14.7668400000000        170.658092740963     
   14.7757600000000        171.234491889354     
   14.7846800000000        171.401602572898     
   14.7936000000000        170.870100585814     
   14.8025100000000        169.466179571042     
   14.8114200000000        167.148856071920     
   14.8203300000000        163.971417908527     
   14.8292300000000        160.097003092365     
   14.8381300000000        155.852939147198     
   14.8470300000000        151.722119529095     
   14.8559300000000        148.176071335991     
   14.8648200000000        145.476085870976     
   14.8737100000000        143.558669570774     
   14.8825900000000        142.118884865915     
   14.8914700000000        140.782366227270     
   14.9003500000000        139.235878103346     
   14.9092300000000        137.250245986449     
   14.9181000000000        134.694559650640     
   14.9269700000000        131.550088625378     
   14.9358400000000        127.920803347354     
   14.9447000000000        124.005980396967     
   14.9535600000000        120.035655292101     
   14.9624200000000        116.239490198393     
   14.9712700000000        112.814780365887     
   14.9801200000000        109.891107815951     
   14.9889700000000        107.533450730202     
   14.9978100000000        105.747895452466     
   15.0066500000000        104.489055689012     
   15.0154900000000        103.675280820287     
   15.0243300000000        103.206546493311     
   15.0331600000000        103.008884856246     
   15.0419900000000        103.075031822839     
   15.0508100000000        103.472192107312     
   15.0596300000000        104.306141190154     
   15.0684500000000        105.665537556778     
   15.0772700000000        107.590205464054     
   15.0860800000000        110.062956126842     
   15.0948900000000        112.994359447806     
   15.1037000000000        116.179033062640     
   15.1125000000000        119.318245207595     
   15.1213000000000        122.147484005386     
   15.1301000000000        124.553857641909     
   15.1388900000000        126.603930746004     
   15.1476800000000        128.457413686531     
   15.1564700000000        130.245144871259     
   15.1652500000000        132.028615446659     
   15.1740300000000        133.836726320412     
   15.1828100000000        135.696650997131     
   15.1915800000000        137.635944818122     
   15.2003500000000        139.670044498311     
   15.2091200000000        141.784678441814     
   15.2178900000000        143.949355415995     
   15.2266500000000        146.144222815564     
   15.2354100000000        148.395826514393     
   15.2441600000000        150.764441507136     
   15.2529200000000        153.308297148608     
   15.2616700000000        156.001834437285     
   15.2704100000000        158.749686950210     
   15.2791500000000        161.468956502804     
   15.2878900000000        164.165103343106     
   15.2966300000000        166.910493369964     
   15.3053600000000        169.737217760451     
   15.3140900000000        172.587372953505     
   15.3228200000000        175.351388925883     
   15.3315400000000        177.967230113094     
   15.3402600000000        180.485052909297     
   15.3489800000000        183.029984049624     
   15.3577000000000        185.726444998947     
   15.3664100000000        188.619696475216     
   15.3751200000000        191.635143280365     
   15.3838200000000        194.545379327294     
   15.3925200000000        197.028909572412     
   15.4012200000000        198.770449924226     
   15.4099200000000        199.568005244220     
   15.4186100000000        199.366458353630     
   15.4273000000000        198.228434349051     
   15.4359800000000        196.296981897162     
   15.4446700000000        193.774468538792     
   15.4533400000000        190.932090415646     
   15.4620200000000        188.026620645382     
   15.4706900000000        185.260873889522     
   15.4793600000000        182.731436408291     
   15.4880300000000        180.484808419850     
   15.4966900000000        178.565813065454     
   15.5053500000000        177.007401121388     
   15.5140100000000        175.787815118908     
   15.5226700000000        174.784173758031     
   15.5313200000000        173.799125115692     
   15.5399600000000        172.659231260011     
   15.5486100000000        171.301989805220     
   15.5572500000000        169.782506938674     
   15.5658900000000        168.195658627667     
   15.5745200000000        166.633371964387     
   15.5831600000000        165.169858028613     
   15.5917900000000        163.876695363427     
   15.6004100000000        162.789067706071     
   15.6090300000000        161.873978741564     
   15.6176500000000        161.034523821966     
   15.6262700000000        160.161412552484     
   15.6348800000000        159.188549368294     
   15.6434900000000        158.092240097512     
   15.6521000000000        156.853338115965     
   15.6607000000000        155.425154256889     
   15.6693000000000        153.738799498457     
   15.6779000000000        151.749353645226     
   15.6864900000000        149.474671554112     
   15.6950800000000        147.000002960329     
   15.7036700000000        144.474201181146     
   15.7122600000000        142.075470965145     
   15.7208400000000        139.965787557204     
   15.7294100000000        138.239319461806     
   15.7379900000000        136.902660725228     
   15.7465600000000        135.898923161980     
   15.7551300000000        135.134375430701     
   15.7637000000000        134.528039166462     
   15.7722600000000        134.036713662799     
   15.7808200000000        133.651995220378     
   15.7893700000000        133.383465142482     
   15.7979300000000        133.238881016255     
   15.8064700000000        133.220688566583     
   15.8150200000000        133.327218666985     
   15.8235600000000        133.550141480863     
   15.8321000000000        133.870959440981     
   15.8406400000000        134.275017955744     
   15.8491800000000        134.773030647700     
   15.8577100000000        135.400506936210     
   15.8662300000000        136.204094276029     
   15.8747600000000        137.238013073756     
   15.8832800000000        138.558003315667     
   15.8918000000000        140.223573702657     
   15.9003100000000        142.280700117210     
   15.9088200000000        144.762225940159     
   15.9173300000000        147.680632422233     
   15.9258400000000        151.039025583978     
   15.9343400000000        154.841832800361     
   15.9428400000000        159.115066583757     
   15.9513300000000        163.885539273049     
   15.9598300000000        169.211658286102     
   15.9683100000000        175.153653872943     
   15.9768000000000        181.861262444986     
   15.9852800000000        189.489460460077     
   15.9937600000000        198.214381479464     
   16.0022400000000        208.136172622743     
   16.0107100000000        219.207075199729     
   16.0191800000000        231.228161187150     
   16.0276500000000        243.810870587032     
   16.0361200000000        256.437140363817     
   16.0445800000000        268.535803112754     
   16.0530300000000        279.610323631845     
   16.0614900000000        289.314901817849     
   16.0699400000000        297.411674992438     
   16.0783900000000        303.831996771470     
   16.0868300000000        308.547602811515     
   16.0952800000000        311.509648436667     
   16.1037100000000        312.574060488268     
   16.1121500000000        311.590199229201     
   16.1205800000000        308.498666842648     
   16.1290100000000        303.421216375953     
   16.1374400000000        296.659852850405     
   16.1458600000000        288.630557133182     
   16.1542800000000        279.752194041791     
   16.1627000000000        270.433841417601     
   16.1711100000000        261.075194026193     
   16.1795200000000        252.025859053563     
   16.1879300000000        243.595289919376     
   16.1963300000000        236.025279324141     
   16.2047300000000        229.455645219991     
   16.2131300000000        223.963945481426     
   16.2215200000000        219.563222103653     
   16.2299100000000        216.170426261662     
   16.2383000000000        213.605669537656     
   16.2466900000000        211.585814640547     
   16.2550700000000        209.759093622716     
   16.2634500000000        207.758785983336     
   16.2718200000000        205.286176335093     
   16.2802000000000        202.157996748692     
   16.2885600000000        198.349977732159     
   16.2969300000000        193.909922781236     
   16.3052900000000        188.939096630302     
   16.3136500000000        183.516035480653     
   16.3220100000000        177.720864267838     
   16.3303600000000        171.657247367395     
   16.3387100000000        165.440097153899     
   16.3470600000000        159.210382449006     
   16.3554000000000        153.118535171339     
   16.3637400000000        147.279196579957     
   16.3720800000000        141.769149588854     
   16.3804200000000        136.603214406080     
   16.3887500000000        131.744977816714     
   16.3970700000000        127.126002537391     
   16.4054000000000        122.685489296441     
   16.4137200000000        118.431583973299     
   16.4220400000000        114.401831592626     
   16.4303500000000        110.662400229979     
   16.4386700000000        107.255672356037     
   16.4469700000000        104.220342401502     
   16.4552800000000        101.550217965673     
   16.4635800000000        99.2428411552813     
   16.4718800000000        97.2749361972648     
   16.4801800000000        95.6184380785685     
   16.4884700000000        94.2448325480503     
   16.4967600000000        93.1223689984448     
   16.5050500000000        92.2119772032889     
   16.5133300000000        91.4532966167540     
   16.5216100000000        90.7655660885291     
   16.5298900000000        90.0739452107047     
   16.5381600000000        89.3345790351953     
   16.5464300000000        88.5405176838994     
   16.5547000000000        87.7139835880451     
   16.5629700000000        86.8883468857832     
   16.5712300000000        86.0956446536242     
   16.5794900000000        85.3565995477823     
   16.5877400000000        84.6811863578846     
   16.5959900000000        84.0638013747037     
   16.6042400000000        83.4862993925034     
   16.6124900000000        82.9191810244542     
   16.6207300000000        82.3270987265648     
   16.6289700000000        81.6741751208616     
   16.6372000000000        80.9338814621013     
   16.6454400000000        80.0886693293713     
   16.6536700000000        79.1389275192168     
   16.6618900000000        78.0994709015131     
   16.6701200000000        76.9987383783836     
   16.6783400000000        75.8843491866061     
   16.6865500000000        74.8101117741936     
   16.6947700000000        73.8282030484056     
   16.7029800000000        72.9863000307378     
   16.7111900000000        72.3103850434004     
   16.7193900000000        71.8087918622008     
   16.7275900000000        71.4748114299222     
   16.7357900000000        71.2956833479418     
   16.7439800000000        71.2523625067921     
   16.7521800000000        71.3141280668475     
   16.7603600000000        71.4343760713179     
   16.7685500000000        71.5577357682517     
   16.7767300000000        71.6379612234989     
   16.7849100000000        71.6622311594929     
   16.7930900000000        71.6622330159804     
   16.8012600000000        71.7032148713339     
   16.8094300000000        71.8527971522285     
   16.8175900000000        72.1453815032388     
   16.8257600000000        72.5621055151628     
   16.8339200000000        73.0284405823555     
   16.8420700000000        73.4375155283323     
   16.8502300000000        73.6829238780610     
   16.8583800000000        73.6892885052555     
   16.8665300000000        73.4342906451712     
   16.8746700000000        72.9459772594325     
   16.8828100000000        72.2826718583599     
   16.8909500000000        71.5114943349414     
   16.8990800000000        70.6919048178353     
   16.9072100000000        69.8609141753388     
   16.9153400000000        69.0289596012133     
   16.9234700000000        68.1806022006400     
   16.9315900000000        67.2897548675685     
   16.9397100000000        66.3385206061536     
   16.9478200000000        65.3408822557651     
   16.9559400000000        64.3444239440609     
   16.9640500000000        63.4321710652110     
   16.9721500000000        62.6967278817493     
   16.9802600000000        62.2191272230752     
   16.9883600000000        62.0528596645567     
   16.9964500000000        62.2059421647163     
   17.0045500000000        62.6417161973414     
   17.0126400000000        63.2820470857974     
   17.0207200000000        64.0233217681101     
   17.0288100000000        64.7583871430868     
   17.0368900000000        65.3923074870819     
   17.0449700000000        65.8647103639197     
   17.0530400000000        66.1496813434850     
   17.0611100000000        66.2499923916926     
   17.0691800000000        66.1823867652964     
