   7.15970000000000        568.280396892233     
   7.17100000000000        561.476188754103     
   7.18231000000000        555.224595519237     
   7.19360000000000        530.534898347928     
   7.20490000000000        502.918940407022     
   7.21619000000000        476.856369776383     
   7.22748000000000        467.149119990751     
   7.23877000000000        476.245432020926     
   7.25005000000000        463.967688758250     
   7.26133000000000        443.951213352709     
   7.27261000000000        409.215310599416     
   7.28388000000000        382.011050393396     
   7.29515000000000        356.095293094645     
   7.30642000000000        354.718306534637     
   7.31768000000000        349.904794584438     
   7.32894000000000        351.941005700288     
   7.34020000000000        363.078581518498     
   7.35146000000000        386.068089645522     
   7.36271000000000        407.565591222663     
   7.37396000000000        433.026579099895     
   7.38520000000000        439.280399378700     
   7.39644000000000        423.190964002770     
   7.40768000000000        411.610182067467     
   7.41892000000000        396.296711789178     
   7.43015000000000        380.448005316616     
   7.44138000000000        380.013078578980     
   7.45261000000000        364.574256469620     
   7.46383000000000        347.023552772105     
   7.47505000000000        335.977482526984     
   7.48626000000000        318.798711570269     
   7.49748000000000        317.577720082499     
   7.50869000000000        322.106789947252     
   7.51990000000000        315.322464007211     
   7.53110000000000        315.507625147835     
   7.54230000000000        326.633193758072     
   7.55350000000000        335.835030716717     
   7.56469000000000        333.532845480667     
   7.57588000000000        329.390001899277     
   7.58707000000000        329.551561037512     
   7.59826000000000        341.804371622397     
   7.60944000000000        350.393324698419     
   7.62062000000000        362.377679198923     
   7.63179000000000        375.144859924942     
   7.64296000000000        371.329895338856     
   7.65413000000000        361.020758523649     
   7.66530000000000        354.148047704790     
   7.67646000000000        353.211226582111     
   7.68762000000000        364.531628182424     
   7.69878000000000        368.869200683673     
   7.70993000000000        355.728257699514     
   7.72108000000000        341.880220083419     
   7.73223000000000        340.362050818369     
   7.74337000000000        344.371749855016     
   7.75451000000000        342.242437452607     
   7.76565000000000        338.039688029105     
   7.77678000000000        334.181787362733     
   7.78791000000000        333.507623467019     
   7.79904000000000        337.008200330880     
   7.81017000000000        345.990617783828     
   7.82129000000000        352.969935976351     
   7.83241000000000        359.959640944103     
   7.84352000000000        363.706445965903     
   7.85463000000000        361.569803881250     
   7.86574000000000        360.060652734318     
   7.87685000000000        356.233654290241     
   7.88795000000000        353.911269856514     
   7.89905000000000        356.515713539829     
   7.91015000000000        353.258101314087     
   7.92124000000000        333.055402347201     
   7.93233000000000        318.578675452968     
   7.94342000000000        311.865676837989     
   7.95450000000000        306.577933272397     
   7.96558000000000        299.229869697619     
   7.97666000000000        284.106515185853     
   7.98773000000000        268.883951481387     
   7.99880000000000        260.089494576716     
   8.00987000000000        249.211447601809     
   8.02093000000000        239.014580555251     
   8.03200000000000        240.122597986787     
   8.04305000000000        242.801551473040     
   8.05411000000000        240.153208863821     
   8.06516000000000        243.539006310332     
   8.07621000000000        253.355550687317     
   8.08726000000000        263.594137961769     
   8.09830000000000        269.032826561328     
   8.10934000000000        275.052944760395     
   8.12037000000000        274.464462622584     
   8.13141000000000        269.508031925299     
   8.14244000000000        261.461879419507     
   8.15346000000000        252.954877012370     
   8.16449000000000        243.450529581076     
   8.17551000000000        234.439711496440     
   8.18652000000000        221.586177407695     
   8.19754000000000        206.178027766009     
   8.20855000000000        195.592259146922     
   8.21955000000000        191.855674364869     
   8.23056000000000        194.361751716840     
   8.24156000000000        196.447325179958     
   8.25256000000000        198.034577925227     
   8.26355000000000        196.003503835623     
   8.27454000000000        192.751011489212     
   8.28553000000000        194.536380573444     
   8.29652000000000        202.160756601340     
   8.30750000000000        215.933231046095     
   8.31848000000000        226.883680660641     
   8.32946000000000        231.264642505935     
   8.34043000000000        233.856534261764     
   8.35140000000000        235.898200353971     
   8.36236000000000        237.598814959695     
   8.37333000000000        240.183979967699     
   8.38429000000000        243.596241859150     
   8.39524000000000        248.514237547350     
   8.40620000000000        254.123373488389     
   8.41715000000000        260.933944032639     
   8.42810000000000        264.773887197695     
   8.43904000000000        269.039466868954     
   8.44998000000000        271.518574939097     
   8.46092000000000        275.886326642770     
   8.47185000000000        279.923111484133     
   8.48278000000000        282.185427431615     
   8.49371000000000        281.355747972296     
   8.50464000000000        278.315346843774     
   8.51556000000000        274.186780230832     
   8.52648000000000        269.565567792682     
   8.53739000000000        265.987522607876     
   8.54831000000000        264.935483482337     
   8.55922000000000        266.259790193461     
   8.57012000000000        268.653955391938     
   8.58103000000000        272.062404242187     
   8.59193000000000        276.109188002421     
   8.60282000000000        279.993807135575     
   8.61372000000000        282.541985742480     
   8.62461000000000        287.860840027304     
   8.63549000000000        292.941898133156     
   8.64638000000000        295.133903731463     
   8.65726000000000        294.874384769807     
   8.66814000000000        296.017291900030     
   8.67901000000000        300.342591061748     
   8.68988000000000        304.776096380422     
   8.70075000000000        304.288683449688     
   8.71161000000000        302.354221653793     
   8.72248000000000        301.231648116903     
   8.73333000000000        296.880032688495     
   8.74419000000000        289.292599597783     
   8.75504000000000        281.307807772145     
   8.76589000000000        274.648438211185     
   8.77674000000000        271.645867044795     
   8.78758000000000        269.124735705636     
   8.79842000000000        266.463980133051     
   8.80926000000000        263.938697950072     
   8.82009000000000        260.341201065126     
   8.83092000000000        255.071873346602     
   8.84175000000000        251.782084586089     
   8.85257000000000        247.774379562181     
   8.86339000000000        247.071007424403     
   8.87421000000000        249.502294847645     
   8.88502000000000        250.386305850753     
   8.89583000000000        250.286538596658     
   8.90664000000000        250.212977926193     
   8.91745000000000        250.141300395718     
   8.92825000000000        249.855163929517     
   8.93905000000000        248.953304512080     
   8.94984000000000        248.336077330682     
   8.96063000000000        249.204732838909     
   8.97142000000000        252.053666108262     
   8.98221000000000        256.146330847570     
   8.99299000000000        264.428933558929     
   9.00377000000000        274.603596693804     
   9.01455000000000        284.278304682262     
   9.02532000000000        299.496351586490     
   9.03609000000000        323.851850964833     
   9.04686000000000        360.794781419092     
   9.05762000000000        404.885927025308     
   9.06838000000000        452.666144211695     
   9.07914000000000        499.033946835367     
   9.08989000000000        524.064891864943     
   9.10064000000000        520.990075626004     
   9.11139000000000        507.044987533455     
   9.12214000000000        499.007233196283     
   9.13288000000000        497.657158305640     
   9.14362000000000        499.625492170208     
   9.15435000000000        483.540210270741     
   9.16508000000000        449.158572240656     
   9.17581000000000        427.508669501680     
   9.18654000000000        432.812102299066     
   9.19726000000000        438.094458944334     
   9.20798000000000        427.988310675510     
   9.21870000000000        417.591722714476     
   9.22941000000000        412.681820754929     
   9.24012000000000        404.925979396608     
   9.25082000000000        391.697686021850     
   9.26153000000000        380.637767315290     
   9.27223000000000        371.631244997499     
   9.28293000000000        373.216829045510     
   9.29362000000000        385.525638250044     
   9.30431000000000        395.957152380359     
   9.31500000000000        387.509938816418     
   9.32568000000000        380.218859765116     
   9.33636000000000        398.090650204788     
   9.34704000000000        436.298920409406     
   9.35772000000000        473.732628607632     
   9.36839000000000        493.676933115139     
   9.37906000000000        494.737529609332     
   9.38972000000000        495.682233826553     
   9.40038000000000        508.685810874853     
   9.41104000000000        531.094448424370     
   9.42170000000000        550.236699397412     
   9.43235000000000        563.749940704431     
   9.44300000000000        580.449118599423     
   9.45365000000000        607.625728386286     
   9.46429000000000        629.717408470145     
   9.47493000000000        641.018846190109     
   9.48557000000000        655.245394476107     
   9.49620000000000        658.446328719609     
   9.50683000000000        654.307254647655     
   9.51746000000000        639.829863644260     
   9.52808000000000        637.356012965942     
   9.53871000000000        661.058239255340     
   9.54932000000000        694.764189639950     
   9.55994000000000        736.996295422070     
   9.57055000000000        761.276136822449     
   9.58116000000000        758.602386267232     
   9.59176000000000        750.188202603980     
   9.60237000000000        753.255076863270     
   9.61296000000000        760.823609063426     
   9.62356000000000        781.277361043285     
   9.63415000000000        805.304930297465     
   9.64474000000000        813.766063456469     
   9.65533000000000        808.953390366132     
   9.66591000000000        809.629979474029     
   9.67649000000000        822.516570808635     
   9.68707000000000        838.587862440693     
   9.69764000000000        854.914426908475     
   9.70821000000000        877.979803366297     
   9.71878000000000        931.501515281527     
   9.72934000000000        1006.78560822021     
   9.73990000000000        1061.84745120908     
   9.75046000000000        1081.12843497667     
   9.76102000000000        1082.79712759766     
   9.77157000000000        1093.63307249375     
   9.78212000000000        1106.70101957526     
   9.79266000000000        1105.20518669648     
   9.80320000000000        1097.37868888647     
   9.81374000000000        1085.37800661103     
   9.82428000000000        1078.56060916949     
   9.83481000000000        1087.45946080411     
   9.84534000000000        1097.99920764154     
   9.85586000000000        1107.88473044841     
   9.86639000000000        1112.56385359129     
   9.87691000000000        1074.61085949988     
   9.88742000000000        1030.62689228410     
   9.89794000000000        1039.02101101834     
   9.90845000000000        1067.65714969871     
   9.91895000000000        1076.74903795510     
   9.92946000000000        1074.32777822947     
   9.93996000000000        1056.68839302176     
   9.95046000000000        1026.71801649452     
   9.96095000000000        993.878995236594     
   9.97144000000000        961.578796021098     
   9.98193000000000        931.718758305083     
   9.99242000000000        921.064659305094     
   10.0029000000000        933.732303307655     
   10.0133800000000        949.790723468848     
   10.0238500000000        960.010504067103     
   10.0343200000000        952.884826944113     
   10.0447900000000        937.996656007120     
   10.0552600000000        930.305057676135     
   10.0657200000000        926.378098114505     
   10.0761800000000        923.999600096183     
   10.0866400000000        927.189831217108     
   10.0970900000000        937.915594444840     
   10.1075400000000        951.912045950790     
   10.1179900000000        955.878098950152     
   10.1284300000000        949.281752547158     
   10.1388700000000        957.885218184642     
   10.1493100000000        980.490146701967     
   10.1597400000000        976.630709157923     
   10.1701700000000        958.696204504000     
   10.1806000000000        956.902751653315     
   10.1910300000000        957.364674990429     
   10.2014500000000        952.263241756713     
   10.2118700000000        964.618153975838     
   10.2222800000000        989.989193265656     
   10.2326900000000        1000.61747876009     
   10.2431000000000        993.658580823596     
   10.2535100000000        981.763685092247     
   10.2639100000000        971.502204284422     
   10.2743100000000        963.636688523002     
   10.2847100000000        976.964701651395     
   10.2951000000000        1014.62229316931     
   10.3054900000000        1041.19931806146     
   10.3158800000000        1044.18509671248     
   10.3262600000000        1043.37796297622     
   10.3366400000000        1032.92021531365     
   10.3470200000000        1013.92617322903     
   10.3573900000000        1012.26145318957     
   10.3677600000000        1032.22353287707     
   10.3781300000000        1048.20500774349     
   10.3884900000000        1045.53866257744     
   10.3988600000000        1028.99537852776     
   10.4092100000000        1007.39111198167     
   10.4195700000000        992.770076721794     
   10.4299200000000        988.108138714879     
   10.4402700000000        985.349479866968     
   10.4506100000000        973.987536057539     
   10.4609600000000        951.978831092271     
   10.4713000000000        924.931113388948     
   10.4816300000000        897.968788379254     
   10.4919600000000        882.321714647311     
   10.5022900000000        879.868979719851     
   10.5126200000000        880.005473191925     
   10.5229400000000        877.315693864321     
   10.5332600000000        861.049018474045     
   10.5435800000000        834.868255924581     
   10.5539000000000        806.426457154502     
   10.5642100000000        777.455855824027     
   10.5745100000000        751.729583962923     
   10.5848200000000        732.067555006406     
   10.5951200000000        714.322524421400     
   10.6054200000000        700.666086559301     
   10.6157100000000        693.573543010311     
   10.6260000000000        694.894980651040     
   10.6362900000000        710.971097494178     
   10.6465800000000        728.548676977036     
   10.6568600000000        737.629707707935     
   10.6671400000000        743.705095047119     
   10.6774100000000        750.839734569634     
   10.6876900000000        761.092462566136     
   10.6979600000000        775.717963495235     
   10.7082200000000        796.550587187010     
   10.7184900000000        825.365933730153     
   10.7287500000000        855.779069644755     
   10.7390000000000        881.694878481904     
   10.7492600000000        904.960334599906     
   10.7595100000000        926.481425508975     
   10.7697500000000        950.719874369746     
   10.7800000000000        986.839966447178     
   10.7902400000000        1027.76007296052     
   10.8004800000000        1062.91801926750     
   10.8107100000000        1089.71179090204     
   10.8209400000000        1101.78560755533     
   10.8311700000000        1102.47707011012     
   10.8414000000000        1108.85005122954     
   10.8516200000000        1129.17790839861     
   10.8618400000000        1160.04518629119     
   10.8720500000000        1187.96528484795     
   10.8822700000000        1207.08579436226     
   10.8924800000000        1217.53405666618     
   10.9026800000000        1220.93766433513     
   10.9128800000000        1226.31175630715     
   10.9230800000000        1243.23909837343     
   10.9332800000000        1267.42337195312     
   10.9434700000000        1289.98386171322     
   10.9536600000000        1310.34145144499     
   10.9638500000000        1321.51425171962     
   10.9740400000000        1306.16547820343     
   10.9842200000000        1268.99729675657     
   10.9943900000000        1229.21190331065     
   11.0045700000000        1198.19705978566     
   11.0147400000000        1181.42677435364     
   11.0249100000000        1173.27940274770     
   11.0350700000000        1164.42028278606     
   11.0452300000000        1152.77096766485     
   11.0553900000000        1144.91990113849     
   11.0655500000000        1149.27838082294     
   11.0757000000000        1166.98209764360     
   11.0858500000000        1191.54841651863     
   11.0960000000000        1214.14776460766     
   11.1061400000000        1224.94937796553     
   11.1162800000000        1222.78518556062     
   11.1264200000000        1218.74593551531     
   11.1365500000000        1225.59983436294     
   11.1466800000000        1242.83475501388     
   11.1568100000000        1258.97307633379     
   11.1669300000000        1271.14605807819     
   11.1770500000000        1283.08406839469     
   11.1871700000000        1293.98823912488     
   11.1972800000000        1299.55368871232     
   11.2073900000000        1297.83893536411     
   11.2175000000000        1287.06127605499     
   11.2276100000000        1278.61918406222     
   11.2377100000000        1287.62213238808     
   11.2478100000000        1315.66353096083     
   11.2579000000000        1350.38106562986     
   11.2679900000000        1377.04775481272     
   11.2780800000000        1392.65329281983     
   11.2881700000000        1403.09915815275     
   11.2982500000000        1414.78917191558     
   11.3083300000000        1435.58516777939     
   11.3184100000000        1463.91144035587     
   11.3284800000000        1485.63819875875     
   11.3385500000000        1495.94359132509     
   11.3486200000000        1503.99002331945     
   11.3586800000000        1519.67682854824     
   11.3687400000000        1544.77153236541     
   11.3788000000000        1570.00393759854     
   11.3888500000000        1589.92901439319     
   11.3989000000000        1604.37623643469     
   11.4089500000000        1613.71117395360     
   11.4189900000000        1622.68050274831     
   11.4290400000000        1634.32048969329     
   11.4390700000000        1644.30883528065     
   11.4491100000000        1645.52605927486     
   11.4591400000000        1643.67269391693     
   11.4691700000000        1648.29262742116     
   11.4792000000000        1659.81686371327     
   11.4892200000000        1672.20866481785     
   11.4992400000000        1683.42152578912     
   11.5092500000000        1692.27829942130     
   11.5192700000000        1693.61409971438     
   11.5292800000000        1691.57621634522     
   11.5392800000000        1695.21744285315     
   11.5492900000000        1705.38171619161     
   11.5592900000000        1716.64632285046     
   11.5692800000000        1724.80844391798     
   11.5792800000000        1734.61779654004     
   11.5892700000000        1749.09131350444     
   11.5992600000000        1762.82661616091     
   11.6092400000000        1774.55240739650     
   11.6192200000000        1784.76884755096     
   11.6292000000000        1790.61984781171     
   11.6391700000000        1791.97858909836     
   11.6491500000000        1790.39721621464     
   11.6591200000000        1791.13732885914     
   11.6690800000000        1797.59284083293     
   11.6790400000000        1806.09824669022     
   11.6890000000000        1810.74651838434     
   11.6989600000000        1809.60811438293     
   11.7089100000000        1808.61764729072     
   11.7188600000000        1811.82637978222     
   11.7288100000000        1814.30521236480     
   11.7387500000000        1813.08125641637     
   11.7486900000000        1808.64685753136     
   11.7586300000000        1795.26798044996     
   11.7685600000000        1772.23562980204     
   11.7784900000000        1743.91148948392     
   11.7884200000000        1706.63157828623     
   11.7983400000000        1670.26767353861     
   11.8082600000000        1654.14193964579     
   11.8181800000000        1660.38819911535     
   11.8281000000000        1676.50746147602     
   11.8380100000000        1685.91668396886     
   11.8479200000000        1679.84465730088     
   11.8578200000000        1661.71455680818     
   11.8677200000000        1638.52158486202     
   11.8776200000000        1614.01788123944     
   11.8875200000000        1588.15147085593     
   11.8974100000000        1563.50875454657     
   11.9073000000000        1543.75384883467     
   11.9171900000000        1529.60074252318     
   11.9270700000000        1518.79937768234     
   11.9369500000000        1511.06997503138     
   11.9468300000000        1508.04878016411     
   11.9567000000000        1505.42425807809     
   11.9665700000000        1494.62660090077     
   11.9764400000000        1469.63596748109     
   11.9863000000000        1432.34480047067     
   11.9961600000000        1395.11443728243     
   12.0060200000000        1369.85894726208     
   12.0158700000000        1356.79822480433     
   12.0257300000000        1351.07787862423     
   12.0355700000000        1353.64747390796     
   12.0454200000000        1368.26080878105     
   12.0552600000000        1393.91729026333     
   12.0651000000000        1425.48232240243     
   12.0749400000000        1458.68134650740     
   12.0847700000000        1489.63196229457     
   12.0946000000000        1517.29178151957     
   12.1044200000000        1541.54740627957     
   12.1142500000000        1558.77753296051     
   12.1240700000000        1570.78723792977     
   12.1338800000000        1587.05925778256     
   12.1437000000000        1616.39205358097     
   12.1535100000000        1659.28200514482     
   12.1633100000000        1704.58224448829     
   12.1731200000000        1741.92414548439     
   12.1829200000000        1770.86046857721     
   12.1927200000000        1792.25997477705     
   12.2025100000000        1810.03016569728     
   12.2123000000000        1827.85685101263     
   12.2220900000000        1839.70195304286     
   12.2318700000000        1842.86771128153     
   12.2416600000000        1843.19032049195     
   12.2514300000000        1842.40018600973     
   12.2612100000000        1840.19482877298     
   12.2709800000000        1843.21102357369     
   12.2807500000000        1857.63325563969     
   12.2905200000000        1879.04764828617     
   12.3002800000000        1902.14807990603     
   12.3100400000000        1926.70615110704     
   12.3198000000000        1947.67126715247     
   12.3295500000000        1955.15629759605     
   12.3393000000000        1949.89259918428     
   12.3490500000000        1944.79587099766     
   12.3587900000000        1948.29330016217     
   12.3685300000000        1956.22660148336     
   12.3782700000000        1958.12598922397     
   12.3880000000000        1951.69805897467     
   12.3977300000000        1946.02339801110     
   12.4074600000000        1947.61115004729     
   12.4171800000000        1952.91167450852     
   12.4269100000000        1954.20281911498     
   12.4366200000000        1947.52353096037     
   12.4463400000000        1932.41678567488     
   12.4560500000000        1905.33605593059     
   12.4657600000000        1862.19550163902     
   12.4754700000000        1806.42850086466     
   12.4851700000000        1751.58173794177     
   12.4948700000000        1711.43057838477     
   12.5045600000000        1693.37844682129     
   12.5142600000000        1697.60302265893     
   12.5239500000000        1716.84326506997     
   12.5336300000000        1738.47922319303     
   12.5433200000000        1751.63334457162     
   12.5530000000000        1752.66504750845     
   12.5626800000000        1745.03436131320     
   12.5723500000000        1735.22408475989     
   12.5820200000000        1728.17115642640     
   12.5916900000000        1724.75467202866     
   12.6013500000000        1721.59326597653     
   12.6110100000000        1717.63654917310     
   12.6206700000000        1716.86404952014     
   12.6303300000000        1719.28768034406     
   12.6399800000000        1721.28624944595     
   12.6496300000000        1719.86769355115     
   12.6592700000000        1709.29437732971     
   12.6689200000000        1684.89653992730     
   12.6785500000000        1653.80155352024     
   12.6881900000000        1630.53691026435     
   12.6978200000000        1624.91452802281     
   12.7074500000000        1640.40647062158     
   12.7170800000000        1675.60356548336     
   12.7267000000000        1722.67744610089     
   12.7363200000000        1769.94796631713     
   12.7459400000000        1807.37501159405     
   12.7555500000000        1829.12897782179     
   12.7651600000000        1833.95876646617     
   12.7747700000000        1824.47887263678     
   12.7843800000000        1806.06157582304     
   12.7939800000000        1787.82693153718     
   12.8035800000000        1779.45174997302     
   12.8131700000000        1784.28198061470     
   12.8227600000000        1796.50900233682     
   12.8323500000000        1807.69498769254     
   12.8419400000000        1815.35773400619     
   12.8515200000000        1821.87109530631     
   12.8611000000000        1829.45908607141     
   12.8706700000000        1838.94534133462     
   12.8802500000000        1850.11459924330     
   12.8898100000000        1861.33670728353     
   12.8993800000000        1871.08351449137     
   12.9089400000000        1881.80449156485     
   12.9185000000000        1898.88845127332     
   12.9280600000000        1924.64379603838     
   12.9376100000000        1955.10417372466     
   12.9471700000000        1984.00184435926     
   12.9567100000000        2008.64246581573     
   12.9662600000000        2030.46844517764     
   12.9758000000000        2049.90514491154     
   12.9853400000000        2065.71821709983     
   12.9948700000000        2077.85090413840     
   13.0044000000000        2085.10360325153     
   13.0139300000000        2084.11892753719     
   13.0234600000000        2075.65146583552     
   13.0329800000000        2066.27376370105     
   13.0425000000000        2060.82804469402     
   13.0520100000000        2059.48208067425     
   13.0615200000000        2061.01804275510     
   13.0710300000000        2065.67860852486     
   13.0805400000000        2075.24165500612     
   13.0900400000000        2091.72739568928     
   13.0995400000000        2117.93218378981     
   13.1090400000000        2156.51346271093     
   13.1185300000000        2205.45800271201     
   13.1280200000000        2257.21123566944     
   13.1375100000000        2303.93117042495     
   13.1469900000000        2341.89843541553     
   13.1564700000000        2371.58349005985     
   13.1659500000000        2395.40551004612     
   13.1754300000000        2415.47699097921     
   13.1849000000000        2433.06272168154     
   13.1943700000000        2449.48122909130     
   13.2038300000000        2466.81439617882     
   13.2132900000000        2486.29620661227     
   13.2227500000000        2504.27214809522     
   13.2322100000000        2513.81032156774     
   13.2416600000000        2510.87111769567     
   13.2511100000000        2497.32105051400     
   13.2605500000000        2479.66272142340     
   13.2700000000000        2464.36675083231     
   13.2794400000000        2454.23688437383     
   13.2888700000000        2447.44806913280     
   13.2983100000000        2439.04453203734     
   13.3077400000000        2423.83299769003     
   13.3171600000000        2401.45141322044     
   13.3265900000000        2377.51079269502     
   13.3360100000000        2357.95359023733     
   13.3454300000000        2344.33952979281     
   13.3548400000000        2334.05839586020     
   13.3642500000000        2323.63265429324     
   13.3736600000000        2312.07985586638     
   13.3830600000000        2300.56487805001     
   13.3924700000000        2291.86707390686     
   13.4018600000000        2290.15206767260     
   13.4112600000000        2295.44745042932     
   13.4206500000000        2301.19558801074     
   13.4300400000000        2302.30626975786     
   13.4394300000000        2300.39992455171     
   13.4488100000000        2299.05450272441     
   13.4581900000000        2299.26646173413     
   13.4675600000000        2299.88020439577     
   13.4769400000000        2299.37270153347     
   13.4863100000000        2298.27442920903     
   13.4956700000000        2300.70770843969     
   13.5050400000000        2310.35763062238     
   13.5144000000000        2324.64164756464     
   13.5237600000000        2335.26432806807     
   13.5331100000000        2334.39899097274     
   13.5424600000000        2320.70970394122     
   13.5518100000000        2298.79908466303     
   13.5611500000000        2275.42182022932     
   13.5704900000000        2257.42218799959     
   13.5798300000000        2250.17882763101     
   13.5891700000000        2255.67174273653     
   13.5985000000000        2271.57171626976     
   13.6078300000000        2293.19469194028     
   13.6171500000000        2317.01316859625     
   13.6264800000000        2341.53242905157     
   13.6358000000000        2365.19921637028     
   13.6451100000000        2385.99962682587     
   13.6544200000000        2402.73115942816     
   13.6637300000000        2415.46874081653     
   13.6730400000000        2425.07831224435     
   13.6823400000000        2432.60909931328     
   13.6916400000000        2439.03213406846     
   13.7009400000000        2444.97061653376     
   13.7102400000000        2449.51981763468     
   13.7195300000000        2450.55134940834     
   13.7288100000000        2447.70392746835     
   13.7381000000000        2443.58422491100     
   13.7473800000000        2440.71432522994     
   13.7566600000000        2438.01662435548     
   13.7659300000000        2431.84231804601     
   13.7752000000000        2421.01203264617     
   13.7844700000000        2409.37701556694     
   13.7937400000000        2403.07147934380     
   13.8030000000000        2407.21111418533     
   13.8122600000000        2424.62118211503     
   13.8215200000000        2455.56367450963     
   13.8307700000000        2498.13622440386     
   13.8400200000000        2549.38199260987     
   13.8492600000000        2605.80649286636     
   13.8585100000000        2662.70403138580     
   13.8677500000000        2713.27214805309     
   13.8769800000000        2751.72541702145     
   13.8862200000000        2776.13812325863     
   13.8954500000000        2788.20279690505     
   13.9046800000000        2791.01480569530     
   13.9139000000000        2786.95457275688     
   13.9231200000000        2777.44111292320     
   13.9323400000000        2763.47091691316     
   13.9415500000000        2747.34093635858     
   13.9507700000000        2734.70737734589     
   13.9599700000000        2732.97513994341     
   13.9691800000000        2745.51906858531     
   13.9783800000000        2768.73699529538     
   13.9875800000000        2794.94257118421     
   13.9967800000000        2816.97840716448     
   14.0059700000000        2831.87762468362     
   14.0151600000000        2842.26943814191     
   14.0243400000000        2852.79842271926     
   14.0335300000000        2865.76468133700     
   14.0427100000000        2880.58519082222     
   14.0518800000000        2894.90736224634     
   14.0610600000000        2904.91370327972     
   14.0702300000000        2906.09823298552     
   14.0794000000000        2895.78127647524     
   14.0885600000000        2875.42349531415     
   14.0977200000000        2849.75341826308     
   14.1068800000000        2824.18558727217     
   14.1160300000000        2803.23656716350     
   14.1251800000000        2788.84816357468     
   14.1343300000000        2778.92797292596     
   14.1434800000000        2768.70868642165     
   14.1526200000000        2754.78224765418     
   14.1617600000000        2737.04081266909     
   14.1708900000000        2717.14076002523     
   14.1800300000000        2697.25925819672     
   14.1891500000000        2681.11613683731     
   14.1982800000000        2673.01686471655     
   14.2074000000000        2674.76740643130     
   14.2165200000000        2683.79168843090     
   14.2256400000000        2695.26936095810     
   14.2347500000000        2705.95229868767     
   14.2438600000000        2716.65101002089     
   14.2529700000000        2731.83861274656     
   14.2620700000000        2756.94706208266     
   14.2711800000000        2795.64588817811     
   14.2802700000000        2848.40459827779     
   14.2893700000000        2913.08174067119     
   14.2984600000000        2984.33115133718     
   14.3075500000000        3054.87998819206     
   14.3166300000000        3118.32283462853     
   14.3257100000000        3172.89779108863     
   14.3347900000000        3220.28542058129     
   14.3438700000000        3260.77201085138     
   14.3529400000000        3290.99424894868     
   14.3620100000000        3306.71739923147     
   14.3710700000000        3305.69397462776     
   14.3801400000000        3288.17978356479     
   14.3892000000000        3256.59168914792     
   14.3982500000000        3214.80538868334     
   14.4073100000000        3166.56950014938     
   14.4163600000000        3115.20686380022     
   14.4254000000000        3064.14560546497     
   14.4344500000000        3017.02151500631     
   14.4434900000000        2976.81133488995     
   14.4525200000000        2944.26879407577     
   14.4615600000000        2917.79898718518     
   14.4705900000000        2895.11146112335     
   14.4796200000000        2875.09827012295     
   14.4886400000000        2858.02530886957     
   14.4976600000000        2843.65898487073     
   14.5066800000000        2830.62467748500     
   14.5157000000000        2817.16419509059     
   14.5247100000000        2802.09439910483     
   14.5337200000000        2785.66974575479     
   14.5427200000000        2770.26212452152     
   14.5517300000000        2759.69411132968     
   14.5607300000000        2757.88215421822     
   14.5697200000000        2767.05055611829     
   14.5787100000000        2786.28579946653     
   14.5877000000000        2811.41783514018     
   14.5966900000000        2836.83319155584     
   14.6056700000000        2858.15755724640     
   14.6146600000000        2874.50970999755     
   14.6236300000000        2888.07798038013     
   14.6326100000000        2901.14875588796     
   14.6415800000000        2913.03306135996     
   14.6505400000000        2921.23543172973     
   14.6595100000000        2924.86590065863     
   14.6684700000000        2925.27953572910     
   14.6774300000000        2923.67752901513     
   14.6863800000000        2920.16526121150     
   14.6953400000000        2915.29810775951     
   14.7042800000000        2910.60702148848     
   14.7132300000000        2907.25997775589     
   14.7221700000000        2905.45854627678     
   14.7311100000000        2904.77272054128     
   14.7400500000000        2904.39583294071     
   14.7489800000000        2902.57499444109     
   14.7579100000000        2895.70905203688     
   14.7668400000000        2879.27121116886     
   14.7757600000000        2851.01786717210     
   14.7846800000000        2812.89408614903     
   14.7936000000000        2769.95151902254     
   14.8025100000000        2727.91051996266     
   14.8114200000000        2691.38202255916     
   14.8203300000000        2663.87910966202     
   14.8292300000000        2647.98399619352     
   14.8381300000000        2644.63977105173     
   14.8470300000000        2652.53701848731     
   14.8559300000000        2668.57473463651     
   14.8648200000000        2689.16279060202     
   14.8737100000000        2711.16019298712     
   14.8825900000000        2731.58851466645     
   14.8914700000000        2747.54222270705     
   14.9003500000000        2756.94584232541     
   14.9092300000000        2759.33268878171     
   14.9181000000000        2755.28776740416     
   14.9269700000000        2745.34111160803     
   14.9358400000000        2729.68401175041     
   14.9447000000000        2708.57270997727     
   14.9535600000000        2682.54355732426     
   14.9624200000000        2652.62833358789     
   14.9712700000000        2620.55389908996     
   14.9801200000000        2588.65952015821     
   14.9889700000000        2559.65547862246     
   14.9978100000000        2535.86987112121     
   15.0066500000000        2518.50864316123     
   15.0154900000000        2507.62054041228     
   15.0243300000000        2502.10701096637     
   15.0331600000000        2499.74937652927     
   15.0419900000000        2497.70275924418     
   15.0508100000000        2493.54426673777     
   15.0596300000000        2486.09254734982     
   15.0684500000000        2475.53210657029     
   15.0772700000000        2462.76651475465     
   15.0860800000000        2448.47850293924     
   15.0948900000000        2432.81261171295     
   15.1037000000000        2416.29671571470     
   15.1125000000000        2400.68200966165     
   15.1213000000000        2388.13622521866     
   15.1301000000000        2379.66067349323     
   15.1388900000000        2374.69989573756     
   15.1476800000000        2372.33793292094     
   15.1564700000000        2372.37851990126     
   15.1652500000000        2375.15768440574     
   15.1740300000000        2380.81565865821     
   15.1828100000000        2388.84162570168     
   15.1915800000000        2397.99855023922     
   15.2003500000000        2406.47228209479     
   15.2091200000000        2411.96627114183     
   15.2178900000000        2411.99634520220     
   15.2266500000000        2404.59607140751     
   15.2354100000000        2389.13398050426     
   15.2441600000000        2366.48739754818     
   15.2529200000000        2337.90669668220     
   15.2616700000000        2304.00612291564     
   15.2704100000000        2264.78485749892     
   15.2791500000000        2221.20962795801     
   15.2878900000000        2176.47721317780     
   15.2966300000000        2135.13061310056     
   15.3053600000000        2100.81277389723     
   15.3140900000000        2074.51515029408     
   15.3228200000000        2054.88788190693     
   15.3315400000000        2039.73677920387     
   15.3402600000000        2027.78644134345     
   15.3489800000000        2019.54222351079     
   15.3577000000000        2016.45019123492     
   15.3664100000000        2019.20220362293     
   15.3751200000000        2026.61512442474     
   15.3838200000000        2035.94879017841     
   15.3925200000000        2044.12271257506     
   15.4012200000000        2048.47777550095     
   15.4099200000000        2047.06143870688     
   15.4186100000000        2039.05065016304     
   15.4273000000000        2025.13616121382     
   15.4359800000000        2007.37050204900     
   15.4446700000000        1988.36911116658     
   15.4533400000000        1970.72386862536     
   15.4620200000000        1956.19125892330     
   15.4706900000000        1945.46619205904     
   15.4793600000000        1937.80213912884     
   15.4880300000000        1931.24570621543     
   15.4966900000000        1923.32022335057     
   15.5053500000000        1912.12715729928     
   15.5140100000000        1897.38299649767     
   15.5226700000000        1880.64507215581     
   15.5313200000000        1864.55167907667     
   15.5399600000000        1851.44966073295     
   15.5486100000000        1842.38663292864     
   15.5572500000000        1836.98875639150     
   15.5658900000000        1833.75310077184     
   15.5745200000000        1830.61389111016     
   15.5831600000000        1825.44190374739     
   15.5917900000000        1816.59446007004     
   15.6004100000000        1803.29533901045     
   15.6090300000000        1785.70911632003     
   15.6176500000000        1764.69268429256     
   15.6262700000000        1741.34498551369     
   15.6348800000000        1716.75313805678     
   15.6434900000000        1691.90631646507     
   15.6521000000000        1667.93792141734     
   15.6607000000000        1646.21585039822     
   15.6693000000000        1628.10811788341     
   15.6779000000000        1614.70600517680     
   15.6864900000000        1606.45165580172     
   15.6950800000000        1602.84017658653     
   15.7036700000000        1602.28929452923     
   15.7122600000000        1602.34297332667     
   15.7208400000000        1600.54137708792     
   15.7294100000000        1595.53785242676     
   15.7379900000000        1587.70614910504     
   15.7465600000000        1578.97869676396     
   15.7551300000000        1571.82542972131     
   15.7637000000000        1568.05332166193     
   15.7722600000000        1567.98645985974     
   15.7808200000000        1570.49935769633     
   15.7893700000000        1573.66902036467     
   15.7979300000000        1575.48140224477     
   15.8064700000000        1574.26266098000     
   15.8150200000000        1568.98573397037     
   15.8235600000000        1559.60252920552     
   15.8321000000000        1547.24378694293     
   15.8406400000000        1534.00158553495     
   15.8491800000000        1522.14558164044     
   15.8577100000000        1513.30806233668     
   15.8662300000000        1508.11099880676     
   15.8747600000000        1506.30873083957     
   15.8832800000000        1507.09454258652     
   15.8918000000000        1509.44665421869     
   15.9003100000000        1512.56487012769     
   15.9088200000000        1516.13140241688     
   15.9173300000000        1520.20285489164     
   15.9258400000000        1524.94262099872     
   15.9343400000000        1530.40811824531     
   15.9428400000000        1536.40130556578     
   15.9513300000000        1542.21962362459     
   15.9598300000000        1546.51673197257     
   15.9683100000000        1547.41243745034     
   15.9768000000000        1543.12996957719     
   15.9852800000000        1532.76851328683     
   15.9937600000000        1516.77433261105     
   16.0022400000000        1496.80503605864     
   16.0107100000000        1475.10425252781     
   16.0191800000000        1453.73111143110     
   16.0276500000000        1434.19683242912     
   16.0361200000000        1417.18643855167     
   16.0445800000000        1402.43110607222     
   16.0530300000000        1388.77422876839     
   16.0614900000000        1374.64384571279     
   16.0699400000000        1358.90575689946     
   16.0783900000000        1341.45066397695     
   16.0868300000000        1323.49869463806     
   16.0952800000000        1307.01489226806     
   16.1037100000000        1293.93566902250     
   16.1121500000000        1285.18068118206     
   16.1205800000000        1280.62685447227     
   16.1290100000000        1279.37069759680     
   16.1374400000000        1280.34239990078     
   16.1458600000000        1282.62930162508     
   16.1542800000000        1285.41689005553     
   16.1627000000000        1287.70410961121     
   16.1711100000000        1288.14879019168     
   16.1795200000000        1285.19536695310     
   16.1879300000000        1277.43036637131     
   16.1963300000000        1264.11518871417     
   16.2047300000000        1245.62189858549     
   16.2131300000000        1223.63590004987     
   16.2215200000000        1200.81602199928     
   16.2299100000000        1179.90787053222     
   16.2383000000000        1163.02729717778     
   16.2466900000000        1151.19704270850     
   16.2550700000000        1144.27403298932     
   16.2634500000000        1141.04340141709     
   16.2718200000000        1139.57666331233     
   16.2802000000000        1137.80345653564     
   16.2885600000000        1134.24454996655     
   16.2969300000000        1128.45272561274     
   16.3052900000000        1121.05277435860     
   16.3136500000000        1113.28020102433     
   16.3220100000000        1106.47110353982     
   16.3303600000000        1101.71686529485     
   16.3387100000000        1099.78566688620     
   16.3470600000000        1101.24814207048     
   16.3554000000000        1106.53819516401     
   16.3637400000000        1115.89781146447     
   16.3720800000000        1129.12522955673     
   16.3804200000000        1145.30639453347     
   16.3887500000000        1162.76656806518     
   16.3970700000000        1179.44020806286     
   16.4054000000000        1193.34633939198     
   16.4137200000000        1202.77482420316     
   16.4220400000000        1206.52524374376     
   16.4303500000000        1203.97851695676     
   16.4386700000000        1195.31260344444     
   16.4469700000000        1181.63887518692     
   16.4552800000000        1164.62329702405     
   16.4635800000000        1146.12404588994     
   16.4718800000000        1127.49230934449     
   16.4801800000000        1109.32163423322     
   16.4884700000000        1091.52909178090     
   16.4967600000000        1073.73419228123     
   16.5050500000000        1055.82601062798     
   16.5133300000000        1038.18680224168     
   16.5216100000000        1021.46764587279     
   16.5298900000000        1006.27465308995     
   16.5381600000000        992.826917650929     
   16.5464300000000        980.805266118779     
   16.5547000000000        969.562249002755     
   16.5629700000000        958.380997063065     
   16.5712300000000        946.700592229892     
   16.5794900000000        934.119445459926     
   16.5877400000000        920.386178379967     
   16.5959900000000        905.284402505857     
   16.6042400000000        888.695014082867     
   16.6124900000000        870.628409587897     
   16.6207300000000        851.287580052437     
   16.6289700000000        831.030038874541     
   16.6372000000000        810.454169551722     
   16.6454400000000        790.188314983751     
   16.6536700000000        770.938982084136     
   16.6618900000000        753.275125074546     
   16.6701200000000        737.643555385888     
   16.6783400000000        724.460939014200     
   16.6865500000000        713.895097789058     
   16.6947700000000        705.806893375506     
   16.7029800000000        699.802658456698     
   16.7111900000000        695.229633008493     
   16.7193900000000        691.323377089124     
   16.7275900000000        687.276557220117     
   16.7357900000000        682.347813044181     
   16.7439800000000        675.981148768075     
   16.7521800000000        667.897681338481     
   16.7603600000000        658.249290311515     
   16.7685500000000        647.492259203517     
   16.7767300000000        636.388648588901     
   16.7849100000000        625.726937514224     
   16.7930900000000        616.219656430073     
   16.8012600000000        608.423886061811     
   16.8094300000000        602.685011642061     
   16.8175900000000        599.144255365531     
   16.8257600000000        597.682576777183     
   16.8339200000000        597.980589397726     
   16.8420700000000        599.631224707999     
   16.8502300000000        602.336495044806     
   16.8583800000000        605.995247226306     
   16.8665300000000        610.687231392578     
   16.8746700000000        616.504164007142     
   16.8828100000000        623.416283341901     
   16.8909500000000        631.180208222579     
   16.8990800000000        639.362231446033     
   16.9072100000000        647.457031436929     
   16.9153400000000        654.925627282121     
   16.9234700000000        661.199308108270     
   16.9315900000000        665.631241785781     
   16.9397100000000        667.521853039124     
   16.9478200000000        666.200399853620     
   16.9559400000000        661.189866929802     
   16.9640500000000        652.400818326982     
   16.9721500000000        640.220798931911     
   16.9802600000000        625.439780017361     
   16.9883600000000        609.184180660946     
   16.9964500000000        592.577872652797     
   17.0045500000000        576.528275376334     
   17.0126400000000        561.730623827615     
   17.0207200000000        548.499526901411     
   17.0288100000000        536.816165087764     
   17.0368900000000        526.519069687027     
   17.0449700000000        517.336413577402     
   17.0530400000000        509.069093498944     
   17.0611100000000        501.584709775406     
   17.0691800000000        494.806288923582     
