   7.15970000000000        331.631392954172     
   7.17100000000000        333.955900542459     
   7.18231000000000        337.703503864174     
   7.19360000000000        333.638882829705     
   7.20490000000000        328.147199875928     
   7.21619000000000        324.790884601986     
   7.22748000000000        316.996495341125     
   7.23877000000000        315.804836901782     
   7.25005000000000        313.235225040535     
   7.26133000000000        313.150558250171     
   7.27261000000000        309.295178761336     
   7.28388000000000        307.108697466409     
   7.29515000000000        310.670519571399     
   7.30642000000000        323.217634242842     
   7.31768000000000        332.755926178550     
   7.32894000000000        340.188949590814     
   7.34020000000000        347.953158729938     
   7.35146000000000        363.951523438297     
   7.36271000000000        377.108332372912     
   7.37396000000000        390.453677904852     
   7.38520000000000        387.734120166452     
   7.39644000000000        371.291618141028     
   7.40768000000000        362.034754746138     
   7.41892000000000        354.384920330981     
   7.43015000000000        351.780047343077     
   7.44138000000000        355.527198249808     
   7.45261000000000        350.935220761995     
   7.46383000000000        341.674213729871     
   7.47505000000000        337.333987759123     
   7.48626000000000        333.516436073821     
   7.49748000000000        342.497356435607     
   7.50869000000000        351.212846410183     
   7.51990000000000        350.586204937884     
   7.53110000000000        342.926356779434     
   7.54230000000000        343.793504736587     
   7.55350000000000        347.549320791478     
   7.56469000000000        349.609132659451     
   7.57588000000000        351.348954879409     
   7.58707000000000        348.295092245398     
   7.59826000000000        347.045058242895     
   7.60944000000000        351.514878391733     
   7.62062000000000        364.173421990812     
   7.63179000000000        379.170835933874     
   7.64296000000000        379.414223719930     
   7.65413000000000        365.493046723506     
   7.66530000000000        345.344741343083     
   7.67646000000000        329.176216193540     
   7.68762000000000        326.628070148974     
   7.69878000000000        327.333809353451     
   7.70993000000000        321.544086202594     
   7.72108000000000        311.453855325445     
   7.73223000000000        305.785883378166     
   7.74337000000000        303.149707589854     
   7.75451000000000        301.019825430790     
   7.76565000000000        301.162773532494     
   7.77678000000000        300.340982505143     
   7.78791000000000        298.024496274225     
   7.79904000000000        296.351671220400     
   7.81017000000000        297.156316375917     
   7.82129000000000        300.480436549473     
   7.83241000000000        306.847137638039     
   7.84352000000000        314.710082085573     
   7.85463000000000        314.270171667254     
   7.86574000000000        303.356244905813     
   7.87685000000000        287.641850101249     
   7.88795000000000        278.007515503103     
   7.89905000000000        276.045196319293     
   7.91015000000000        274.754532529112     
   7.92124000000000        262.589215657531     
   7.93233000000000        254.476833096473     
   7.94342000000000        250.085877666327     
   7.95450000000000        245.011143421162     
   7.96558000000000        238.004035926202     
   7.97666000000000        228.570162660780     
   7.98773000000000        217.928105922207     
   7.99880000000000        208.312612517643     
   8.00987000000000        196.894963188594     
   8.02093000000000        190.725257132680     
   8.03200000000000        195.857480260868     
   8.04305000000000        206.175578422560     
   8.05411000000000        211.041063168178     
   8.06516000000000        216.727875341123     
   8.07621000000000        226.356196215391     
   8.08726000000000        234.511519418053     
   8.09830000000000        241.584279297673     
   8.10934000000000        248.081797321773     
   8.12037000000000        254.629893291518     
   8.13141000000000        257.761388544952     
   8.14244000000000        253.994047531771     
   8.15346000000000        250.270497303845     
   8.16449000000000        245.566812339538     
   8.17551000000000        236.807970814274     
   8.18652000000000        220.382417270059     
   8.19754000000000        203.264789377771     
   8.20855000000000        187.881098170733     
   8.21955000000000        173.334916244130     
   8.23056000000000        164.544277381404     
   8.24156000000000        165.844515623970     
   8.25256000000000        172.851714624985     
   8.26355000000000        179.666914803114     
   8.27454000000000        187.259635179755     
   8.28553000000000        196.202963464273     
   8.29652000000000        210.173170867953     
   8.30750000000000        231.753750947243     
   8.31848000000000        251.911128389383     
   8.32946000000000        269.405308460249     
   8.34043000000000        278.278928316546     
   8.35140000000000        283.775224695520     
   8.36236000000000        289.017018194948     
   8.37333000000000        296.770307638183     
   8.38429000000000        309.216261406813     
   8.39524000000000        325.984685190599     
   8.40620000000000        336.272829670538     
   8.41715000000000        340.585886523134     
   8.42810000000000        338.914720026233     
   8.43904000000000        339.390157746116     
   8.44998000000000        331.381132079403     
   8.46092000000000        315.316786956550     
   8.47185000000000        302.986882161786     
   8.48278000000000        299.682253420132     
   8.49371000000000        298.233513647443     
   8.50464000000000        297.593831198834     
   8.51556000000000        298.867033580480     
   8.52648000000000        301.261753212788     
   8.53739000000000        303.495281264831     
   8.54831000000000        306.451361096194     
   8.55922000000000        312.664630863346     
   8.57012000000000        327.824852538265     
   8.58103000000000        345.200185777677     
   8.59193000000000        360.673179658107     
   8.60282000000000        367.922834041763     
   8.61372000000000        371.543964478434     
   8.62461000000000        378.100470837555     
   8.63549000000000        385.410401387159     
   8.64638000000000        394.773650720071     
   8.65726000000000        407.175444155343     
   8.66814000000000        420.159746483821     
   8.67901000000000        433.169896095000     
   8.68988000000000        443.266633363372     
   8.70075000000000        447.306985943014     
   8.71161000000000        445.155633912055     
   8.72248000000000        444.967342383312     
   8.73333000000000        445.354285915857     
   8.74419000000000        441.202571975858     
   8.75504000000000        429.077136921081     
   8.76589000000000        414.513029646584     
   8.77674000000000        396.961891590316     
   8.78758000000000        380.031807013775     
   8.79842000000000        368.682224671488     
   8.80926000000000        363.744964755215     
   8.82009000000000        360.378999649077     
   8.83092000000000        353.999986231595     
   8.84175000000000        348.061910728258     
   8.85257000000000        337.197451479209     
   8.86339000000000        329.814435276065     
   8.87421000000000        324.433081159521     
   8.88502000000000        319.487845336173     
   8.89583000000000        319.237946379560     
   8.90664000000000        322.733704506579     
   8.91745000000000        326.545914117034     
   8.92825000000000        326.488463602461     
   8.93905000000000        324.554025289497     
   8.94984000000000        324.310552928815     
   8.96063000000000        326.533572900046     
   8.97142000000000        329.353885444923     
   8.98221000000000        330.708368767652     
   8.99299000000000        328.081670605162     
   9.00377000000000        323.074846796391     
   9.01455000000000        318.424940702419     
   9.02532000000000        311.211083510845     
   9.03609000000000        300.607003701738     
   9.04686000000000        296.616412626445     
   9.05762000000000        300.412169786864     
   9.06838000000000        308.105667139234     
   9.07914000000000        314.931145172492     
   9.08989000000000        313.094509905515     
   9.10064000000000        303.040983953566     
   9.11139000000000        293.392403803934     
   9.12214000000000        282.830928724283     
   9.13288000000000        269.731036844358     
   9.14362000000000        257.344533609014     
   9.15435000000000        245.530680071447     
   9.16508000000000        233.439902321612     
   9.17581000000000        224.480707334258     
   9.18654000000000        221.319612239104     
   9.19726000000000        217.031999283083     
   9.20798000000000        207.854268888593     
   9.21870000000000        199.097514905376     
   9.22941000000000        192.487841574925     
   9.24012000000000        189.080583585493     
   9.25082000000000        187.030567766108     
   9.26153000000000        187.262962340003     
   9.27223000000000        190.013753300982     
   9.28293000000000        193.984894826205     
   9.29362000000000        198.303241440619     
   9.30431000000000        201.233934330622     
   9.31500000000000        198.198606903661     
   9.32568000000000        193.543275646357     
   9.33636000000000        195.864530536751     
   9.34704000000000        203.946696743164     
   9.35772000000000        212.293180640355     
   9.36839000000000        217.527063045522     
   9.37906000000000        218.963310472596     
   9.38972000000000        219.240924135979     
   9.40038000000000        219.802309325290     
   9.41104000000000        221.396952159443     
   9.42170000000000        220.269471759259     
   9.43235000000000        216.867908441887     
   9.44300000000000        214.917279049530     
   9.45365000000000        215.796804438431     
   9.46429000000000        215.518016996160     
   9.47493000000000        214.062691741198     
   9.48557000000000        215.165652848942     
   9.49620000000000        215.141913747618     
   9.50683000000000        214.103105777476     
   9.51746000000000        211.452861661380     
   9.52808000000000        211.333638795165     
   9.53871000000000        214.966008220204     
   9.54932000000000        219.824419044714     
   9.55994000000000        226.869566438807     
   9.57055000000000        230.569079284827     
   9.58116000000000        229.724242385251     
   9.59176000000000        228.272285616440     
   9.60237000000000        229.007113085248     
   9.61296000000000        230.577710408048     
   9.62356000000000        236.204819416395     
   9.63415000000000        243.392376741534     
   9.64474000000000        247.108028327947     
   9.65533000000000        247.670214915671     
   9.66591000000000        248.709231859661     
   9.67649000000000        251.055002892592     
   9.68707000000000        253.275602154723     
   9.69764000000000        254.834393367056     
   9.70821000000000        258.637893555644     
   9.71878000000000        269.388346323633     
   9.72934000000000        285.090391726960     
   9.73990000000000        297.700899968064     
   9.75046000000000        304.768345495932     
   9.76102000000000        309.395131205712     
   9.77157000000000        314.253988394689     
   9.78212000000000        318.119740900695     
   9.79266000000000        319.183667417271     
   9.80320000000000        318.283674423534     
   9.81374000000000        315.545130743677     
   9.82428000000000        313.158840821346     
   9.83481000000000        313.675595964555     
   9.84534000000000        315.635679770435     
   9.85586000000000        319.502576833530     
   9.86639000000000        322.512341061788     
   9.87691000000000        316.149048413446     
   9.88742000000000        307.350665282833     
   9.89794000000000        307.340184370740     
   9.90845000000000        310.737173729275     
   9.91895000000000        309.704071548296     
   9.92946000000000        305.512735937682     
   9.93996000000000        299.940700477021     
   9.95046000000000        295.052446104812     
   9.96095000000000        292.444610032935     
   9.97144000000000        291.194440503696     
   9.98193000000000        289.415631244425     
   9.99242000000000        289.916538856703     
   10.0029000000000        293.917963093299     
   10.0133800000000        297.272120816055     
   10.0238500000000        297.402819739991     
   10.0343200000000        292.248982704551     
   10.0447900000000        284.816888234760     
   10.0552600000000        279.828647434579     
   10.0657200000000        277.715667916413     
   10.0761800000000        277.682252453323     
   10.0866400000000        280.250249097186     
   10.0970900000000        285.156356365592     
   10.1075400000000        290.783515571421     
   10.1179900000000        295.320428420399     
   10.1284300000000        299.037914980040     
   10.1388700000000        305.992969489861     
   10.1493100000000        314.107059859807     
   10.1597400000000        314.627351949640     
   10.1701700000000        312.327945207021     
   10.1806000000000        315.189969106359     
   10.1910300000000        318.635028282076     
   10.2014500000000        320.029167013171     
   10.2118700000000        324.131059238223     
   10.2222800000000        330.612344620395     
   10.2326900000000        334.346639247780     
   10.2431000000000        333.881772220751     
   10.2535100000000        329.506143538603     
   10.2639100000000        323.734932430280     
   10.2743100000000        319.627258489398     
   10.2847100000000        320.911982874256     
   10.2951000000000        327.167840113715     
   10.3054900000000        331.548727881197     
   10.3158800000000        332.011500494204     
   10.3262600000000        332.708657299237     
   10.3366400000000        331.472841497739     
   10.3470200000000        327.925415965788     
   10.3573900000000        326.889858076016     
   10.3677600000000        328.362365968595     
   10.3781300000000        327.326827442604     
   10.3884900000000        321.680706287880     
   10.3988600000000        313.724343614618     
   10.4092100000000        305.832951086580     
   10.4195700000000        300.558250478344     
   10.4299200000000        298.235167535582     
   10.4402700000000        297.585266658533     
   10.4506100000000        297.068810064777     
   10.4609600000000        295.308580024589     
   10.4713000000000        292.876319657674     
   10.4816300000000        292.100666586605     
   10.4919600000000        294.636261813725     
   10.5022900000000        299.026090638556     
   10.5126200000000        302.625879153817     
   10.5229400000000        304.781529501028     
   10.5332600000000        304.350446473373     
   10.5435800000000        302.737405544124     
   10.5539000000000        301.342771619084     
   10.5642100000000        299.367434477876     
   10.5745100000000        297.307968832337     
   10.5848200000000        296.143986336867     
   10.5951200000000        294.740210374312     
   10.6054200000000        293.731568805127     
   10.6157100000000        293.291202826285     
   10.6260000000000        292.758212260810     
   10.6362900000000        294.722288746457     
   10.6465800000000        297.554250608332     
   10.6568600000000        298.890601032591     
   10.6671400000000        300.119144969486     
   10.6774100000000        302.411203340973     
   10.6876900000000        306.327862274791     
   10.6979600000000        311.976286216557     
   10.7082200000000        319.033522087046     
   10.7184900000000        328.825860459263     
   10.7287500000000        340.071593598541     
   10.7390000000000        349.895692090339     
   10.7492600000000        357.783213980750     
   10.7595100000000        364.337675318467     
   10.7697500000000        371.457183821734     
   10.7800000000000        381.019262672618     
   10.7902400000000        389.066446362218     
   10.8004800000000        393.836488434034     
   10.8107100000000        398.131656018536     
   10.8209400000000        402.658486046085     
   10.8311700000000        407.085821835236     
   10.8414000000000        414.222462358943     
   10.8516200000000        426.719599115721     
   10.8618400000000        442.674650035504     
   10.8720500000000        455.990842087012     
   10.8822700000000        465.787604223426     
   10.8924800000000        474.301567271192     
   10.9026800000000        483.949889912954     
   10.9128800000000        496.736087796877     
   10.9230800000000        512.350364712283     
   10.9332800000000        527.918134812655     
   10.9434700000000        540.437198655752     
   10.9536600000000        549.176379141327     
   10.9638500000000        552.790864010774     
   10.9740400000000        548.078689629835     
   10.9842200000000        539.545263602513     
   10.9943900000000        534.666316736406     
   11.0045700000000        535.155026468795     
   11.0147400000000        540.098584308304     
   11.0249100000000        548.486520013587     
   11.0350700000000        557.257477749323     
   11.0452300000000        563.821324154696     
   11.0553900000000        568.422524516825     
   11.0655500000000        572.127271732489     
   11.0757000000000        576.517079431543     
   11.0858500000000        582.760508764852     
   11.0960000000000        590.180163662162     
   11.1061400000000        595.566410843088     
   11.1162800000000        596.395222049448     
   11.1264200000000        595.055536610930     
   11.1365500000000        596.925377958311     
   11.1466800000000        601.819506137851     
   11.1568100000000        605.376598880033     
   11.1669300000000        608.287624967863     
   11.1770500000000        612.658390037093     
   11.1871700000000        615.995482753488     
   11.1972800000000        617.437219343512     
   11.2073900000000        618.733119881086     
   11.2175000000000        618.708647681594     
   11.2276100000000        619.876862597499     
   11.2377100000000        627.053028834898     
   11.2478100000000        641.700496011101     
   11.2579000000000        659.550246791884     
   11.2679900000000        672.922878820846     
   11.2780800000000        679.118403647885     
   11.2881700000000        681.673849631027     
   11.2982500000000        683.611356121302     
   11.3083300000000        687.933069284926     
   11.3184100000000        696.292817511685     
   11.3284800000000        705.748266417006     
   11.3385500000000        713.810154230344     
   11.3486200000000        720.850860671187     
   11.3586800000000        727.798906406196     
   11.3687400000000        735.601219188940     
   11.3788000000000        743.093100567288     
   11.3888500000000        749.315856092157     
   11.3989000000000        754.850717893286     
   11.4089500000000        759.065304227035     
   11.4189900000000        761.122207245850     
   11.4290400000000        762.567153816255     
   11.4390700000000        765.132359771017     
   11.4491100000000        768.889496199548     
   11.4591400000000        775.034862346058     
   11.4691700000000        784.843346126863     
   11.4792000000000        796.422238681271     
   11.4892200000000        806.186906503288     
   11.4992400000000        813.564529880946     
   11.5092500000000        819.151677158269     
   11.5192700000000        822.974963293451     
   11.5292800000000        825.996451967289     
   11.5392800000000        829.761895107272     
   11.5492900000000        834.607316090798     
   11.5592900000000        839.373491163016     
   11.5692800000000        842.891274393284     
   11.5792800000000        846.707364801281     
   11.5892700000000        851.945432478357     
   11.5992600000000        855.889145102338     
   11.6092400000000        857.299998117795     
   11.6192200000000        857.744832704043     
   11.6292000000000        859.112786695903     
   11.6391700000000        862.470785919596     
   11.6491500000000        867.213786762268     
   11.6591200000000        873.591448997124     
   11.6690800000000        881.999350049402     
   11.6790400000000        890.775076070563     
   11.6890000000000        897.931004152842     
   11.6989600000000        903.066456634340     
   11.7089100000000        907.743150321262     
   11.7188600000000        912.339611282624     
   11.7288100000000        914.917110520282     
   11.7387500000000        914.687146724755     
   11.7486900000000        911.958545706809     
   11.7586300000000        906.314470238049     
   11.7685600000000        898.278061653717     
   11.7784900000000        888.798336116238     
   11.7884200000000        877.381397850045     
   11.7983400000000        866.874885170696     
   11.8082600000000        861.895212724946     
   11.8181800000000        861.948847191386     
   11.8281000000000        862.600704004026     
   11.8380100000000        859.669639754573     
   11.8479200000000        851.978612445959     
   11.8578200000000        841.916736131418     
   11.8677200000000        832.528870054721     
   11.8776200000000        824.915296247675     
   11.8875200000000        818.761336577840     
   11.8974100000000        813.638078450010     
   11.9073000000000        808.543062343748     
   11.9171900000000        802.634866498487     
   11.9270700000000        796.416786077327     
   11.9369500000000        791.472629914685     
   11.9468300000000        787.931394503167     
   11.9567000000000        782.761833251672     
   11.9665700000000        773.564499454617     
   11.9764400000000        760.917270347327     
   11.9863000000000        747.673135312521     
   11.9961600000000        737.859091278076     
   12.0060200000000        733.948941014087     
   12.0158700000000        735.485890436317     
   12.0257300000000        740.900626688096     
   12.0355700000000        749.646935497532     
   12.0454200000000        761.156361479912     
   12.0552600000000        773.779032521904     
   12.0651000000000        786.984018650166     
   12.0749400000000        800.692671201886     
   12.0847700000000        812.698138031147     
   12.0946000000000        821.551855372786     
   12.1044200000000        827.577922502027     
   12.1142500000000        831.060458064630     
   12.1240700000000        833.915107612636     
   12.1338800000000        838.244796004955     
   12.1437000000000        844.224187943657     
   12.1535100000000        851.917196245601     
   12.1633100000000        861.047291519180     
   12.1731200000000        870.861688776741     
   12.1829200000000        881.221227129693     
   12.1927200000000        892.227380766707     
   12.2025100000000        904.280901307867     
   12.2123000000000        916.325484807248     
   12.2220900000000        926.241849562988     
   12.2318700000000        934.689864073115     
   12.2416600000000        943.934143814308     
   12.2514300000000        953.467433562583     
   12.2612100000000        961.490892763889     
   12.2709800000000        968.094816976114     
   12.2807500000000        974.142070080856     
   12.2905200000000        979.434685179903     
   12.3002800000000        985.131758967189     
   12.3100400000000        993.071427969319     
   12.3198000000000        1001.66765639352     
   12.3295500000000        1006.11850791299     
   12.3393000000000        1004.84228740707     
   12.3490500000000        1001.46603844990     
   12.3587900000000        999.345853297735     
   12.3685300000000        998.802472935320     
   12.3782700000000        998.614665329536     
   12.3880000000000        998.569033146316     
   12.3977300000000        999.486225394410     
   12.4074600000000        1001.38052425139     
   12.4171800000000        1003.16576081823     
   12.4269100000000        1004.21168630412     
   12.4366200000000        1004.81404643218     
   12.4463400000000        1004.42063790950     
   12.4560500000000        1000.65763949087     
   12.4657600000000        991.105397934508     
   12.4754700000000        976.195122643377     
   12.4851700000000        959.998855701030     
   12.4948700000000        946.599067939606     
   12.5045600000000        937.752552500827     
   12.5142600000000        933.062609809659     
   12.5239500000000        931.233641796688     
   12.5336300000000        930.860158099539     
   12.5433200000000        930.557020905107     
   12.5530000000000        929.912585389763     
   12.5626800000000        929.448639517530     
   12.5723500000000        929.301893616412     
   12.5820200000000        929.677866416599     
   12.5916900000000        931.658371718631     
   12.6013500000000        935.850173105396     
   12.6110100000000        941.902043205992     
   12.6206700000000        949.368602987557     
   12.6303300000000        957.556146721337     
   12.6399800000000        965.895421115474     
   12.6496300000000        973.460503381040     
   12.6592700000000        978.107408549118     
   12.6689200000000        978.250002448481     
   12.6785500000000        975.545798304995     
   12.6881900000000        974.467390233779     
   12.6978200000000        979.268852823763     
   12.7074500000000        991.438375988933     
   12.7170800000000        1009.10616530669     
   12.7267000000000        1029.21363184961     
   12.7363200000000        1049.29557491623     
   12.7459400000000        1066.88404350148     
   12.7555500000000        1079.48359774045     
   12.7651600000000        1085.89060426596     
   12.7747700000000        1086.86959652380     
   12.7843800000000        1085.23431172822     
   12.7939800000000        1084.92300312609     
   12.8035800000000        1088.31480845364     
   12.8131700000000        1094.93276696110     
   12.8227600000000        1102.68944137469     
   12.8323500000000        1110.17066930893     
   12.8419400000000        1117.69029389710     
   12.8515200000000        1125.57601502828     
   12.8611000000000        1133.27575170581     
   12.8706700000000        1140.66775284612     
   12.8802500000000        1148.50478493873     
   12.8898100000000        1157.31777502005     
   12.8993800000000        1167.33599551028     
   12.9089400000000        1179.36140682024     
   12.9185000000000        1194.02142229985     
   12.9280600000000        1210.19436780106     
   12.9376100000000        1224.96421375554     
   12.9471700000000        1235.33754544133     
   12.9567100000000        1240.59875892546     
   12.9662600000000        1242.60635758969     
   12.9758000000000        1243.51337361767     
   12.9853400000000        1244.60960869849     
   12.9948700000000        1246.69008228834     
   13.0044000000000        1249.65483729926     
   13.0139300000000        1252.62152239696     
   13.0234600000000        1255.24147983989     
   13.0329800000000        1257.87740959383     
   13.0425000000000        1260.39274262296     
   13.0520100000000        1262.11807360887     
   13.0615200000000        1263.16635698439     
   13.0710300000000        1265.03437415892     
   13.0805400000000        1269.45306985306     
   13.0900400000000        1276.84895290519     
   13.0995400000000        1286.56618942835     
   13.1090400000000        1298.17608726322     
   13.1185300000000        1311.44327555583     
   13.1280200000000        1324.93387425749     
   13.1375100000000        1336.05271843353     
   13.1469900000000        1342.67409409195     
   13.1564700000000        1344.13135680754     
   13.1659500000000        1341.62667231050     
   13.1754300000000        1337.95060423364     
   13.1849000000000        1335.89926073637     
   13.1943700000000        1336.86254764663     
   13.2038300000000        1340.98894491813     
   13.2132900000000        1347.43246347291     
   13.2227500000000        1353.94488530747     
   13.2322100000000        1357.58835495273     
   13.2416600000000        1356.16393989368     
   13.2511100000000        1349.62102276067     
   13.2605500000000        1340.42741049779     
   13.2700000000000        1332.05334949900     
   13.2794400000000        1327.46114292514     
   13.2888700000000        1327.98895073596     
   13.2983100000000        1332.69399376801     
   13.3077400000000        1338.69476852403     
   13.3171600000000        1343.65904570707     
   13.3265900000000        1347.58597029377     
   13.3360100000000        1351.22674009890     
   13.3454300000000        1353.99330640447     
   13.3548400000000        1354.01192498487     
   13.3642500000000        1349.97031888344     
   13.3736600000000        1342.33086088466     
   13.3830600000000        1332.42155187576     
   13.3924700000000        1321.66912436347     
   13.4018600000000        1312.03913138025     
   13.4112600000000        1304.88599175490     
   13.4206500000000        1299.82118750516     
   13.4300400000000        1296.02572700763     
   13.4394300000000        1293.89930390772     
   13.4488100000000        1294.13272974648     
   13.4581900000000        1296.31329553122     
   13.4675600000000        1298.90343091907     
   13.4769400000000        1300.37652947320     
   13.4863100000000        1300.92658628621     
   13.4956700000000        1302.78417603979     
   13.5050400000000        1308.18188053790     
   13.5144000000000        1316.99542473324     
   13.5237600000000        1326.21270886888     
   13.5331100000000        1331.58139681665     
   13.5424600000000        1330.80545930234     
   13.5518100000000        1325.25630177754     
   13.5611500000000        1318.68046827490     
   13.5704900000000        1314.63309292044     
   13.5798300000000        1314.66072843616     
   13.5891700000000        1318.04027415210     
   13.5985000000000        1322.89145608630     
   13.6078300000000        1327.74855191407     
   13.6171500000000        1332.33687771413     
   13.6264800000000        1337.03999210855     
   13.6358000000000        1341.97274279533     
   13.6451100000000        1346.73343447467     
   13.6544200000000        1350.68734832669     
   13.6637300000000        1353.67078673628     
   13.6730400000000        1356.49258724529     
   13.6823400000000        1360.39401681138     
   13.6916400000000        1366.15801300939     
   13.7009400000000        1373.54109069195     
   13.7102400000000        1381.07890663585     
   13.7195300000000        1387.07435887839     
   13.7288100000000        1391.02299263724     
   13.7381000000000        1393.35613408902     
   13.7473800000000        1393.92253269748     
   13.7566600000000        1391.48962123129     
   13.7659300000000        1385.06352624098     
   13.7752000000000        1375.48490279821     
   13.7844700000000        1365.32993264220     
   13.7937400000000        1357.10883147948     
   13.8030000000000        1351.90398627288     
   13.8122600000000        1349.71898367125     
   13.8215200000000        1350.20154062085     
   13.8307700000000        1352.72995309744     
   13.8400200000000        1356.58037449934     
   13.8492600000000        1361.05777502442     
   13.8585100000000        1365.27735071685     
   13.8677500000000        1367.97161580669     
   13.8769800000000        1367.91022086687     
   13.8862200000000        1364.61271500866     
   13.8954500000000        1358.84581313317     
   13.9046800000000        1352.27395262290     
   13.9139000000000        1346.55691458098     
   13.9231200000000        1342.41452108744     
   13.9323400000000        1339.35070446366     
   13.9415500000000        1336.43648188690     
   13.9507700000000        1333.62294920166     
   13.9599700000000        1331.99121081656     
   13.9691800000000        1332.31161433913     
   13.9783800000000        1333.78755662432     
   13.9875800000000        1334.47015154260     
   13.9967800000000        1332.81105344112     
   14.0059700000000        1328.89736983187     
   14.0151600000000        1324.34162675011     
   14.0243400000000        1320.81545632631     
   14.0335300000000        1318.77913041928     
   14.0427100000000        1317.68967803692     
   14.0518800000000        1316.57273500643     
   14.0610600000000        1314.01694344558     
   14.0702300000000        1308.22068008060     
   14.0794000000000        1297.90349433068     
   14.0885600000000        1283.37388840161     
   14.0977200000000        1266.42425774908     
   14.1068800000000        1249.54367478565     
   14.1160300000000        1234.85608267178     
   14.1251800000000        1223.01211354476     
   14.1343300000000        1213.15275810495     
   14.1434800000000        1204.01008671531     
   14.1526200000000        1195.10415490228     
   14.1617600000000        1186.74732451494     
   14.1708900000000        1179.24240739714     
   14.1800300000000        1172.48567100669     
   14.1891500000000        1166.44619861108     
   14.1982800000000        1161.23419265744     
   14.2074000000000        1156.72998920176     
   14.2165200000000        1152.28100511634     
   14.2256400000000        1147.16095321440     
   14.2347500000000        1141.25659525052     
   14.2438600000000        1135.29320613106     
   14.2529700000000        1130.62944604763     
   14.2620700000000        1128.78162178836     
   14.2711800000000        1130.88781345155     
   14.2802700000000        1137.37212968752     
   14.2893700000000        1147.87148311558     
   14.2984600000000        1161.09827758587     
   14.3075500000000        1175.06565581309     
   14.3166300000000        1187.82615100012     
   14.3257100000000        1198.46484021202     
   14.3347900000000        1206.89268743134     
   14.3438700000000        1212.83824440345     
   14.3529400000000        1215.60562097935     
   14.3620100000000        1214.81874393049     
   14.3710700000000        1210.70407074134     
   14.3801400000000        1203.63552026361     
   14.3892000000000        1193.96779001305     
   14.3982500000000        1182.17549206726     
   14.4073100000000        1168.84859824699     
   14.4163600000000        1154.78472048976     
   14.4254000000000        1141.08729807178     
   14.4344500000000        1129.05736204359     
   14.4434900000000        1119.79221774301     
   14.4525200000000        1113.65483662870     
   14.4615600000000        1110.12017221715     
   14.4705900000000        1108.09190348371     
   14.4796200000000        1106.57404921488     
   14.4886400000000        1105.00125560116     
   14.4976600000000        1102.95591957117     
   14.5066800000000        1100.00702596770     
   14.5157000000000        1095.78354966994     
   14.5247100000000        1090.06040452247     
   14.5337200000000        1082.90962986707     
   14.5427200000000        1074.91706078628     
   14.5517300000000        1067.08643162513     
   14.5607300000000        1060.71703683254     
   14.5697200000000        1057.01456450790     
   14.5787100000000        1056.46511393566     
   14.5877000000000        1058.35865984802     
   14.5966900000000        1061.02113059623     
   14.6056700000000        1062.79576965259     
   14.6146600000000        1063.15842736192     
   14.6236300000000        1062.91086691302     
   14.6326100000000        1063.18229788557     
   14.6415800000000        1064.28168907558     
   14.6505400000000        1065.62132386631     
   14.6595100000000        1066.51339027810     
   14.6684700000000        1066.55089837871     
   14.6774300000000        1065.35380019541     
   14.6863800000000        1062.66909787050     
   14.6953400000000        1058.92536741022     
   14.7042800000000        1055.21051743209     
   14.7132300000000        1052.45687707838     
   14.7221700000000        1050.96870061259     
   14.7311100000000        1050.49097362821     
   14.7400500000000        1050.49230780973     
   14.7489800000000        1050.16855458154     
   14.7579100000000        1048.27223128875     
   14.7668400000000        1043.38734933457     
   14.7757600000000        1034.75573542595     
   14.7846800000000        1022.71853471690     
   14.7936000000000        1008.46968581999     
   14.8025100000000        993.562256832010     
   14.8114200000000        979.462870692069     
   14.8203300000000        967.367119214011     
   14.8292300000000        958.044786792775     
   14.8381300000000        951.693226014396     
   14.8470300000000        948.017584111643     
   14.8559300000000        946.461961574615     
   14.8648200000000        946.433278261215     
   14.8737100000000        947.320757953465     
   14.8825900000000        948.410416189840     
   14.8914700000000        948.951074114264     
   14.9003500000000        948.388123572151     
   14.9092300000000        946.483831540305     
   14.9181000000000        943.192376845278     
   14.9269700000000        938.473053759688     
   14.9358400000000        932.294726228718     
   14.9447000000000        924.764866986652     
   14.9535600000000        916.143601095043     
   14.9624200000000        906.810219059516     
   14.9712700000000        897.232582704979     
   14.9801200000000        887.932264220456     
   14.9889700000000        879.517538727318     
   14.9978100000000        872.618157577656     
   15.0066500000000        867.690899590025     
   15.0154900000000        864.849536980236     
   15.0243300000000        863.716595638673     
   15.0331600000000        863.431153062191     
   15.0419900000000        862.935313825596     
   15.0508100000000        861.456294209961     
   15.0596300000000        858.778312061995     
   15.0684500000000        855.107800129156     
   15.0772700000000        850.726433581875     
   15.0860800000000        845.751410829981     
   15.0948900000000        840.162905083998     
   15.1037000000000        834.109297961591     
   15.1125000000000        828.111442429117     
   15.1213000000000        822.835610702675     
   15.1301000000000        818.689194984607     
   15.1388900000000        815.667100452044     
   15.1476800000000        813.573319436128     
   15.1564700000000        812.283152031234     
   15.1652500000000        811.755633626742     
   15.1740300000000        811.963319918698     
   15.1828100000000        812.898633998940     
   15.1915800000000        814.572131756519     
   15.2003500000000        816.930872991629     
   15.2091200000000        819.704229625539     
   15.2178900000000        822.319617063907     
   15.2266500000000        824.005971024148     
   15.2354100000000        824.067137933365     
   15.2441600000000        822.101143800973     
   15.2529200000000        817.998189917703     
   15.2616700000000        811.851821158903     
   15.2704100000000        803.964647007137     
   15.2791500000000        795.008384957076     
   15.2878900000000        786.088406285717     
   15.2966300000000        778.429608522449     
   15.3053600000000        772.876005732120     
   15.3140900000000        769.573483413853     
   15.3228200000000        768.108937259139     
   15.3315400000000        767.906949288678     
   15.3402600000000        768.667927157602     
   15.3489800000000        770.516043246044     
   15.3577000000000        773.712520137183     
   15.3664100000000        778.185768443508     
   15.3751200000000        783.309966911889     
   15.3838200000000        788.073896873875     
   15.3925200000000        791.516452244850     
   15.4012200000000        792.981299134663     
   15.4099200000000        792.167424932360     
   15.4186100000000        789.113399777339     
   15.4273000000000        784.169035207217     
   15.4359800000000        777.949452588730     
   15.4446700000000        771.212430599126     
   15.4533400000000        764.797856256776     
   15.4620200000000        759.362019396414     
   15.4706900000000        755.244997762720     
   15.4793600000000        752.323857805162     
   15.4880300000000        750.151076733454     
   15.4966900000000        748.191500750513     
   15.5053500000000        746.052502103969     
   15.5140100000000        743.609708892892     
   15.5226700000000        740.980579327588     
   15.5313200000000        738.419507017144     
   15.5399600000000        736.158166777579     
   15.5486100000000        734.244004994625     
   15.5572500000000        732.480348257580     
   15.5658900000000        730.467283096230     
   15.5745200000000        727.749517901846     
   15.5831600000000        723.953951176667     
   15.5917900000000        718.949450900229     
   15.6004100000000        712.898178417504     
   15.6090300000000        706.207987873924     
   15.6176500000000        699.396477773159     
   15.6262700000000        692.917317226047     
   15.6348800000000        687.061596023285     
   15.6434900000000        681.905587873186     
   15.6521000000000        677.361133724956     
   15.6607000000000        673.245434200675     
   15.6693000000000        669.358366742518     
   15.6779000000000        665.581393770018     
   15.6864900000000        661.923960967328     
   15.6950800000000        658.463078166199     
   15.7036700000000        655.206951749131     
   15.7122600000000        651.982533983116     
   15.7208400000000        648.529328081967     
   15.7294100000000        644.725136842836     
   15.7379900000000        640.746330634817     
   15.7465600000000        637.061450386602     
   15.7551300000000        634.189274581640     
   15.7637000000000        632.470929644151     
   15.7722600000000        631.925178035654     
   15.7808200000000        632.256686838114     
   15.7893700000000        632.945223185961     
   15.7979300000000        633.317679750690     
   15.8064700000000        632.625373392220     
   15.8150200000000        630.218723901467     
   15.8235600000000        625.815841819307     
   15.8321000000000        619.686522337545     
   15.8406400000000        612.620093695351     
   15.8491800000000        605.612573214965     
   15.8577100000000        599.493639859299     
   15.8662300000000        594.716722621501     
   15.8747600000000        591.403567384465     
   15.8832800000000        589.494887646984     
   15.8918000000000        588.823401416895     
   15.9003100000000        589.212444204053     
   15.9088200000000        590.524123632219     
   15.9173300000000        592.653825398436     
   15.9258400000000        595.485304496369     
   15.9343400000000        598.842518122708     
   15.9428400000000        602.451500260810     
   15.9513300000000        605.877412547661     
   15.9598300000000        608.557617409429     
   15.9683100000000        609.898701160097     
   15.9768000000000        609.497679521571     
   15.9852800000000        607.275578906483     
   15.9937600000000        603.502750745024     
   16.0022400000000        598.670439512404     
   16.0107100000000        593.311471223012     
   16.0191800000000        587.857491725028     
   16.0276500000000        582.627161473528     
   16.0361200000000        577.809067363267     
   16.0445800000000        573.417997465394     
   16.0530300000000        569.248621391493     
   16.0614900000000        564.942631090959     
   16.0699400000000        560.201544213235     
   16.0783900000000        554.940520326949     
   16.0868300000000        549.380514682702     
   16.0952800000000        543.917857908675     
   16.1037100000000        538.976871096438     
   16.1121500000000        534.759095000602     
   16.1205800000000        531.236567808882     
   16.1290100000000        528.162621988721     
   16.1374400000000        525.212307666322     
   16.1458600000000        522.081617397618     
   16.1542800000000        518.515204278823     
   16.1627000000000        514.312041928728     
   16.1711100000000        509.318767015648     
   16.1795200000000        503.411336408297     
   16.1879300000000        496.529928912316     
   16.1963300000000        488.739621544825     
   16.2047300000000        480.272534868082     
   16.2131300000000        471.576802420539     
   16.2215200000000        463.246576844744     
   16.2299100000000        455.839792395051     
   16.2383000000000        449.757609124848     
   16.2466900000000        445.141649320908     
   16.2550700000000        441.852871192227     
   16.2634500000000        439.498501981182     
   16.2718200000000        437.563328251343     
   16.2802000000000        435.568470795351     
   16.2885600000000        433.243693219190     
   16.2969300000000        430.543405346959     
   16.3052900000000        427.605284878473     
   16.3136500000000        424.610045400171     
   16.3220100000000        421.713090935698     
   16.3303600000000        419.035999176170     
   16.3387100000000        416.691056627246     
   16.3470600000000        414.814001315764     
   16.3554000000000        413.550003338641     
   16.3637400000000        413.009912467146     
   16.3720800000000        413.213821434157     
   16.3804200000000        414.018682043047     
   16.3887500000000        415.096528308715     
   16.3970700000000        416.004763252131     
   16.4054000000000        416.292884145072     
   16.4137200000000        415.565497021936     
   16.4220400000000        413.514622606098     
   16.4303500000000        409.975533339268     
   16.4386700000000        404.997279424081     
   16.4469700000000        398.927333015286     
   16.4552800000000        392.270902409343     
   16.4635800000000        385.598986668772     
   16.4718800000000        379.311804743034     
   16.4801800000000        373.573428698895     
   16.4884700000000        368.340136401996     
   16.4967600000000        363.472024986296     
   16.5050500000000        358.892757199172     
   16.5133300000000        354.648638499296     
   16.5216100000000        350.853048823826     
   16.5298900000000        347.603561707821     
   16.5381600000000        344.888195472485     
   16.5464300000000        342.548232096090     
   16.5547000000000        340.336949765346     
   16.5629700000000        337.998025793639     
   16.5712300000000        335.331639601806     
   16.5794900000000        332.202784293140     
   16.5877400000000        328.543438343915     
   16.5959900000000        324.327119251560     
   16.6042400000000        319.580619082584     
   16.6124900000000        314.379630801998     
   16.6207300000000        308.848658118308     
   16.6289700000000        303.133052247423     
   16.6372000000000        297.411281575238     
   16.6454400000000        291.832144776435     
   16.6536700000000        286.535484605635     
   16.6618900000000        281.609822302560     
   16.6701200000000        277.119310439077     
   16.6783400000000        273.154187619991     
   16.6865500000000        269.786563419024     
   16.6947700000000        267.050943523791     
   16.7029800000000        264.940237569537     
   16.7111900000000        263.368859697509     
   16.7193900000000        262.187994425307     
   16.7275900000000        261.183429319044     
   16.7357900000000        260.096537634649     
   16.7439800000000        258.662845942419     
   16.7521800000000        256.667432122872     
   16.7603600000000        254.027667080492     
   16.7685500000000        250.798663791266     
   16.7767300000000        247.190082894733     
   16.7849100000000        243.479083630676     
   16.7930900000000        239.954777793849     
   16.8012600000000        236.863730096759     
   16.8094300000000        234.367126353660     
   16.8175900000000        232.542235933422     
   16.8257600000000        231.370366322869     
   16.8339200000000        230.767826913377     
   16.8420700000000        230.607947628166     
   16.8502300000000        230.770801418535     
   16.8583800000000        231.179317176684     
   16.8665300000000        231.814470219797     
   16.8746700000000        232.699624592356     
   16.8828100000000        233.870198589342     
   16.8909500000000        235.334372249057     
   16.8990800000000        237.042821142365     
   16.9072100000000        238.880952192553     
   16.9153400000000        240.666078809547     
   16.9234700000000        242.167867546048     
   16.9315900000000        243.138986160598     
   16.9397100000000        243.356711083319     
   16.9478200000000        242.651410493679     
   16.9559400000000        240.927238840029     
   16.9640500000000        238.187809364399     
   16.9721500000000        234.539300003759     
   16.9802600000000        230.171642781741     
   16.9883600000000        225.360110723959     
   16.9964500000000        220.391832855454     
   17.0045500000000        215.519792141013     
   17.0126400000000        210.965651884753     
   17.0207200000000        206.856893520633     
   17.0288100000000        203.225488291493     
   17.0368900000000        200.057646646986     
   17.0449700000000        197.300662375413     
   17.0530400000000        194.917110215741     
   17.0611100000000        192.877420217314     
   17.0691800000000        191.148750012529     
