   7.15970000000000        671.096822439321     
   7.17100000000000        660.662902265637     
   7.18231000000000        651.630826695412     
   7.19360000000000        619.485653616564     
   7.20490000000000        583.959555051390     
   7.21619000000000        549.134604032760     
   7.22748000000000        536.921808618158     
   7.23877000000000        548.305515259260     
   7.25005000000000        530.020213116814     
   7.26133000000000        503.405452011626     
   7.27261000000000        458.849020305457     
   7.28388000000000        422.748087166277     
   7.29515000000000        387.997726317688     
   7.30642000000000        383.394868727202     
   7.31768000000000        374.867543348848     
   7.32894000000000        375.866299572546     
   7.34020000000000        388.075540345185     
   7.35146000000000        412.925562794189     
   7.36271000000000        437.323141260117     
   7.37396000000000        467.343600441601     
   7.38520000000000        476.933396312362     
   7.39644000000000        459.650466153384     
   7.40768000000000        445.873012710025     
   7.41892000000000        426.437176757903     
   7.43015000000000        406.806817699583     
   7.44138000000000        405.708443192004     
   7.45261000000000        388.322271766578     
   7.46383000000000        367.981418071566     
   7.47505000000000        353.446208795800     
   7.48626000000000        331.074091393936     
   7.49748000000000        326.675629742696     
   7.50869000000000        330.665012013976     
   7.51990000000000        322.346732121684     
   7.53110000000000        322.569422765890     
   7.54230000000000        334.041555459651     
   7.55350000000000        343.329529501297     
   7.56469000000000        339.431265015150     
   7.57588000000000        333.731339588987     
   7.58707000000000        333.965940626337     
   7.59826000000000        348.053660118150     
   7.60944000000000        357.410370543659     
   7.62062000000000        369.895625818168     
   7.63179000000000        383.352340609053     
   7.64296000000000        379.728147956785     
   7.65413000000000        369.661829742990     
   7.66530000000000        363.282845939119     
   7.67646000000000        364.024599081383     
   7.68762000000000        377.414833443889     
   7.69878000000000        382.064193240356     
   7.70993000000000        367.890406214064     
   7.72108000000000        354.307363359540     
   7.73223000000000        354.226977949081     
   7.74337000000000        358.941611868149     
   7.75451000000000        357.764128733708     
   7.76565000000000        354.951084254142     
   7.77678000000000        352.778895749242     
   7.78791000000000        353.557480661152     
   7.79904000000000        358.338656930169     
   7.81017000000000        369.165789507646     
   7.82129000000000        377.133539278483     
   7.83241000000000        384.500184565938     
   7.84352000000000        387.722081314979     
   7.85463000000000        384.881624756449     
   7.86574000000000        384.079556873158     
   7.87685000000000        381.811586553949     
   7.88795000000000        380.597025885182     
   7.89905000000000        383.771625796129     
   7.91015000000000        380.183321129693     
   7.92124000000000        358.656121310390     
   7.93233000000000        343.505322365890     
   7.94342000000000        336.653959740648     
   7.95450000000000        331.715774903762     
   7.96558000000000        325.722492035591     
   7.97666000000000        311.934872684121     
   7.98773000000000        298.437546218975     
   7.99880000000000        291.742236690839     
   8.00987000000000        281.900629387749     
   8.02093000000000        271.884506035366     
   8.03200000000000        272.675125670833     
   8.04305000000000        274.904549266126     
   8.05411000000000        271.813475182676     
   8.06516000000000        275.976429601199     
   8.07621000000000        287.078406559255     
   8.08726000000000        298.847792366253     
   8.09830000000000        305.304133769876     
   8.10934000000000        312.667010053767     
   8.12037000000000        312.118195378087     
   8.13141000000000        306.367937063337     
   8.14244000000000        298.062976799080     
   8.15346000000000        289.204842329086     
   8.16449000000000        278.286236833000     
   8.17551000000000        268.089996996016     
   8.18652000000000        254.949943763415     
   8.19754000000000        239.646193206207     
   8.20855000000000        229.190875412746     
   8.21955000000000        226.223482989366     
   8.23056000000000        230.571172632145     
   8.24156000000000        233.167620777426     
   8.25256000000000        234.751784347750     
   8.26355000000000        232.256135785735     
   8.27454000000000        228.352650620857     
   8.28553000000000        230.933704043075     
   8.29652000000000        239.228412987189     
   8.30750000000000        253.471257102672     
   8.31848000000000        263.854845202718     
   8.32946000000000        266.035817428511     
   8.34043000000000        267.845824421165     
   8.35140000000000        268.829890498162     
   8.36236000000000        269.782669977718     
   8.37333000000000        271.718125939357     
   8.38429000000000        273.835589514948     
   8.39524000000000        277.180727922584     
   8.40620000000000        283.720416256437     
   8.41715000000000        292.879140094781     
   8.42810000000000        299.084904206037     
   8.43904000000000        305.496946300638     
   8.44998000000000        310.943265140168     
   8.46092000000000        319.816862937093     
   8.47185000000000        327.559870793726     
   8.48278000000000        331.789503588976     
   8.49371000000000        331.544974092439     
   8.50464000000000        328.778927163037     
   8.51556000000000        324.413863246715     
   8.52648000000000        318.276164134811     
   8.53739000000000        312.638082833503     
   8.54831000000000        310.712425381597     
   8.55922000000000        311.853890801579     
   8.57012000000000        312.934503574307     
   8.58103000000000        315.114858602108     
   8.59193000000000        318.742093385709     
   8.60282000000000        322.969343715597     
   8.61372000000000        324.896391640675     
   8.62461000000000        329.532207162356     
   8.63549000000000        334.072890387556     
   8.64638000000000        334.901473996634     
   8.65726000000000        332.647727463081     
   8.66814000000000        333.003013933074     
   8.67901000000000        337.573608572126     
   8.68988000000000        342.111286025888     
   8.70075000000000        340.295164945576     
   8.71161000000000        337.728829143420     
   8.72248000000000        336.002006284779     
   8.73333000000000        330.217787937021     
   8.74419000000000        321.415715579047     
   8.75504000000000        313.172708246202     
   8.76589000000000        306.474527974178     
   8.77674000000000        304.860641935094     
   8.78758000000000        303.873972788937     
   8.79842000000000        301.896675218118     
   8.80926000000000        299.212063206665     
   8.82009000000000        294.990350465304     
   8.83092000000000        289.324513174382     
   8.84175000000000        286.300549310833     
   8.85257000000000        282.827567275801     
   8.86339000000000        282.620306318746     
   8.87421000000000        285.996432326086     
   8.88502000000000        287.296971640717     
   8.89583000000000        286.806295825894     
   8.90664000000000        285.929417585799     
   8.91745000000000        285.265032997222     
   8.92825000000000        285.189517436029     
   8.93905000000000        284.474021369219     
   8.94984000000000        283.610445912346     
   8.96063000000000        284.089447694942     
   8.97142000000000        286.933680692634     
   8.98221000000000        291.696513656685     
   8.99299000000000        303.000160945109     
   9.00377000000000        317.631664346818     
   9.01455000000000        331.877476961764     
   9.02532000000000        354.538717049408     
   9.03609000000000        390.360015126978     
   9.04686000000000        441.703086936027     
   9.05762000000000        501.419381812155     
   9.06838000000000        566.042292901739     
   9.07914000000000        629.011190609656     
   9.08989000000000        663.894616078143     
   9.10064000000000        661.274103264463     
   9.11139000000000        642.947029551083     
   9.12214000000000        632.436972831996     
   9.13288000000000        631.249673372719     
   9.14362000000000        634.275095110510     
   9.15435000000000        613.366528006202     
   9.16508000000000        568.107265218578     
   9.17581000000000        538.858351827139     
   9.18654000000000        544.393257113548     
   9.19726000000000        550.692285494919     
   9.20798000000000        538.034767535733     
   9.21870000000000        525.290005203660     
   9.22941000000000        519.849855934531     
   9.24012000000000        510.403027913369     
   9.25082000000000        493.356965443547     
   9.26153000000000        478.694110968083     
   9.27223000000000        466.344372285090     
   9.28293000000000        467.479288326945     
   9.29362000000000        482.460133959561     
   9.30431000000000        495.325165954348     
   9.31500000000000        484.715627911436     
   9.32568000000000        475.707775324418     
   9.33636000000000        497.847277530793     
   9.34704000000000        545.226443905462     
   9.35772000000000        591.696018264828     
   9.36839000000000        616.211529326637     
   9.37906000000000        617.086764861110     
   9.38972000000000        618.103537638603     
   9.40038000000000        634.637167452233     
   9.41104000000000        663.346519861787     
   9.42170000000000        688.064877775113     
   9.43235000000000        705.644105224190     
   9.44300000000000        727.376416482052     
   9.45365000000000        762.437161418728     
   9.46429000000000        791.005431829347     
   9.47493000000000        805.642415138641     
   9.48557000000000        823.790029608474     
   9.49620000000000        828.100247069714     
   9.50683000000000        822.866491958165     
   9.51746000000000        804.332404787608     
   9.52808000000000        800.840087149956     
   9.53871000000000        830.403022596027     
   9.54932000000000        872.922259112415     
   9.55994000000000        926.186778599962     
   9.57055000000000        956.833096625681     
   9.58116000000000        953.639797033683     
   9.59176000000000        943.377008830408     
   9.60237000000000        947.667881616401     
   9.61296000000000        957.419436374303     
   9.62356000000000        982.739399431539     
   9.63415000000000        1012.10773102487     
   9.64474000000000        1022.28493206384     
   9.65533000000000        1016.24416083294     
   9.66591000000000        1016.94665497666     
   9.67649000000000        1032.58810132792     
   9.68707000000000        1051.95279319441     
   9.69764000000000        1071.84463617274     
   9.70821000000000        1100.31396912125     
   9.71878000000000        1166.72600125234     
   9.72934000000000        1260.28643507525     
   9.73990000000000        1328.53540614133     
   9.75046000000000        1351.88029401462     
   9.76102000000000        1353.26978364763     
   9.77157000000000        1366.62962984298     
   9.78212000000000        1383.13999380220     
   9.79266000000000        1381.47214774983     
   9.80320000000000        1371.77374066243     
   9.81374000000000        1356.87836190180     
   9.82428000000000        1348.56715503473     
   9.83481000000000        1359.81074926454     
   9.84534000000000        1372.72796679830     
   9.85586000000000        1384.58667169728     
   9.86639000000000        1390.09561028871     
   9.87691000000000        1342.25313093250     
   9.88742000000000        1286.66497507628     
   9.89794000000000        1296.78588612719     
   9.90845000000000        1332.51548466798     
   9.91895000000000        1344.05133014455     
   9.92946000000000        1341.53739819553     
   9.93996000000000        1320.07955064989     
   9.95046000000000        1282.90473314987     
   9.96095000000000        1241.84248865238     
   9.97144000000000        1201.28776457998     
   9.98193000000000        1163.92611209561     
   9.99242000000000        1150.79187948035     
   10.0029000000000        1166.59603677864     
   10.0133800000000        1186.32182333317     
   10.0238500000000        1198.93830925873     
   10.0343200000000        1190.05145748570     
   10.0447900000000        1171.52824614615     
   10.0552600000000        1161.78256348812     
   10.0657200000000        1156.39604747335     
   10.0761800000000        1153.09335243014     
   10.0866400000000        1157.09546496940     
   10.0970900000000        1170.57467813659     
   10.1075400000000        1187.93671748551     
   10.1179900000000        1192.11014382421     
   10.1284300000000        1182.39321796326     
   10.1388700000000        1191.38599257537     
   10.1493100000000        1218.00661699582     
   10.1597400000000        1212.05995486669     
   10.1701700000000        1188.80001149103     
   10.1806000000000        1185.42877212922     
   10.1910300000000        1185.06323033454     
   10.2014500000000        1178.02866288789     
   10.2118700000000        1192.45971188058     
   10.2222800000000        1222.53044664032     
   10.2326900000000        1233.82009978197     
   10.2431000000000        1223.28980204147     
   10.2535100000000        1207.40492650249     
   10.2639100000000        1194.43259742460     
   10.2743100000000        1184.71450400357     
   10.2847100000000        1201.55280969986     
   10.2951000000000        1248.86758738066     
   10.3054900000000        1282.30363190541     
   10.3158800000000        1286.11945742162     
   10.3262600000000        1284.94498294941     
   10.3366400000000        1271.89186153907     
   10.3470200000000        1248.51727141245     
   10.3573900000000        1247.16236020054     
   10.3677600000000        1273.46428919783     
   10.3781300000000        1295.32936434944     
   10.3884900000000        1294.07398826183     
   10.3988600000000        1275.05904776622     
   10.4092100000000        1249.41162031113     
   10.4195700000000        1232.16856143229     
   10.4299200000000        1227.12506082980     
   10.4402700000000        1224.01144925792     
   10.4506100000000        1209.02789627032     
   10.4609600000000        1179.68179090870     
   10.4713000000000        1143.30703150692     
   10.4816300000000        1106.25851702562     
   10.4919600000000        1083.13918799104     
   10.5022900000000        1076.92814155202     
   10.5126200000000        1074.38261567909     
   10.5229400000000        1068.52927970296     
   10.5332600000000        1046.02850149298     
   10.5435800000000        1011.55395064124     
   10.5539000000000        974.416736368344     
   10.5642100000000        936.838925581531     
   10.5745100000000        903.287076513351     
   10.5848200000000        877.007391670740     
   10.5951200000000        852.852115219000     
   10.6054200000000        833.476987683515     
   10.6157100000000        822.420645852825     
   10.6260000000000        822.685035353916     
   10.6362900000000        841.356319055894     
   10.6465800000000        861.491756520915     
   10.6568600000000        871.232147943222     
   10.6671400000000        877.739036439567     
   10.6774100000000        885.931468089880     
   10.6876900000000        897.991413061885     
   10.6979600000000        915.291867264880     
   10.7082200000000        940.115419266437     
   10.7184900000000        974.257154429620     
   10.7287500000000        1010.22462616185     
   10.7390000000000        1041.24931322703     
   10.7492600000000        1069.57371351579     
   10.7595100000000        1095.98582857118     
   10.7697500000000        1125.76094682540     
   10.7800000000000        1170.34129333736     
   10.7902400000000        1222.24632256612     
   10.8004800000000        1268.15634941899     
   10.8107100000000        1303.13624246030     
   10.8209400000000        1318.23749927868     
   10.8311700000000        1318.27296790376     
   10.8414000000000        1324.73906444990     
   10.8516200000000        1347.31860173862     
   10.8618400000000        1382.36363687809     
   10.8720500000000        1414.73492192082     
   10.8822700000000        1436.82967602299     
   10.8924800000000        1447.51426980638     
   10.9026800000000        1447.77137483065     
   10.9128800000000        1448.95794550960     
   10.9230800000000        1464.19249495028     
   10.9332800000000        1489.08448524148     
   10.9434700000000        1513.12722617946     
   10.9536600000000        1535.91276360204     
   10.9638500000000        1548.51590196080     
   10.9740400000000        1529.58019077517     
   10.9842200000000        1483.52643806339     
   10.9943900000000        1432.35368570537     
   11.0045700000000        1390.65311153104     
   11.0147400000000        1366.12775416538     
   11.0249100000000        1351.58230919447     
   11.0350700000000        1336.19874312131     
   11.0452300000000        1318.36713859087     
   11.0553900000000        1306.08947557539     
   11.0655500000000        1309.67699856359     
   11.0757000000000        1329.98318783760     
   11.0858500000000        1358.53612822214     
   11.0960000000000        1384.70947099049     
   11.1061400000000        1396.91104868357     
   11.1162800000000        1394.27288243300     
   11.1264200000000        1390.40671066711     
   11.1365500000000        1399.87312430667     
   11.1466800000000        1421.88584457111     
   11.1568100000000        1442.81814089706     
   11.1669300000000        1458.48570226894     
   11.1770500000000        1473.38559758411     
   11.1871700000000        1487.89974379933     
   11.1972800000000        1496.34031810847     
   11.2073900000000        1495.03425381645     
   11.2175000000000        1482.34648290166     
   11.2276100000000        1472.31474185944     
   11.2377100000000        1482.67730625146     
   11.2478100000000        1514.93319141079     
   11.2579000000000        1554.67044279138     
   11.2679900000000        1585.73336432210     
   11.2780800000000        1604.87237499108     
   11.2881700000000        1618.14282820145     
   11.2982500000000        1632.99073601875     
   11.3083300000000        1658.75259622267     
   11.3184100000000        1692.85821399604     
   11.3284800000000        1718.01861261013     
   11.3385500000000        1728.76375518346     
   11.3486200000000        1736.74299216087     
   11.3586800000000        1754.42415594435     
   11.3687400000000        1783.86157327583     
   11.3788000000000        1813.64865928490     
   11.3888500000000        1837.22436154760     
   11.3989000000000        1854.01000322913     
   11.4089500000000        1864.65053341858     
   11.4189900000000        1875.80663309038     
   11.4290400000000        1890.65750739049     
   11.4390700000000        1902.50107423620     
   11.4491100000000        1901.95988126673     
   11.4591400000000        1896.10454175987     
   11.4691700000000        1897.19593788179     
   11.4792000000000        1907.17619590300     
   11.4892200000000        1919.78507871810     
   11.4992400000000        1932.38797918712     
   11.5092500000000        1942.85582454896     
   11.5192700000000        1943.71224795256     
   11.5292800000000        1939.77185815401     
   11.5392800000000        1942.83486138923     
   11.5492900000000        1954.33920826215     
   11.5592900000000        1967.68633163976     
   11.5692800000000        1977.57446248751     
   11.5792800000000        1989.32755380535     
   11.5892700000000        2006.34791477330     
   11.5992600000000        2022.65058725037     
   11.6092400000000        2037.19174933723     
   11.6192200000000        2050.07487454989     
   11.6292000000000        2056.96540494803     
   11.6391700000000        2057.63936860175     
   11.6491500000000        2054.52586566251     
   11.6591200000000        2054.09329770506     
   11.6690800000000        2060.25327745264     
   11.6790400000000        2068.95160636709     
   11.6890000000000        2073.56534559933     
   11.6989600000000        2071.77595795662     
   11.7089100000000        2070.55989992224     
   11.7188600000000        2074.82133758219     
   11.7288100000000        2078.68196647145     
   11.7387500000000        2078.51879772594     
   11.7486900000000        2074.70708049435     
   11.7586300000000        2060.04351122548     
   11.7685600000000        2034.02069297158     
   11.7784900000000        2002.12683112657     
   11.7884200000000        1959.32934797766     
   11.7983400000000        1917.00772433605     
   11.8082600000000        1898.36240832201     
   11.8181800000000        1906.37190857900     
   11.8281000000000        1926.53935777807     
   11.8380100000000        1939.00192231470     
   11.8479200000000        1932.98630699045     
   11.8578200000000        1912.25353211987     
   11.8677200000000        1884.92477806609     
   11.8776200000000        1855.52101304599     
   11.8875200000000        1823.94116286476     
   11.8974100000000        1793.31381010848     
   11.9073000000000        1768.50753593225     
   11.9171900000000        1751.09495017363     
   11.9270700000000        1738.61084125384     
   11.9369500000000        1730.28425992331     
   11.9468300000000        1727.98577582907     
   11.9567000000000        1727.04174055829     
   11.9665700000000        1717.02981965669     
   11.9764400000000        1689.75733428529     
   11.9863000000000        1646.65232309551     
   11.9961600000000        1602.35888957816     
   12.0060200000000        1571.41261674482     
   12.0158700000000        1554.30202145106     
   12.0257300000000        1545.39731060814     
   12.0355700000000        1546.25889158221     
   12.0454200000000        1562.05322446555     
   12.0552600000000        1591.84867060547     
   12.0651000000000        1628.84262084730     
   12.0749400000000        1667.42873471068     
   12.0847700000000        1703.53270760920     
   12.0946000000000        1736.78075690652     
   12.1044200000000        1767.26736305291     
   12.1142500000000        1789.93840088507     
   12.1240700000000        1805.92308588528     
   12.1338800000000        1826.53915349952     
   12.1437000000000        1863.05003072829     
   12.1535100000000        1916.02623587265     
   12.1633100000000        1971.34308449072     
   12.1731200000000        2016.11336111953     
   12.1829200000000        2049.90760190425     
   12.1927200000000        2073.95205697750     
   12.2025100000000        2093.31891464108     
   12.2123000000000        2113.06777755247     
   12.2220900000000        2125.90225084671     
   12.2318700000000        2128.01079280872     
   12.2416600000000        2126.25112841562     
   12.2514300000000        2123.11034874202     
   12.2612100000000        2118.80711185165     
   12.2709800000000        2121.79422835014     
   12.2807500000000        2139.67227154918     
   12.2905200000000        2166.90286108248     
   12.3002800000000        2196.45582350760     
   12.3100400000000        2227.48392326419     
   12.3198000000000        2253.89501048329     
   12.3295500000000        2264.22653916228     
   12.3393000000000        2259.63290516912     
   12.3490500000000        2255.55603365792     
   12.3587900000000        2261.91456530651     
   12.3685300000000        2273.17722888480     
   12.3782700000000        2275.99894517710     
   12.3880000000000        2267.42357360489     
   12.3977300000000        2259.01880676903     
   12.4074600000000        2259.44904569031     
   12.4171800000000        2264.75108388259     
   12.4269100000000        2265.49205870347     
   12.4366200000000        2256.85268726728     
   12.4463400000000        2238.42305835330     
   12.4560500000000        2205.94472742217     
   12.4657600000000        2154.44936508013     
   12.4754700000000        2088.09347987496     
   12.4851700000000        2023.18632248550     
   12.4948700000000        1976.34993531189     
   12.5045600000000        1956.58181898594     
   12.5142600000000        1964.14427620140     
   12.5239500000000        1990.17727256761     
   12.5336300000000        2019.19701230468     
   12.5433200000000        2037.79293983060     
   12.5530000000000        2041.18876502215     
   12.5626800000000        2033.38774049686     
   12.5723500000000        2022.47904900951     
   12.5820200000000        2014.60517676303     
   12.5916900000000        2010.50738449084     
   12.6013500000000        2005.67226827735     
   12.6110100000000        1998.95765551042     
   12.6206700000000        1995.79617828637     
   12.6303300000000        1996.69438079934     
   12.6399800000000        1997.44291574046     
   12.6496300000000        1994.48554167355     
   12.6592700000000        1980.95634310821     
   12.6689200000000        1951.19721984272     
   12.6785500000000        1913.70385551855     
   12.6881900000000        1885.83292064855     
   12.6978200000000        1879.10747717774     
   12.7074500000000        1897.46337578166     
   12.7170800000000        1939.30023705770     
   12.7267000000000        1995.27238641737     
   12.7363200000000        2051.17179036153     
   12.7459400000000        2095.05465411772     
   12.7555500000000        2120.46466558658     
   12.7651600000000        2126.28676819056     
   12.7747700000000        2115.53491460931     
   12.7843800000000        2094.06244492535     
   12.7939800000000        2072.28508290797     
   12.8035800000000        2061.91368121012     
   12.8131700000000        2067.33098198618     
   12.8227600000000        2081.48839576887     
   12.8323500000000        2093.84310962054     
   12.8419400000000        2101.33298185107     
   12.8515200000000        2107.28941517600     
   12.8611000000000        2114.98518528757     
   12.8706700000000        2125.58331009875     
   12.8802500000000        2138.51267421643     
   12.8898100000000        2151.31693109833     
   12.8993800000000        2161.74710045835     
   12.9089400000000        2172.66608591594     
   12.9185000000000        2190.96267170796     
   12.9280600000000        2220.04331548745     
   12.9376100000000        2255.59088894352     
   12.9471700000000        2290.36021546123     
   12.9567100000000        2321.16653905981     
   12.9662600000000        2349.33105034413     
   12.9758000000000        2374.63480405372     
   12.9853400000000        2395.06921706959     
   12.9948700000000        2410.47318807545     
   13.0044000000000        2419.51610561883     
   13.0139300000000        2418.26632882676     
   13.0234600000000        2407.89540015128     
   13.0329800000000        2396.75403659059     
   13.0425000000000        2390.96117274971     
   13.0520100000000        2390.60435969688     
   13.0615200000000        2393.73226817185     
   13.0710300000000        2400.10942871725     
   13.0805400000000        2411.62869822997     
   13.0900400000000        2430.78899123586     
   13.0995400000000        2461.29330447942     
   13.1090400000000        2506.76688464761     
   13.1185300000000        2564.98291100971     
   13.1280200000000        2626.80603247581     
   13.1375100000000        2682.78121560127     
   13.1469900000000        2728.62434952103     
   13.1564700000000        2765.17256046290     
   13.1659500000000        2795.32979653795     
   13.1754300000000        2821.18542456935     
   13.1849000000000        2843.74258257681     
   13.1943700000000        2864.42178248148     
   13.2038300000000        2885.71701549150     
   13.2132900000000        2909.02381983215     
   13.2227500000000        2929.98580655995     
   13.2322100000000        2940.66810467575     
   13.2416600000000        2936.82695423406     
   13.2511100000000        2921.08351160363     
   13.2605500000000        2901.16088712535     
   13.2700000000000        2884.32993597877     
   13.2794400000000        2873.20992565738     
   13.2888700000000        2864.97615152897     
   13.2983100000000        2853.51182941794     
   13.3077400000000        2832.97409179469     
   13.3171600000000        2803.55556722486     
   13.3265900000000        2772.40003038887     
   13.3360100000000        2746.81599053631     
   13.3454300000000        2728.93073894928     
   13.3548400000000        2715.99095600885     
   13.3642500000000        2704.01994978672     
   13.3736600000000        2691.66694218561     
   13.3830600000000        2679.95327146877     
   13.3924700000000        2671.87917393487     
   13.4018600000000        2672.07971285664     
   13.4112600000000        2680.14663335193     
   13.4206500000000        2687.92815211374     
   13.4300400000000        2689.40216100078     
   13.4394300000000        2686.74310884876     
   13.4488100000000        2684.47537166850     
   13.4581900000000        2684.08971391965     
   13.4675600000000        2684.48974142885     
   13.4769400000000        2683.90537544408     
   13.4863100000000        2682.68821985237     
   13.4956700000000        2685.37563088026     
   13.5050400000000        2696.11323686463     
   13.5144000000000        2711.78312358614     
   13.5237600000000        2722.80863680615     
   13.5331100000000        2720.51951635101     
   13.5424600000000        2703.90968115041     
   13.5518100000000        2678.52288381228     
   13.5611500000000        2651.99308736125     
   13.5704900000000        2632.03376704297     
   13.5798300000000        2624.85944395912     
   13.5891700000000        2632.81365375562     
   13.5985000000000        2653.05510507712     
   13.6078300000000        2679.80165777314     
   13.6171500000000        2708.61819089891     
   13.6264800000000        2737.64261255554     
   13.6358000000000        2765.21073830070     
   13.6451100000000        2789.32715879650     
   13.6544200000000        2808.99116747898     
   13.6637300000000        2824.47853239307     
   13.6730400000000        2836.58625189790     
   13.6823400000000        2846.10208588028     
   13.6916400000000        2853.83844857171     
   13.7009400000000        2860.43191595882     
   13.7102400000000        2864.88783505609     
   13.7195300000000        2864.84575526412     
   13.7288100000000        2860.07662900998     
   13.7381000000000        2853.92997049425     
   13.7473800000000        2849.72794134862     
   13.7566600000000        2846.45325244739     
   13.7659300000000        2839.71791100932     
   13.7752000000000        2827.73934840226     
   13.7844700000000        2814.66529027918     
   13.7937400000000        2807.53124258897     
   13.8030000000000        2812.43955079897     
   13.8122600000000        2833.00706731213     
   13.8215200000000        2869.89222423898     
   13.8307700000000        2921.10484293712     
   13.8400200000000        2983.20096149301     
   13.8492600000000        3051.94551593925     
   13.8585100000000        3121.60945503761     
   13.8677500000000        3183.93174799527     
   13.8769800000000        3231.92351841187     
   13.8862200000000        3263.27857833392     
   13.8954500000000        3279.88840782354     
   13.9046800000000        3285.04005153984     
   13.9139000000000        3281.00476958726     
   13.9231200000000        3269.14838597829     
   13.9323400000000        3250.82722268579     
   13.9415500000000        3229.37054713021     
   13.9507700000000        3212.25688139023     
   13.9599700000000        3208.92699773088     
   13.9691800000000        3223.72977932781     
   13.9783800000000        3252.41089672927     
   13.9875800000000        3285.57761916539     
   13.9967800000000        3314.23437442913     
   14.0059700000000        3334.27927697048     
   14.0151600000000        3348.44445843913     
   14.0243400000000        3362.16526663591     
   14.0335300000000        3378.34812066599     
   14.0427100000000        3396.56819171112     
   14.0518800000000        3414.21400621020     
   14.0610600000000        3426.83950624498     
   14.0702300000000        3429.25405480794     
   14.0794000000000        3418.53047823454     
   14.0885600000000        3396.55396863277     
   14.0977200000000        3368.83575241463     
   14.1068800000000        3341.46287581367     
   14.1160300000000        3319.45887067196     
   14.1251800000000        3305.03287552306     
   14.1343300000000        3295.72358069115     
   14.1434800000000        3285.75836886891     
   14.1526200000000        3270.85471303793     
   14.1617600000000        3250.77971804605     
   14.1708900000000        3227.67795154603     
   14.1800300000000        3204.54224585923     
   14.1891500000000        3186.26461248999     
   14.1982800000000        3178.34350142241     
   14.2074000000000        3183.04620095578     
   14.2165200000000        3197.11889915554     
   14.2256400000000        3214.40837756183     
   14.2347500000000        3230.58768328388     
   14.2438600000000        3246.35534319898     
   14.2529700000000        3267.06382665274     
   14.2620700000000        3299.40237159184     
   14.2711800000000        3347.96597580925     
   14.2802700000000        3413.38097641653     
   14.2893700000000        3493.02595621604     
   14.2984600000000        3580.37890134777     
   14.3075500000000        3666.67208911900     
   14.3166300000000        3744.27516651047     
   14.3257100000000        3811.19775139846     
   14.3347900000000        3869.56352009569     
   14.3438700000000        3919.72759817141     
   14.3529400000000        3957.52546660129     
   14.3620100000000        3977.62249201143     
   14.3710700000000        3977.03650814842     
   14.3801400000000        3955.93199462004     
   14.3892000000000        3917.31750758775     
   14.3982500000000        3866.12675256344     
   14.4073100000000        3807.10099078651     
   14.4163600000000        3744.30533706600     
   14.4254000000000        3681.78289979014     
   14.4344500000000        3623.77245193758     
   14.4434900000000        3573.72749746901     
   14.4525200000000        3532.42932966734     
   14.4615600000000        3497.89068418029     
   14.4705900000000        3467.45847257032     
   14.4796200000000        3440.05294493863     
   14.4886400000000        3416.31290854033     
   14.4976600000000        3396.20646256235     
   14.5066800000000        3378.20381461328     
   14.5157000000000        3360.22648525414     
   14.5247100000000        3340.89114090036     
   14.5337200000000        3320.56291509183     
   14.5427200000000        3302.11494158311     
   14.5517300000000        3290.06077937384     
   14.5607300000000        3288.89997547764     
   14.5697200000000        3301.01308304009     
   14.5787100000000        3325.04823457366     
   14.5877000000000        3355.92149670731     
   14.5966900000000        3387.04034687045     
   14.6056700000000        3413.37846905361     
   14.6146600000000        3433.94354134752     
   14.6236300000000        3451.16145557675     
   14.6326100000000        3467.44682936405     
   14.6415800000000        3481.70409163090     
   14.6505400000000        3490.87451922564     
   14.6595100000000        3494.06934936330     
   14.6684700000000        3493.28081701017     
   14.6774300000000        3490.33961304963     
   14.6863800000000        3485.60403720322     
   14.6953400000000        3479.68169941027     
   14.7042800000000        3474.10879047606     
   14.7132300000000        3469.96014321716     
   14.7221700000000        3467.32433705939     
   14.7311100000000        3465.73295991925     
   14.7400500000000        3464.35210393283     
   14.7489800000000        3461.17702287105     
   14.7579100000000        3451.93492370044     
   14.7668400000000        3431.27531236016     
   14.7757600000000        3396.67160503149     
   14.7846800000000        3350.66772805375     
   14.7936000000000        3299.48450755761     
   14.8025100000000        3250.00448642831     
   14.8114200000000        3207.63801464063     
   14.8203300000000        3176.41165602729     
   14.8292300000000        3159.24213022893     
   14.8381300000000        3157.12246634231     
   14.8470300000000        3168.37480144970     
   14.8559300000000        3189.18390784858     
   14.8648200000000        3215.14920584651     
   14.8737100000000        3242.43733360892     
   14.8825900000000        3267.46029138122     
   14.8914700000000        3286.78969311329     
   14.9003500000000        3298.07809094573     
   14.9092300000000        3300.97763148913     
   14.9181000000000        3296.39334317496     
   14.9269700000000        3285.07418521322     
   14.9358400000000        3267.25440545132     
   14.9447000000000        3243.15538033582     
   14.9535600000000        3213.27373265600     
   14.9624200000000        3178.67504856693     
   14.9712700000000        3141.28636407846     
   14.9801200000000        3103.84469229769     
   14.9889700000000        3069.58908460035     
   14.9978100000000        3041.29596965013     
   15.0066500000000        3020.36682681439     
   15.0154900000000        3006.82765111384     
   15.0243300000000        2999.40321042357     
   15.0331600000000        2995.57845775383     
   15.0419900000000        2992.14984079951     
   15.0508100000000        2986.39656180414     
   15.0596300000000        2976.99102681701     
   15.0684500000000        2964.16387847664     
   15.0772700000000        2948.98494868831     
   15.0860800000000        2932.25938139752     
   15.0948900000000        2914.12626029912     
   15.1037000000000        2895.14671678927     
   15.1125000000000        2877.32686881335     
   15.1213000000000        2863.18309608234     
   15.1301000000000        2853.85626626441     
   15.1388900000000        2848.63585910882     
   15.1476800000000        2846.38360236399     
   15.1564700000000        2846.83598376144     
   15.1652500000000        2850.40402268076     
   15.1740300000000        2857.29197342786     
   15.1828100000000        2866.89988373714     
   15.1915800000000        2877.69463073905     
   15.2003500000000        2887.40488480972     
   15.2091200000000        2893.19768345639     
   15.2178900000000        2892.09581673195     
   15.2266500000000        2881.85098023985     
   15.2354100000000        2861.89979302321     
   15.2441600000000        2833.52766521931     
   15.2529200000000        2798.42138736870     
   15.2616700000000        2757.38204468835     
   15.2704100000000        2710.32318815908     
   15.2791500000000        2658.24637101339     
   15.2878900000000        2604.84764131133     
   15.2966300000000        2555.49534269833     
   15.3053600000000        2514.51242627282     
   15.3140900000000        2483.03415810998     
   15.3228200000000        2459.36722256297     
   15.3315400000000        2440.81464776290     
   15.3402600000000        2425.83075957409     
   15.3489800000000        2415.07958667521     
   15.3577000000000        2410.42173366079     
   15.3664100000000        2412.84938914267     
   15.3751200000000        2421.08717979186     
   15.3838200000000        2431.92334431030     
   15.3925200000000        2441.63567720993     
   15.4012200000000        2446.92065631007     
   15.4099200000000        2445.28728454224     
   15.4186100000000        2435.62838026940     
   15.4273000000000        2418.71974268140     
   15.4359800000000        2397.02823023756     
   15.4446700000000        2373.70950344254     
   15.4533400000000        2351.87554872397     
   15.4620200000000        2333.61762413567     
   15.4706900000000        2319.77248800239     
   15.4793600000000        2309.47991398941     
   15.4880300000000        2300.45898957749     
   15.4966900000000        2289.80001090115     
   15.5053500000000        2275.25618855944     
   15.5140100000000        2256.49040062183     
   15.5226700000000        2235.36060285257     
   15.5313200000000        2215.01927276016     
   15.5399600000000        2198.27647630633     
   15.5486100000000        2186.41616082977     
   15.5572500000000        2179.06837903181     
   15.5658900000000        2174.52548892160     
   15.5745200000000        2170.38551961309     
   15.5831600000000        2164.12069721027     
   15.5917900000000        2153.72152649299     
   15.6004100000000        2138.13920545825     
   15.6090300000000        2117.38925391011     
   15.6176500000000        2092.29985499687     
   15.6262700000000        2064.03388501560     
   15.6348800000000        2033.82786153423     
   15.6434900000000        2002.89656539956     
   15.6521000000000        1972.71262731922     
   15.6607000000000        1945.09380446155     
   15.6693000000000        1921.87898183341     
   15.6779000000000        1904.54366778986     
   15.6864900000000        1893.69177847871     
   15.6950800000000        1888.67484261112     
   15.7036700000000        1887.48421899002     
   15.7122600000000        1887.06859981923     
   15.7208400000000        1884.42372493913     
   15.7294100000000        1877.92394665918     
   15.7379900000000        1868.01917197030     
   15.7465600000000        1857.02748241688     
   15.7551300000000        1847.90750385076     
   15.7637000000000        1842.82283107113     
   15.7722600000000        1842.15497637135     
   15.7808200000000        1844.54411949276     
   15.7893700000000        1847.69591648802     
   15.7979300000000        1849.25892003828     
   15.8064700000000        1847.35849113241     
   15.8150200000000        1840.91718863489     
   15.8235600000000        1829.98314892375     
   15.8321000000000        1815.90398596066     
   15.8406400000000        1801.05709976132     
   15.8491800000000        1787.96170824553     
   15.8577100000000        1778.38003842558     
   15.8662300000000        1772.92464572177     
   15.8747600000000        1771.22932079607     
   15.8832800000000        1772.28996261022     
   15.8918000000000        1774.87182823290     
   15.9003100000000        1778.03028257271     
   15.9088200000000        1781.41697258747     
   15.9173300000000        1785.14350355523     
   15.9258400000000        1789.46229263781     
   15.9343400000000        1794.52366447419     
   15.9428400000000        1800.19689273276     
   15.9513300000000        1805.76643005494     
   15.9598300000000        1809.72499109060     
   15.9683100000000        1809.88061255605     
   15.9768000000000        1804.09230427764     
   15.9852800000000        1791.23146798319     
   15.9937600000000        1771.78222432957     
   16.0022400000000        1747.71326070692     
   16.0107100000000        1721.72410474345     
   16.0191800000000        1696.29025611962     
   16.0276500000000        1673.19631981003     
   16.0361200000000        1653.19709267111     
   16.0445800000000        1635.89162794459     
   16.0530300000000        1619.84044363842     
   16.0614900000000        1603.14755063079     
   16.0699400000000        1584.47107167764     
   16.0783900000000        1563.71082174205     
   16.0868300000000        1542.35638877435     
   16.0952800000000        1522.77474326704     
   16.1037100000000        1507.27711559204     
   16.1121500000000        1496.95113465916     
   16.1205800000000        1491.65472741449     
   16.1290100000000        1490.35229842038     
   16.1374400000000        1491.84666256561     
   16.1458600000000        1495.13812433025     
   16.1542800000000        1499.31559146316     
   16.1627000000000        1503.18264184205     
   16.1711100000000        1505.06416152747     
   16.1795200000000        1502.98544127747     
   16.1879300000000        1495.12856526475     
   16.1963300000000        1480.50195484748     
   16.2047300000000        1459.48852871854     
   16.2131300000000        1434.08962105296     
   16.2215200000000        1407.50489160095     
   16.2299100000000        1383.04524928604     
   16.2383000000000        1363.25314576652     
   16.2466900000000        1349.35684552261     
   16.2550700000000        1341.20526154501     
   16.2634500000000        1337.38840863716     
   16.2718200000000        1335.64762475789     
   16.2802000000000        1333.53519923863     
   16.2885600000000        1329.28318320485     
   16.2969300000000        1322.34620815440     
   16.3052900000000        1313.47268287346     
   16.3136500000000        1304.16469800742     
   16.3220100000000        1296.06138319716     
   16.3303600000000        1290.50915209652     
   16.3387100000000        1288.45542717147     
   16.3470600000000        1290.59728314614     
   16.3554000000000        1297.45768501780     
   16.3637400000000        1309.32223221220     
   16.3720800000000        1325.93404384116     
   16.3804200000000        1346.17250807074     
   16.3887500000000        1367.99643305967     
   16.3970700000000        1388.89183820334     
   16.4054000000000        1406.44905054191     
   16.4137200000000        1418.59179276571     
   16.4220400000000        1423.88085809436     
   16.4303500000000        1421.59048244950     
   16.4386700000000        1411.95505021516     
   16.4469700000000        1396.30931538330     
   16.4552800000000        1376.63849636403     
   16.4635800000000        1355.13839826731     
   16.4718800000000        1333.39426069426     
   16.4801800000000        1312.08819449045     
   16.4884700000000        1291.10669043450     
   16.4967600000000        1270.00008986518     
   16.5050500000000        1248.65586969221     
   16.5133300000000        1227.55573938498     
   16.5216100000000        1207.49720172507     
   16.5298900000000        1189.21735902863     
   16.5381600000000        1172.99142927548     
   16.5464300000000        1158.45696173918     
   16.5547000000000        1144.86353390223     
   16.5629700000000        1131.37649344826     
   16.5712300000000        1117.34329977424     
   16.5794900000000        1102.29748333610     
   16.5877400000000        1085.94796577813     
   16.5959900000000        1068.03858881292     
   16.6042400000000        1048.41926385646     
   16.6124900000000        1027.08428457017     
   16.6207300000000        1004.25185173465     
   16.6289700000000        980.327420785659     
   16.6372000000000        956.013775448932     
   16.6454400000000        932.065349550906     
   16.6536700000000        909.341732138644     
   16.6618900000000        888.543586480860     
   16.6701200000000        870.219936044176     
   16.6783400000000        854.866044640674     
   16.6865500000000        842.661579387865     
   16.6947700000000        833.407703151095     
   16.7029800000000        826.598421751914     
   16.7111900000000        821.428996227471     
   16.7193900000000        816.974882502866     
   16.7275900000000        812.277751303679     
   16.7357900000000        806.476995640737     
   16.7439800000000        798.951368614867     
   16.7521800000000        789.418241108167     
   16.7603600000000        778.097693184813     
   16.7685500000000        765.548301700685     
   16.7767300000000        752.664096329018     
   16.7849100000000        740.354774518423     
   16.7930900000000        729.438345969420     
   16.8012600000000        720.556436068966     
   16.8094300000000        714.108232647859     
   16.8175900000000        710.248632437947     
   16.8257600000000        708.815098188532     
   16.8339200000000        709.397067615872     
   16.8420700000000        711.485079729394     
   16.8502300000000        714.718920972169     
   16.8583800000000        718.997003652865     
   16.8665300000000        724.447833550461     
   16.8746700000000        731.209959110665     
   16.8828100000000        739.257052158680     
   16.8909500000000        748.286091472236     
   16.8990800000000        757.756791548910     
   16.9072100000000        767.050656974348     
   16.9153400000000        775.530653418336     
   16.9234700000000        782.545568650556     
   16.9315900000000        787.360924063830     
   16.9397100000000        789.174161703456     
   16.9478200000000        787.209019215891     
   16.9559400000000        780.913823372852     
   16.9640500000000        770.203078887839     
   16.9721500000000        755.564011514561     
   16.9802600000000        737.963709188947     
   16.9883600000000        718.759706481989     
   16.9964500000000        699.284640795036     
   17.0045500000000        680.589140564995     
   17.0126400000000        663.449433576290     
   17.0207200000000        648.182574121120     
   17.0288100000000        634.716959036095     
   17.0368900000000        622.823603395101     
   17.0449700000000        612.158547313340     
   17.0530400000000        602.474531429197     
   17.0611100000000        593.612547230293     
   17.0691800000000        585.488267015161     
