   7.15970000000000        385.882837754647     
   7.17100000000000        384.598563649375     
   7.18231000000000        383.052471689186     
   7.19360000000000        370.785079236418     
   7.20490000000000        356.431691839237     
   7.21619000000000        344.500730998563     
   7.22748000000000        338.396748772298     
   7.23877000000000        343.022583697439     
   7.25005000000000        339.208301832899     
   7.26133000000000        330.275750595734     
   7.27261000000000        312.602986688549     
   7.28388000000000        300.125822622918     
   7.29515000000000        289.258569470861     
   7.30642000000000        293.134601920002     
   7.31768000000000        294.454182017273     
   7.32894000000000        298.160984331362     
   7.34020000000000        306.913262173319     
   7.35146000000000        325.403458580358     
   7.36271000000000        341.328341742697     
   7.37396000000000        358.535677181244     
   7.38520000000000        359.530473132614     
   7.39644000000000        345.865444785397     
   7.40768000000000        337.797262256303     
   7.41892000000000        328.937796501616     
   7.43015000000000        319.915201133731     
   7.44138000000000        320.567859979914     
   7.45261000000000        309.558955412936     
   7.46383000000000        297.415897155651     
   7.47505000000000        291.950657167788     
   7.48626000000000        283.310159875046     
   7.49748000000000        286.690660350700     
   7.50869000000000        291.863942226125     
   7.51990000000000        287.878811862311     
   7.53110000000000        286.858492671878     
   7.54230000000000        295.529736808992     
   7.55350000000000        303.301439487728     
   7.56469000000000        303.319340032492     
   7.57588000000000        301.636617626420     
   7.58707000000000        300.878229774331     
   7.59826000000000        308.318430555292     
   7.60944000000000        314.954825594323     
   7.62062000000000        325.715293185228     
   7.63179000000000        337.149512770217     
   7.64296000000000        333.943646802987     
   7.65413000000000        323.522168761165     
   7.66530000000000        315.300251206855     
   7.67646000000000        311.170106129169     
   7.68762000000000        317.793910369837     
   7.69878000000000        320.892920827209     
   7.70993000000000        310.361352907566     
   7.72108000000000        297.294799362910     
   7.73223000000000        293.510032328761     
   7.74337000000000        295.560541209569     
   7.75451000000000        292.407570360014     
   7.76565000000000        287.416987581352     
   7.77678000000000        282.451660193973     
   7.78791000000000        280.253416755315     
   7.79904000000000        281.618929268826     
   7.81017000000000        286.922985378915     
   7.82129000000000        291.694761388466     
   7.83241000000000        297.428433942441     
   7.84352000000000        301.813912507607     
   7.85463000000000        300.737946702599     
   7.86574000000000        297.899001946350     
   7.87685000000000        291.912404016781     
   7.88795000000000        288.050010708193     
   7.89905000000000        289.249339134716     
   7.91015000000000        286.572134551919     
   7.92124000000000        269.993709698795     
   7.93233000000000        257.861253957740     
   7.94342000000000        251.973377360738     
   7.95450000000000        246.707396526764     
   7.96558000000000        238.423921575419     
   7.97666000000000        223.628951029198     
   7.98773000000000        208.361131612733     
   7.99880000000000        198.307326717561     
   8.00987000000000        187.602877920359     
   8.02093000000000        178.713971036570     
   8.03200000000000        180.531773444155     
   8.04305000000000        184.167895934064     
   8.05411000000000        182.831153852171     
   8.06516000000000        185.259572316701     
   8.07621000000000        192.966242456845     
   8.08726000000000        200.899486599918     
   8.09830000000000        205.377936311232     
   8.10934000000000        209.695798260077     
   8.12037000000000        209.927847188901     
   8.13141000000000        207.075910905843     
   8.14244000000000        200.403707169118     
   8.15346000000000        193.547233747887     
   8.16449000000000        186.828233368747     
   8.17551000000000        179.746184928223     
   8.18652000000000        167.636707027047     
   8.19754000000000        152.969904978736     
   8.20855000000000        142.643046683823     
   8.21955000000000        137.676173968756     
   8.23056000000000        137.461817403964     
   8.24156000000000        139.220976887054     
   8.25256000000000        141.529022629406     
   8.26355000000000        141.260958757764     
   8.27454000000000        140.238466128274     
   8.28553000000000        141.999045320474     
   8.29652000000000        149.374051381618     
   8.30750000000000        162.848876603474     
   8.31848000000000        174.787705182405     
   8.32946000000000        182.674795172521     
   8.34043000000000        186.497439979816     
   8.35140000000000        189.801587938686     
   8.36236000000000        192.816791060579     
   8.37333000000000        197.058875256564     
   8.38429000000000        203.083681598584     
   8.39524000000000        210.895085126329     
   8.40620000000000        215.598832732316     
   8.41715000000000        218.927156541375     
   8.42810000000000        218.954680658047     
   8.43904000000000        220.088042380616     
   8.44998000000000        218.238618817042     
   8.46092000000000        215.406496941542     
   8.47185000000000        213.392232582790     
   8.48278000000000        212.665273361525     
   8.49371000000000        210.850840358423     
   8.50464000000000        207.578750142627     
   8.51556000000000        204.368449731084     
   8.52648000000000        202.518628684557     
   8.53739000000000        202.485632946577     
   8.54831000000000        203.336198904089     
   8.55922000000000        205.588728563874     
   8.57012000000000        210.944943148518     
   8.58103000000000        217.362486272200     
   8.59193000000000        223.188760988803     
   8.60282000000000        227.032102228756     
   8.61372000000000        230.675741029235     
   8.62461000000000        237.227623023243     
   8.63549000000000        243.310513064807     
   8.64638000000000        247.719412257448     
   8.65726000000000        251.042516302397     
   8.66814000000000        254.255169454030     
   8.67901000000000        258.922896886439     
   8.68988000000000        263.538172079446     
   8.70075000000000        265.074505310186     
   8.71161000000000        263.961821836512     
   8.72248000000000        263.434311688278     
   8.73333000000000        261.050505474596     
   8.74419000000000        255.239249067711     
   8.75504000000000        246.976257616832     
   8.76589000000000        239.433124592015     
   8.77674000000000        233.278126396574     
   8.78758000000000        227.605823133471     
   8.79842000000000        223.503787419920     
   8.80926000000000        221.185427933454     
   8.82009000000000        218.501247245306     
   8.83092000000000        213.793789260440     
   8.84175000000000        210.122064603313     
   8.85257000000000        204.941068078892     
   8.86339000000000        203.055158551346     
   8.87421000000000        203.725322154480     
   8.88502000000000        203.834003480193     
   8.89583000000000        204.462975043959     
   8.90664000000000        205.813007084501     
   8.91745000000000        206.984855228781     
   8.92825000000000        206.596165733139     
   8.93905000000000        205.402368576956     
   8.94984000000000        205.068655092529     
   8.96063000000000        206.428715238767     
   8.97142000000000        209.103397761241     
   8.98221000000000        211.764105977704     
   8.99299000000000        214.627491525745     
   9.00377000000000        217.210636450676     
   9.01455000000000        219.403645552960     
   9.02532000000000        222.818034960499     
   9.03609000000000        229.152565812238     
   9.04686000000000        243.646137595056     
   9.05762000000000        263.884513927350     
   9.06838000000000        286.367015601392     
   9.07914000000000        307.693750512877     
   9.08989000000000        317.447682003067     
   9.10064000000000        313.006506266077     
   9.11139000000000        304.651579834844     
   9.12214000000000        298.729824101236     
   9.13288000000000        295.101813868297     
   9.14362000000000        293.356379834214     
   9.15435000000000        283.570845497291     
   9.16508000000000        265.548290428006     
   9.17581000000000        254.483720512765     
   9.18654000000000        257.324913160980     
   9.19726000000000        259.281463089639     
   9.20798000000000        252.189589641905     
   9.21870000000000        244.755804215791     
   9.22941000000000        240.210046194163     
   9.24012000000000        235.278121687832     
   9.25082000000000        228.489493700208     
   9.26153000000000        223.502110473732     
   9.27223000000000        220.195055331094     
   9.28293000000000        222.312374666139     
   9.29362000000000        229.677032728851     
   9.30431000000000        235.677872939107     
   9.31500000000000        230.871001663812     
   9.32568000000000        226.251360357538     
   9.33636000000000        236.018182337065     
   9.34704000000000        257.364463218216     
   9.35772000000000        278.404927097156     
   9.36839000000000        290.176446059798     
   9.37906000000000        291.604487962538     
   9.38972000000000        292.384995451451     
   9.40038000000000        298.876299229053     
   9.41104000000000        309.918418748914     
   9.42170000000000        318.650768632380     
   9.43235000000000        324.153480869971     
   9.44300000000000        331.439849535629     
   9.45365000000000        344.437532705901     
   9.46429000000000        354.765464404832     
   9.47493000000000        359.752036928836     
   9.48557000000000        366.884347525988     
   9.49620000000000        368.233149849375     
   9.50683000000000        365.907315646049     
   9.51746000000000        358.295496664144     
   9.52808000000000        357.218616065317     
   9.53871000000000        369.961772717606     
   9.54932000000000        387.704839611380     
   9.55994000000000        410.160568888748     
   9.57055000000000        422.990555487889     
   9.58116000000000        421.257593739337     
   9.59176000000000        416.298247167780     
   9.60237000000000        417.365911109556     
   9.61296000000000        420.956753537923     
   9.62356000000000        432.214587317677     
   9.63415000000000        445.890228851927     
   9.64474000000000        450.833073442186     
   9.65533000000000        448.223205298085     
   9.66591000000000        448.757773455918     
   9.67649000000000        456.154865934196     
   9.68707000000000        465.419279753237     
   9.69764000000000        474.624566007295     
   9.70821000000000        487.479859183138     
   9.71878000000000        517.110068290016     
   9.72934000000000        558.673358723043     
   9.73990000000000        589.239890126969     
   9.75046000000000        600.552813770736     
   9.76102000000000        602.319343460786     
   9.77157000000000        608.466957401924     
   9.78212000000000        615.406508865466     
   9.79266000000000        614.434722356841     
   9.80320000000000        610.152162721918     
   9.81374000000000        603.584792315543     
   9.82428000000000        599.631247759146     
   9.83481000000000        604.208417576304     
   9.84534000000000        610.087103290429     
   9.85586000000000        615.954472027501     
   9.86639000000000        618.846452308061     
   9.87691000000000        598.485988553310     
   9.88742000000000        574.972033865117     
   9.89794000000000        579.773711193064     
   9.90845000000000        595.334249863029     
   9.91895000000000        599.933770377078     
   9.92946000000000        597.822260300142     
   9.93996000000000        587.396875077556     
   9.95046000000000        570.719754452648     
   9.96095000000000        552.960455562228     
   9.97144000000000        535.773085935199     
   9.98193000000000        519.747700110741     
   9.99242000000000        513.962812195589     
   10.0029000000000        521.111481106872     
   10.0133800000000        530.378468945447     
   10.0238500000000        536.141818922998     
   10.0343200000000        532.109327318123     
   10.0447900000000        523.682511185184     
   10.0552600000000        519.436044016666     
   10.0657200000000        517.773887657429     
   10.0761800000000        516.978204404562     
   10.0866400000000        518.961157344974     
   10.0970900000000        524.989562498947     
   10.1075400000000        532.937946369166     
   10.1179900000000        536.058331540477     
   10.1284300000000        534.247225539277     
   10.1388700000000        541.234518221226     
   10.1493100000000        555.663814415394     
   10.1597400000000        554.779701185563     
   10.1701700000000        545.891712977279     
   10.1806000000000        546.401460863535     
   10.1910300000000        548.020109097853     
   10.2014500000000        546.250849429987     
   10.2118700000000        554.426303601628     
   10.2222800000000        570.442592938923     
   10.2326900000000        578.786823217876     
   10.2431000000000        577.221113466874     
   10.2535100000000        571.761067079258     
   10.2639100000000        566.132170224073     
   10.2743100000000        561.739512054194     
   10.2847100000000        568.994181742594     
   10.2951000000000        589.441831475920     
   10.3054900000000        603.812321916294     
   10.3158800000000        605.526672412493     
   10.3262600000000        605.624820228132     
   10.3366400000000        600.292133337615     
   10.3470200000000        589.944401564149     
   10.3573900000000        588.667995856075     
   10.3677600000000        598.358651700893     
   10.3781300000000        605.177325437105     
   10.3884900000000        601.691316046836     
   10.3988600000000        591.434672517175     
   10.4092100000000        579.068430575678     
   10.4195700000000        570.910860639466     
   10.4299200000000        568.196868113002     
   10.4402700000000        566.815655310033     
   10.4506100000000        561.940976716827     
   10.4609600000000        552.289679835038     
   10.4713000000000        540.428687974125     
   10.4816300000000        529.607055228860     
   10.4919600000000        525.439524140812     
   10.5022900000000        528.003466216511     
   10.5126200000000        531.362874357722     
   10.5229400000000        532.744138897509     
   10.5332600000000        526.340294533840     
   10.5435800000000        514.241906399543     
   10.5539000000000        500.869584927731     
   10.5642100000000        486.943620020490     
   10.5745100000000        474.795068027285     
   10.5848200000000        466.315393441094     
   10.5951200000000        459.057623678302     
   10.6054200000000        454.317932890169     
   10.6157100000000        452.961316780893     
   10.6260000000000        455.134158168506     
   10.6362900000000        465.517236746399     
   10.6465800000000        477.346840538582     
   10.6568600000000        484.261559211823     
   10.6671400000000        488.933548334623     
   10.6774100000000        493.838849425799     
   10.6876900000000        500.620281800485     
   10.6979600000000        510.184298374075     
   10.7082200000000        523.433550956998     
   10.7184900000000        541.984343292909     
   10.7287500000000        561.829343403909     
   10.7390000000000        578.427108587807     
   10.7492600000000        592.687790246897     
   10.7595100000000        605.520601135043     
   10.7697500000000        619.902665263611     
   10.7800000000000        640.871408632169     
   10.7902400000000        662.614719522647     
   10.8004800000000        679.538600531620     
   10.8107100000000        692.614924065781     
   10.8209400000000        699.824136750609     
   10.8311700000000        702.168802143055     
   10.8414000000000        708.668508842360     
   10.8516200000000        724.636906843891     
   10.8618400000000        747.275812431229     
   10.8720500000000        766.740118311462     
   10.8822700000000        780.180435764409     
   10.8924800000000        789.452671644822     
   10.9026800000000        796.941502277258     
   10.9128800000000        807.594127409716     
   10.9230800000000        825.119092194991     
   10.9332800000000        845.778409652915     
   10.9434700000000        863.923162540789     
   10.9536600000000        878.832295549859     
   10.9638500000000        886.838801538111     
   10.9740400000000        878.098937893120     
   10.9842200000000        857.270460992429     
   10.9943900000000        837.515449658834     
   11.0045700000000        824.650109839158     
   11.0147400000000        820.590273598882     
   11.0249100000000        822.633867627372     
   11.0350700000000        824.480966450692     
   11.0452300000000        823.333018823322     
   11.0553900000000        822.847897189034     
   11.0655500000000        827.802317790724     
   11.0757000000000        839.670880699739     
   11.0858500000000        855.755180980680     
   11.0960000000000        871.025837163779     
   11.1061400000000        879.151928394367     
   11.1162800000000        878.410341195242     
   11.1264200000000        875.088364502883     
   11.1365500000000        878.078803612893     
   11.1466800000000        887.260339131148     
   11.1568100000000        895.350002959671     
   11.1669300000000        901.689282605837     
   11.1770500000000        908.745109281656     
   11.1871700000000        914.181859659434     
   11.1972800000000        915.983326554312     
   11.2073900000000        914.901685029512     
   11.2175000000000        909.066348279813     
   11.2276100000000        904.727971079160     
   11.2377100000000        911.698003226636     
   11.2478100000000        931.720831620663     
   11.2579000000000        956.630631963837     
   11.2679900000000        975.099410931853     
   11.2780800000000        984.537417301743     
   11.2881700000000        990.050777890242     
   11.2982500000000        996.060655095191     
   11.3083300000000        1007.61205722867     
   11.3184100000000        1024.86874705272     
   11.3284800000000        1039.72795362865     
   11.3385500000000        1048.61770514436     
   11.3486200000000        1055.99621680936     
   11.3586800000000        1067.02042010024     
   11.3687400000000        1083.04330672673     
   11.3788000000000        1098.96823897914     
   11.3888500000000        1111.52280103238     
   11.3989000000000        1121.11634063599     
   11.4089500000000        1127.66904761806     
   11.4189900000000        1132.69423344892     
   11.4290400000000        1138.73874874660     
   11.4390700000000        1145.27672352581     
   11.4491100000000        1149.03124764280     
   11.4591400000000        1153.00829254538     
   11.4691700000000        1161.87180200317     
   11.4792000000000        1174.12114269515     
   11.4892200000000        1184.89921344674     
   11.4992400000000        1193.22286069082     
   11.5092500000000        1199.21051878915     
   11.5192700000000        1201.23225189218     
   11.5292800000000        1201.96168285065     
   11.5392800000000        1205.81628913336     
   11.5492900000000        1212.87550350769     
   11.5592900000000        1219.96206763950     
   11.5692800000000        1224.71543410522     
   11.5792800000000        1230.48364656266     
   11.5892700000000        1239.53356030023     
   11.5992600000000        1247.87575289487     
   11.6092400000000        1254.00338467755     
   11.6192200000000        1258.96677196258     
   11.6292000000000        1262.46119398896     
   11.6391700000000        1264.65026193664     
   11.6491500000000        1265.64797190053     
   11.6591200000000        1268.25643336364     
   11.6690800000000        1274.60836740731     
   11.6790400000000        1282.03506258776     
   11.6890000000000        1286.43869269067     
   11.6989600000000        1286.72818709033     
   11.7089100000000        1286.77087195007     
   11.7188600000000        1288.93087500693     
   11.7288100000000        1289.95440007723     
   11.7387500000000        1287.93667047084     
   11.7486900000000        1283.36835572436     
   11.7586300000000        1273.30185164777     
   11.7685600000000        1257.14135432007     
   11.7784900000000        1237.28534513773     
   11.7884200000000        1212.20779763163     
   11.7983400000000        1188.45365159220     
   11.8082600000000        1177.68254045498     
   11.8181800000000        1180.53146398022     
   11.8281000000000        1188.62385280573     
   11.8380100000000        1191.77611299524     
   11.8479200000000        1185.15378035733     
   11.8578200000000        1171.61329307480     
   11.8677200000000        1155.99487737430     
   11.8776200000000        1140.62437915358     
   11.8875200000000        1125.47396869894     
   11.8974100000000        1111.87937958560     
   11.9073000000000        1101.18592492592     
   11.9171900000000        1092.80042497044     
   11.9270700000000        1085.17393124408     
   11.9369500000000        1078.83530270996     
   11.9468300000000        1074.90232069664     
   11.9567000000000        1070.00998342581     
   11.9665700000000        1059.12431387812     
   11.9764400000000        1039.92077554081     
   11.9863000000000        1014.72632825009     
   11.9961600000000        991.367918336046     
   12.0060200000000        976.824601851528     
   12.0158700000000        970.992306816413     
   12.0257300000000        970.674377032783     
   12.0355700000000        975.855349312843     
   12.0454200000000        987.831305881617     
   12.0552600000000        1005.46602087740     
   12.0651000000000        1026.43810899579     
   12.0749400000000        1048.78869154300     
   12.0847700000000        1069.28505362601     
   12.0946000000000        1086.16219892233     
   12.1044200000000        1099.20827143380     
   12.1142500000000        1107.16020148742     
   12.1240700000000        1112.40205229389     
   12.1338800000000        1120.73169669873     
   12.1437000000000        1136.51265345650     
   12.1535100000000        1160.14677246477     
   12.1633100000000        1186.05419692235     
   12.1731200000000        1208.65690419380     
   12.1829200000000        1227.57601218558     
   12.1927200000000        1243.16057110577     
   12.2025100000000        1257.24518218869     
   12.2123000000000        1270.97699148527     
   12.2220900000000        1280.62670004559     
   12.2318700000000        1285.45273763438     
   12.2416600000000        1289.32068925292     
   12.2514300000000        1292.65633258601     
   12.2612100000000        1294.36912787340     
   12.2709800000000        1297.76354141368     
   12.2807500000000        1306.34852327057     
   12.2905200000000        1317.82175601710     
   12.3002800000000        1329.96371474148     
   12.3100400000000        1343.48437811697     
   12.3198000000000        1355.27956848000     
   12.3295500000000        1358.54010118832     
   12.3393000000000        1353.19365912128     
   12.3490500000000        1347.31464598993     
   12.3587900000000        1346.50420709966     
   12.3685300000000        1349.07282636113     
   12.3782700000000        1349.73323046489     
   12.3880000000000        1347.32155127932     
   12.3977300000000        1346.28686558984     
   12.4074600000000        1349.32423005720     
   12.4171800000000        1353.92720141055     
   12.4269100000000        1355.81857056189     
   12.4366200000000        1352.87800993525     
   12.4463400000000        1344.60863047378     
   12.4560500000000        1328.64673798712     
   12.4657600000000        1302.40114599753     
   12.4754700000000        1267.87284639717     
   12.4851700000000        1233.33664179018     
   12.4948700000000        1207.13408232929     
   12.5045600000000        1193.57904255162     
   12.5142600000000        1192.63664852406     
   12.5239500000000        1200.17128443357     
   12.5336300000000        1209.19988474336     
   12.5433200000000        1213.69497609295     
   12.5530000000000        1211.90381030558     
   12.5626800000000        1205.99328272558     
   12.5723500000000        1199.29457980758     
   12.5820200000000        1194.38884939319     
   12.5916900000000        1192.37295234878     
   12.6013500000000        1192.03946146218     
   12.6110100000000        1192.64423273616     
   12.6206700000000        1195.64530311199     
   12.6303300000000        1200.39602858452     
   12.6399800000000        1204.57748126014     
   12.6496300000000        1206.23641153866     
   12.6592700000000        1201.69220418285     
   12.6689200000000        1188.10555726093     
   12.6785500000000        1169.89542741487     
   12.6881900000000        1156.14193122920     
   12.6978200000000        1153.40948879412     
   12.7074500000000        1164.19546722556     
   12.7170800000000        1187.29453130812     
   12.7267000000000        1217.67093135998     
   12.7363200000000        1248.43312469977     
   12.7459400000000        1273.31315475494     
   12.7555500000000        1288.01571806708     
   12.7651600000000        1291.27867660829     
   12.7747700000000        1284.95597226642     
   12.7843800000000        1273.31072735793     
   12.7939800000000        1262.80230170542     
   12.8035800000000        1259.19749624871     
   12.8131700000000        1263.82245253233     
   12.8227600000000        1273.01075574827     
   12.8323500000000        1282.12744322718     
   12.8419400000000        1289.87942189977     
   12.8515200000000        1297.13006288365     
   12.8611000000000        1304.35459383514     
   12.8706700000000        1311.76314708911     
   12.8802500000000        1319.73538852455     
   12.8898100000000        1328.10474816593     
   12.8993800000000        1336.61549214443     
   12.9089400000000        1346.90066269144     
   12.9185000000000        1361.57789184809     
   12.9280600000000        1380.98790215628     
   12.9376100000000        1401.88669201110     
   12.9471700000000        1419.92312543254     
   12.9567100000000        1433.41666056036     
   12.9662600000000        1443.98042500703     
   12.9758000000000        1453.04073820700     
   12.9853400000000        1460.66984787512     
   12.9948700000000        1467.02279901791     
   13.0044000000000        1471.27645976419     
   13.0139300000000        1471.31191545813     
   13.0234600000000        1467.24644091957     
   13.0329800000000        1462.35350673115     
   13.0425000000000        1458.97295280637     
   13.0520100000000        1457.17838835968     
   13.0615200000000        1456.82314466507     
   13.0710300000000        1458.87649151812     
   13.0805400000000        1464.92179901001     
   13.0900400000000        1476.13275952414     
   13.0995400000000        1493.64862632719     
   13.1090400000000        1518.42884413803     
   13.1185300000000        1549.04314152097     
   13.1280200000000        1581.01846721739     
   13.1375100000000        1609.51096826529     
   13.1469900000000        1631.82307016680     
   13.1564700000000        1647.78468351055     
   13.1659500000000        1659.00301483750     
   13.1754300000000        1667.69925393013     
   13.1849000000000        1675.66775277801     
   13.1943700000000        1684.06795371891     
   13.2038300000000        1694.09179675748     
   13.2132900000000        1706.37803914429     
   13.2227500000000        1718.42449680472     
   13.2322100000000        1725.36661146477     
   13.2416600000000        1723.88983548384     
   13.2511100000000        1714.63214622402     
   13.2605500000000        1701.75086478677     
   13.2700000000000        1689.98545935777     
   13.2794400000000        1682.20072665416     
   13.2888700000000        1678.29807432129     
   13.2983100000000        1675.56624340658     
   13.3077400000000        1670.22635978151     
   13.3171600000000        1661.03161078448     
   13.3265900000000        1650.71428899926     
   13.3360100000000        1642.55427601162     
   13.3454300000000        1637.01517599681     
   13.3548400000000        1631.83734364904     
   13.3642500000000        1624.59505290567     
   13.3736600000000        1615.02822483986     
   13.3830600000000        1604.47708965647     
   13.3924700000000        1595.14754385595     
   13.4018600000000        1590.14379933279     
   13.4112600000000        1590.21001984257     
   13.4206500000000        1591.87364630966     
   13.4300400000000        1591.97282968149     
   13.4394300000000        1591.16897397051     
   13.4488100000000        1591.30675309041     
   13.4581900000000        1592.56013782487     
   13.4675600000000        1593.73392371693     
   13.4769400000000        1593.68637005539     
   13.4863100000000        1593.09027255637     
   13.4956700000000        1595.11906603931     
   13.5050400000000        1602.52392008429     
   13.5144000000000        1613.78194403541     
   13.5237600000000        1623.19935359543     
   13.5331100000000        1624.79542754812     
   13.5424600000000        1616.79038862642     
   13.5518100000000        1602.06365504784     
   13.5611500000000        1585.64505036472     
   13.5704900000000        1572.55224580768     
   13.5798300000000        1566.31078804489     
   13.5891700000000        1567.94965309589     
   13.5985000000000        1575.94814232765     
   13.6078300000000        1587.67500852775     
   13.6171500000000        1601.37263783568     
   13.6264800000000        1616.35068784853     
   13.6358000000000        1631.50509573014     
   13.6451100000000        1645.10207436220     
   13.6544200000000        1655.78947483829     
   13.6637300000000        1663.30397240452     
   13.6730400000000        1668.48244577108     
   13.6823400000000        1672.63244834029     
   13.6916400000000        1676.85657116985     
   13.7009400000000        1681.65634643595     
   13.7102400000000        1686.26228979297     
   13.7195300000000        1689.04961818710     
   13.7288100000000        1689.53365457372     
   13.7381000000000        1689.00428335258     
   13.7473800000000        1688.51141435468     
   13.7566600000000        1686.91275166885     
   13.7659300000000        1681.96870244146     
   13.7752000000000        1673.53842850562     
   13.7844700000000        1664.73201649044     
   13.7937400000000        1659.78133150561     
   13.8030000000000        1661.78296657752     
   13.8122600000000        1672.05789304850     
   13.8215200000000        1690.29188605153     
   13.8307700000000        1714.97107299588     
   13.8400200000000        1744.17812403746     
   13.8492600000000        1775.86098971223     
   13.8585100000000        1807.32499805550     
   13.8677500000000        1834.67824576333     
   13.8769800000000        1854.56178592879     
   13.8862200000000        1865.84037469145     
   13.8954500000000        1869.74778084174     
   13.9046800000000        1868.74440013843     
   13.9139000000000        1865.04104861112     
   13.9231200000000        1859.89043004592     
   13.9323400000000        1853.59850020849     
   13.9415500000000        1846.71652940474     
   13.9507700000000        1841.71307133274     
   13.9599700000000        1842.34914707057     
   13.9691800000000        1850.31020755615     
   13.9783800000000        1863.32466545007     
   13.9875800000000        1876.89520692773     
   13.9967800000000        1887.15033259783     
   14.0059700000000        1893.00211335230     
   14.0151600000000        1896.65736882279     
   14.0243400000000        1901.17251173882     
   14.0335300000000        1907.78288824242     
   14.0427100000000        1915.79740097468     
   14.0518800000000        1923.51555222198     
   14.0610600000000        1928.40559640237     
   14.0702300000000        1927.39588318380     
   14.0794000000000        1918.46651040568     
   14.0885600000000        1902.35452704374     
   14.0977200000000        1882.18382904044     
   14.1068800000000        1861.84177633627     
   14.1160300000000        1844.64963090410     
   14.1251800000000        1831.95647255963     
   14.1343300000000        1822.40252042270     
   14.1434800000000        1813.14194873722     
   14.1526200000000        1802.35944426351     
   14.1617600000000        1790.12855083257     
   14.1708900000000        1777.23246524494     
   14.1800300000000        1764.45925988183     
   14.1891500000000        1753.46642089416     
   14.1982800000000        1746.39926848138     
   14.2074000000000        1744.19431989550     
   14.2165200000000        1745.47524767993     
   14.2256400000000        1747.76807217737     
   14.2347500000000        1749.63008959958     
   14.2438600000000        1751.88462570791     
   14.2529700000000        1757.26973429224     
   14.2620700000000        1768.92633937590     
   14.2711800000000        1788.95007007942     
   14.2802700000000        1817.65937105102     
   14.2893700000000        1853.87266027013     
   14.2984600000000        1894.47072708117     
   14.3075500000000        1935.03767594798     
   14.3166300000000        1971.55640945030     
   14.3257100000000        2002.75441849304     
   14.3347900000000        2029.46353511483     
   14.3438700000000        2051.78101042557     
   14.3529400000000        2067.80689765612     
   14.3620100000000        2075.33596438520     
   14.3710700000000        2073.42808053722     
   14.3801400000000        2062.43236136331     
   14.3892000000000        2043.64343973257     
   14.3982500000000        2019.02289508431     
   14.4073100000000        1990.55275718488     
   14.4163600000000        1960.20941914928     
   14.4254000000000        1930.23217603300     
   14.4344500000000        1903.05023875777     
   14.4434900000000        1880.66298616823     
   14.4525200000000        1863.67674883001     
   14.4615600000000        1851.15755580328     
   14.4705900000000        1841.50192500099     
   14.4796200000000        1833.63841086349     
   14.4886400000000        1827.28862359244     
   14.4976600000000        1822.00504590617     
   14.5066800000000        1816.82252891263     
   14.5157000000000        1810.64055755177     
   14.5247100000000        1802.67870787365     
   14.5337200000000        1792.98182974027     
   14.5427200000000        1782.92226251386     
   14.5517300000000        1774.90780203937     
   14.5607300000000        1771.63281320984     
   14.5697200000000        1774.93184892309     
   14.5787100000000        1784.67635584198     
   14.5877000000000        1798.45140683742     
   14.5966900000000        1812.58855387473     
   14.6056700000000        1824.04575222597     
   14.6146600000000        1832.15543457913     
   14.6236300000000        1838.53379835977     
   14.6326100000000        1845.06502472423     
   14.6415800000000        1851.75240309883     
   14.6505400000000        1857.19318430158     
   14.6595100000000        1860.58752069891     
   14.6684700000000        1862.21975068222     
   14.6774300000000        1862.23997508839     
   14.6863800000000        1860.36337922541     
   14.6953400000000        1857.01051944634     
   14.7042800000000        1853.56286779721     
   14.7132300000000        1851.22188853231     
   14.7221700000000        1850.35255075500     
   14.7311100000000        1850.64126583236     
   14.7400500000000        1851.40854071348     
   14.7489800000000        1851.41753759571     
   14.7579100000000        1848.35222223003     
   14.7668400000000        1839.30213372549     
   14.7757600000000        1822.66808335127     
   14.7846800000000        1799.35860392835     
   14.7936000000000        1772.24218280916     
   14.8025100000000        1744.79437633952     
   14.8114200000000        1720.02448742096     
   14.8203300000000        1700.36192351215     
   14.8292300000000        1687.62300697790     
   14.8381300000000        1682.52619064249     
   14.8470300000000        1684.37379080406     
   14.8559300000000        1691.39576038149     
   14.8648200000000        1701.55507567982     
   14.8737100000000        1713.05667725327     
   14.8825900000000        1724.14256470035     
   14.8914700000000        1733.01704019419     
   14.9003500000000        1738.28669030188     
   14.9092300000000        1739.42598699049     
   14.9181000000000        1736.52133318425     
   14.9269700000000        1729.70845924714     
   14.9358400000000        1719.04654422163     
   14.9447000000000        1704.76554314316     
   14.9535600000000        1687.36396445261     
   14.9624200000000        1667.67398119758     
   14.9712700000000        1646.89656899192     
   14.9801200000000        1626.49823088689     
   14.9889700000000        1608.11607292626     
   14.9978100000000        1593.20150399449     
   15.0066500000000        1582.59279733152     
   15.0154900000000        1576.40633846946     
   15.0243300000000        1573.93391357116     
   15.0331600000000        1573.61865077596     
   15.0419900000000        1573.42859624128     
   15.0508100000000        1571.63829596623     
   15.0596300000000        1567.43224090693     
   15.0684500000000        1560.93721570186     
   15.0772700000000        1552.72569084617     
   15.0860800000000        1543.20868176451     
   15.0948900000000        1532.48706242300     
   15.1037000000000        1520.95993170793     
   15.1125000000000        1509.82920361015     
   15.1213000000000        1500.56060284781     
   15.1301000000000        1493.88638271663     
   15.1388900000000        1489.54983933158     
   15.1476800000000        1487.02843001842     
   15.1564700000000        1486.19516661081     
   15.1652500000000        1487.20660540314     
   15.1740300000000        1490.09838097759     
   15.1828100000000        1494.58301109343     
   15.1915800000000        1500.03861685911     
   15.2003500000000        1505.55049713765     
   15.2091200000000        1509.86367834565     
   15.2178900000000        1511.46201559236     
   15.2266500000000        1508.95705780777     
   15.2354100000000        1501.62894030142     
   15.2441600000000        1489.61711391611     
   15.2529200000000        1473.37367641127     
   15.2616700000000        1453.16913884558     
   15.2704100000000        1429.14242174986     
   15.2791500000000        1402.14112482379     
   15.2878900000000        1374.33813768485     
   15.2966300000000        1348.62285168502     
   15.3053600000000        1327.26587164856     
   15.3140900000000        1310.92232533943     
   15.3228200000000        1298.85560483169     
   15.3315400000000        1289.81894589486     
   15.3402600000000        1283.07185281746     
   15.3489800000000        1278.86286396395     
   15.3577000000000        1277.91160344348     
   15.3664100000000        1280.40959557358     
   15.3751200000000        1285.41233917405     
   15.3838200000000        1291.11873997785     
   15.3925200000000        1295.67621166449     
   15.4012200000000        1297.63657899650     
   15.4099200000000        1296.05348221277     
   15.4186100000000        1290.63438197192     
   15.4273000000000        1281.90203903130     
   15.4359800000000        1271.11252987928     
   15.4446700000000        1259.83195715502     
   15.4533400000000        1249.63135931950     
   15.4620200000000        1241.59775745191     
   15.4706900000000        1236.15403853275     
   15.4793600000000        1232.80883865407     
   15.4880300000000        1230.30919168035     
   15.4966900000000        1227.08954271519     
   15.5053500000000        1221.96385968807     
   15.5140100000000        1214.72875229650     
   15.5226700000000        1206.27362853236     
   15.5313200000000        1198.12629958832     
   15.5399600000000        1191.64460919178     
   15.5486100000000        1187.39179891866     
   15.5572500000000        1185.03547547031     
   15.5658900000000        1183.56086680922     
   15.5745200000000        1181.65668483802     
   15.5831600000000        1178.05130057693     
   15.5917900000000        1171.86193413794     
   15.6004100000000        1162.82810698136     
   15.6090300000000        1151.33282681144     
   15.6176500000000        1138.19112852451     
   15.6262700000000        1124.29164244837     
   15.6348800000000        1110.37637278877     
   15.6434900000000        1096.96829329911     
   15.6521000000000        1084.53301010399     
   15.6607000000000        1073.57719006030     
   15.6693000000000        1064.59073575518     
   15.6779000000000        1057.97175229495     
   15.6864900000000        1053.89164082355     
   15.6950800000000        1052.13494274040     
   15.7036700000000        1051.93871809518     
   15.7122600000000        1052.00392885237     
   15.7208400000000        1050.95497688345     
   15.7294100000000        1048.02369357849     
   15.7379900000000        1043.45662323606     
   15.7465600000000        1038.43638286943     
   15.7551300000000        1034.46314026806     
   15.7637000000000        1032.62895926905     
   15.7722600000000        1033.13068448736     
   15.7808200000000        1035.28829553107     
   15.7893700000000        1037.90257599836     
   15.7979300000000        1039.63492861683     
   15.8064700000000        1039.24780714039     
   15.8150200000000        1035.86376710968     
   15.8235600000000        1029.28520581136     
   15.8321000000000        1020.21657764417     
   15.8406400000000        1010.14258883374     
   15.8491800000000        1000.76292707347     
   15.8577100000000        993.372448467969     
   15.8662300000000        988.552332367652     
   15.8747600000000        986.262029765385     
   15.8832800000000        986.073721343118     
   15.8918000000000        987.390603675370     
   15.9003100000000        989.715958370398     
   15.9088200000000        992.814447601300     
   15.9173300000000        996.656439226210     
   15.9258400000000        1001.25412454997     
   15.9343400000000        1006.51535487903     
   15.9428400000000        1012.14970829122     
   15.9513300000000        1017.52655559610     
   15.9598300000000        1021.65481569991     
   15.9683100000000        1023.29739852877     
   15.9768000000000        1021.39978160463     
   15.9852800000000        1015.50547581821     
   15.9937600000000        1005.97901148283     
   16.0022400000000        993.866203831016     
   16.0107100000000        980.516250958273     
   16.0191800000000        967.160729967557     
   16.0276500000000        954.745107479280     
   16.0361200000000        943.773209612145     
   16.0445800000000        934.192773610923     
   16.0530300000000        925.378860848077     
   16.0614900000000        916.395598513353     
   16.0699400000000        906.530215477362     
   16.0783900000000        895.669737314144     
   16.0868300000000        884.506603949697     
   16.0952800000000        874.199871609282     
   16.1037100000000        865.919776974089     
   16.1121500000000        860.230386720493     
   16.1205800000000        857.042831069486     
   16.1290100000000        855.742515653170     
   16.1374400000000        855.566144410659     
   16.1458600000000        855.835663783284     
   16.1542800000000        855.972994429919     
   16.1627000000000        855.375569565777     
   16.1711100000000        853.337019293811     
   16.1795200000000        849.086990491266     
   16.1879300000000        841.961832310740     
   16.1963300000000        831.679086978170     
   16.2047300000000        818.561321243320     
   16.2131300000000        803.658175226512     
   16.2215200000000        788.557663233616     
   16.2299100000000        774.883329044087     
   16.2383000000000        763.894069425460     
   16.2466900000000        756.195415038765     
   16.2550700000000        751.669329721415     
   16.2634500000000        749.521003205522     
   16.2718200000000        748.521443239804     
   16.2802000000000        747.384885983905     
   16.2885600000000        745.219931348544     
   16.2969300000000        741.768467990481     
   16.3052900000000        737.393375159265     
   16.3136500000000        732.783685188235     
   16.3220100000000        728.660820545496     
   16.3303600000000        725.602730169954     
   16.3387100000000        724.021954872526     
   16.3470600000000        724.245398459990     
   16.3554000000000        726.541818160914     
   16.3637400000000        731.077707954169     
   16.3720800000000        737.766816367646     
   16.3804200000000        746.105573471976     
   16.3887500000000        755.140894998921     
   16.3970700000000        763.684182912744     
   16.4054000000000        770.585679979391     
   16.4137200000000        774.840427475609     
   16.4220400000000        775.709548968091     
   16.4303500000000        772.785672154382     
   16.4386700000000        766.146389624032     
   16.4469700000000        756.476795183484     
   16.4552800000000        744.826518317133     
   16.4635800000000        732.392925107898     
   16.4718800000000        720.060822411131     
   16.4801800000000        708.236743708023     
   16.4884700000000        696.885528605759     
   16.4967600000000        685.757474988150     
   16.5050500000000        674.745851872577     
   16.5133300000000        664.038787932144     
   16.5216100000000        653.996268769119     
   16.5298900000000        644.959462769545     
   16.5381600000000        637.031443413043     
   16.5464300000000        629.978350395331     
   16.5547000000000        623.360025791780     
   16.5629700000000        616.698572364234     
   16.5712300000000        609.624089346665     
   16.5794900000000        601.879485198389     
   16.5877400000000        593.313963286125     
   16.5959900000000        583.811529232223     
   16.6042400000000        573.328029589616     
   16.6124900000000        561.906986575530     
   16.6207300000000        549.711605742812     
   16.6289700000000        536.990916249824     
   16.6372000000000        524.125304074051     
   16.6454400000000        511.490883146705     
   16.6536700000000        499.494143507743     
   16.6618900000000        488.449043516169     
   16.6701200000000        478.601815844098     
   16.6783400000000        470.203196164536     
   16.6865500000000        463.378884835496     
   16.6947700000000        458.087286135176     
   16.7029800000000        454.138244334440     
   16.7111900000000        451.170401528722     
   16.7193900000000        448.731630592906     
   16.7275900000000        446.313033078488     
   16.7357900000000        443.411678906933     
   16.7439800000000        439.608076897603     
   16.7521800000000        434.643287550498     
   16.7603600000000        428.543712075623     
   16.7685500000000        421.566846308532     
   16.7767300000000        414.207227305626     
   16.7849100000000        407.004840834021     
   16.7930900000000        400.458457073078     
   16.8012600000000        394.958889962775     
   16.8094300000000        390.748127388495     
   16.8175900000000        387.936534844924     
   16.8257600000000        386.476058799651     
   16.8339200000000        386.204168478573     
   16.8420700000000        386.896899923616     
   16.8502300000000        388.375764178263     
   16.8583800000000        390.558388517005     
   16.8665300000000        393.458839726376     
   16.8746700000000        397.106408830741     
   16.8828100000000        401.480112581271     
   16.8909500000000        406.452300065187     
   16.8990800000000        411.785554548198     
   16.9072100000000        417.182156537145     
   16.9153400000000        422.291010052692     
   16.9234700000000        426.714637013037     
   16.9315900000000        429.998922575858     
   16.9397100000000        431.670524155812     
   16.9478200000000        431.290173058022     
   16.9559400000000        428.548517640951     
   16.9640500000000        423.369308289072     
   16.9721500000000        415.962020979174     
   16.9802600000000        406.780980660865     
   16.9883600000000        396.500255781703     
   16.9964500000000        385.820687067188     
   17.0045500000000        375.342050215198     
   17.0126400000000        365.562345798436     
   17.0207200000000        356.751781716752     
   17.0288100000000        348.962431821740     
   17.0368900000000        342.140619072781     
   17.0449700000000        336.142400963256     
   17.0530400000000        330.855364436188     
   17.0611100000000        326.196516457664     
   17.0691800000000        322.104739459552     
