   7.15970000000000       4.433695133634562E-002
   7.17100000000000       4.388955730650471E-002
   7.18231000000000       4.867096924097827E-002
   7.19360000000000       5.015756415021901E-002
   7.20490000000000       4.874739582928158E-002
   7.21619000000000       4.824079371366188E-002
   7.22748000000000       4.417229005073834E-002
   7.23877000000000       4.422089276802857E-002
   7.25005000000000       4.568157973605053E-002
   7.26133000000000       4.586280274381570E-002
   7.27261000000000       4.570092796455850E-002
   7.28388000000000       4.319683934465904E-002
   7.29515000000000       4.745838903572487E-002
   7.30642000000000       5.517825667286904E-002
   7.31768000000000       6.287236901040062E-002
   7.32894000000000       6.981354259435027E-002
   7.34020000000000       7.073299765693331E-002
   7.35146000000000       6.770985736475495E-002
   7.36271000000000       6.334070322481429E-002
   7.37396000000000       5.948744424543819E-002
   7.38520000000000       5.782292749570793E-002
   7.39644000000000       5.181383200708124E-002
   7.40768000000000       5.045849560102683E-002
   7.41892000000000       5.579783433825877E-002
   7.43015000000000       6.515461604686272E-002
   7.44138000000000       7.433995028941282E-002
   7.45261000000000       8.289163271813177E-002
   7.46383000000000       7.983694792645327E-002
   7.47505000000000       7.460414320689715E-002
   7.48626000000000       7.490689497385025E-002
   7.49748000000000       8.426862596127854E-002
   7.50869000000000       9.028450396835234E-002
   7.51990000000000       9.824912239357864E-002
   7.53110000000000       0.108792002789296     
   7.54230000000000       0.113586031428203     
   7.55350000000000       0.114884935116630     
   7.56469000000000       0.127444528913229     
   7.57588000000000       0.143801376082454     
   7.58707000000000       0.161573551529810     
   7.59826000000000       0.169977231071047     
   7.60944000000000       0.175286352365667     
   7.62062000000000       0.182155969776322     
   7.63179000000000       0.182947749130138     
   7.64296000000000       0.180869386437362     
   7.65413000000000       0.179207104474598     
   7.66530000000000       0.154524226872270     
   7.67646000000000       0.133391285868341     
   7.68762000000000       0.127932431793970     
   7.69878000000000       0.133243087345573     
   7.70993000000000       0.148148536234379     
   7.72108000000000       0.170436163540091     
   7.73223000000000       0.192695605928305     
   7.74337000000000       0.191730360596395     
   7.75451000000000       0.200799564585570     
   7.76565000000000       0.221189748406777     
   7.77678000000000       0.234099830931118     
   7.78791000000000       0.230917859969999     
   7.79904000000000       0.228874472128973     
   7.81017000000000       0.232939014137250     
   7.82129000000000       0.240434759795899     
   7.83241000000000       0.254413911332740     
   7.84352000000000       0.263905560505798     
   7.85463000000000       0.265973144717151     
   7.86574000000000       0.248578385721359     
   7.87685000000000       0.227893496577393     
   7.88795000000000       0.217987909157523     
   7.89905000000000       0.225507821871153     
   7.91015000000000       0.237728938694175     
   7.92124000000000       0.242201761422341     
   7.93233000000000       0.250669997520971     
   7.94342000000000       0.259298207531972     
   7.95450000000000       0.263789899391871     
   7.96558000000000       0.278572100178273     
   7.97666000000000       0.301924838966917     
   7.98773000000000       0.308661427195922     
   7.99880000000000       0.291534104623025     
   8.00987000000000       0.273654376019337     
   8.02093000000000       0.270712604539991     
   8.03200000000000       0.273853032561729     
   8.04305000000000       0.285388065186545     
   8.05411000000000       0.294737344443061     
   8.06516000000000       0.305329020168433     
   8.07621000000000       0.321320287933919     
   8.08726000000000       0.326467087186579     
   8.09830000000000       0.324818902418145     
   8.10934000000000       0.332001974899563     
   8.12037000000000       0.353265117846769     
   8.13141000000000       0.372831031630704     
   8.14244000000000       0.383453119517814     
   8.15346000000000       0.390899221608316     
   8.16449000000000       0.388018300235194     
   8.17551000000000       0.386347084754818     
   8.18652000000000       0.390424781146586     
   8.19754000000000       0.385468192814350     
   8.20855000000000       0.367432159116389     
   8.21955000000000       0.328737913168407     
   8.23056000000000       0.283343466733156     
   8.24156000000000       0.256996478250121     
   8.25256000000000       0.251885157127965     
   8.26355000000000       0.264223579041146     
   8.27454000000000       0.276378911593094     
   8.28553000000000       0.280209766206778     
   8.29652000000000       0.280533366121764     
   8.30750000000000       0.289718767470053     
   8.31848000000000       0.306794407565767     
   8.32946000000000       0.331391930047602     
   8.34043000000000       0.354507227409012     
   8.35140000000000       0.378145334223192     
   8.36236000000000       0.388352493721592     
   8.37333000000000       0.374568409355792     
   8.38429000000000       0.360689833917374     
   8.39524000000000       0.375350164902979     
   8.40620000000000       0.399446335892251     
   8.41715000000000       0.423019580926742     
   8.42810000000000       0.452210025536462     
   8.43904000000000       0.469845882155299     
   8.44998000000000       0.463229025253949     
   8.46092000000000       0.436312468639158     
   8.47185000000000       0.425315732073444     
   8.48278000000000       0.441650579054016     
   8.49371000000000       0.476404776355758     
   8.50464000000000       0.501158521050911     
   8.51556000000000       0.509994798843199     
   8.52648000000000       0.508017638836447     
   8.53739000000000       0.480192841879434     
   8.54831000000000       0.476721176750436     
   8.55922000000000       0.489241324054183     
   8.57012000000000       0.502177147272390     
   8.58103000000000       0.518337903504789     
   8.59193000000000       0.540621740703277     
   8.60282000000000       0.555916109008287     
   8.61372000000000       0.536220974146300     
   8.62461000000000       0.496712273972862     
   8.63549000000000       0.469177684797885     
   8.64638000000000       0.475761170513949     
   8.65726000000000       0.496685396405881     
   8.66814000000000       0.547796049295015     
   8.67901000000000       0.620402274284023     
   8.68988000000000       0.658434912983967     
   8.70075000000000       0.666061776065017     
   8.71161000000000       0.692694418069577     
   8.72248000000000       0.725182293019919     
   8.73333000000000       0.738522454678971     
   8.74419000000000       0.731693756483709     
   8.75504000000000       0.697347033384375     
   8.76589000000000       0.658062817854488     
   8.77674000000000       0.620995261785329     
   8.78758000000000       0.604528320285630     
   8.79842000000000       0.588554919845969     
   8.80926000000000       0.576874080701740     
   8.82009000000000       0.579407108541168     
   8.83092000000000       0.607569308902398     
   8.84175000000000       0.650886940590011     
   8.85257000000000       0.689718384876732     
   8.86339000000000       0.676504243214722     
   8.87421000000000       0.644759062231191     
   8.88502000000000       0.642194073733203     
   8.89583000000000       0.643317492707700     
   8.90664000000000       0.620121522820018     
   8.91745000000000       0.580146841941129     
   8.92825000000000       0.585358771443781     
   8.93905000000000       0.631237261400230     
   8.94984000000000       0.664454793456924     
   8.96063000000000       0.678840592534274     
   8.97142000000000       0.703389883972142     
   8.98221000000000       0.747320255329778     
   8.99299000000000       0.798395602483238     
   9.00377000000000       0.827622129446529     
   9.01455000000000       0.817018166758785     
   9.02532000000000       0.821920007966421     
   9.03609000000000       0.848343549690616     
   9.04686000000000       0.842946267810378     
   9.05762000000000       0.788409461902516     
   9.06838000000000       0.707941696437756     
   9.07914000000000       0.638706635479028     
   9.08989000000000       0.621887863916645     
   9.10064000000000       0.677478772411243     
   9.11139000000000       0.808056202006615     
   9.12214000000000       0.959583174718384     
   9.13288000000000        1.06368502812194     
   9.14362000000000        1.11364922486151     
   9.15435000000000        1.26426315490438     
   9.16508000000000        1.44149548859935     
   9.17581000000000        1.52294072062110     
   9.18654000000000        1.51871458310350     
   9.19726000000000        1.43885809020170     
   9.20798000000000        1.42330406354316     
   9.21870000000000        1.52846562799590     
   9.22941000000000        1.70470506797530     
   9.24012000000000        1.77563534957260     
   9.25082000000000        1.72025669884756     
   9.26153000000000        1.66775811764027     
   9.27223000000000        1.64402880352206     
   9.28293000000000        1.64961741753241     
   9.29362000000000        1.62029623955828     
   9.30431000000000        1.62610475297491     
   9.31500000000000        1.65867903656787     
   9.32568000000000        1.61596324805901     
   9.33636000000000        1.57949541206022     
   9.34704000000000        1.55779944028396     
   9.35772000000000        1.54329360929550     
   9.36839000000000        1.49998551626984     
   9.37906000000000        1.46017152896520     
   9.38972000000000        1.52895176385996     
   9.40038000000000        1.66110864804800     
   9.41104000000000        1.81115478116196     
   9.42170000000000        1.95751009175408     
   9.43235000000000        2.08769516857711     
   9.44300000000000        2.27461309585824     
   9.45365000000000        2.48644645396209     
   9.46429000000000        2.73673714817632     
   9.47493000000000        2.91342618328224     
   9.48557000000000        2.89293742936060     
   9.49620000000000        2.80107417544711     
   9.50683000000000        2.80576040051158     
   9.51746000000000        2.96173976041231     
   9.52808000000000        3.01939293166610     
   9.53871000000000        2.88750125467977     
   9.54932000000000        2.66022751942419     
   9.55994000000000        2.46528469631879     
   9.57055000000000        2.43994256332563     
   9.58116000000000        2.59775497675442     
   9.59176000000000        2.85317504245803     
   9.60237000000000        3.02435755419261     
   9.61296000000000        3.06922023288014     
   9.62356000000000        3.19050358016886     
   9.63415000000000        3.32603656128356     
   9.64474000000000        3.33984030268134     
   9.65533000000000        3.29737450817762     
   9.66591000000000        3.21682607037507     
   9.67649000000000        3.11401751162600     
   9.68707000000000        2.94496394346680     
   9.69764000000000        2.66394681657755     
   9.70821000000000        2.52045827764289     
   9.71878000000000        2.56428055106200     
   9.72934000000000        2.69729102159097     
   9.73990000000000        2.85687587181349     
   9.75046000000000        2.94228025287323     
   9.76102000000000        3.10281654773747     
   9.77157000000000        3.41627707765899     
   9.78212000000000        3.71919527089712     
   9.79266000000000        3.98759166123145     
   9.80320000000000        4.19717606000795     
   9.81374000000000        4.32611465544511     
   9.82428000000000        4.49006757351000     
   9.83481000000000        4.64292501261035     
   9.84534000000000        4.74291213829785     
   9.85586000000000        4.75854925767127     
   9.86639000000000        4.50459119902467     
   9.87691000000000        4.09479761900274     
   9.88742000000000        3.70672113409652     
   9.89794000000000        3.38702450293207     
   9.90845000000000        3.17392729137435     
   9.91895000000000        3.00947676474305     
   9.92946000000000        2.79130576258251     
   9.93996000000000        2.58343939856000     
   9.95046000000000        2.48508538465060     
   9.96095000000000        2.50579173246635     
   9.97144000000000        2.53538097138214     
   9.98193000000000        2.52616652403011     
   9.99242000000000        2.51610447392775     
   10.0029000000000        2.51962648108905     
   10.0133800000000        2.49458668719879     
   10.0238500000000        2.47152330548129     
   10.0343200000000        2.48720344129198     
   10.0447900000000        2.55243206620393     
   10.0552600000000        2.66162953927324     
   10.0657200000000        2.72013529716242     
   10.0761800000000        2.69048729428394     
   10.0866400000000        2.67139004162658     
   10.0970900000000        2.69795007945323     
   10.1075400000000        2.82857928258315     
   10.1179900000000        3.06331995325041     
   10.1284300000000        3.31501806270674     
   10.1388700000000        3.55798062742178     
   10.1493100000000        3.75725437936661     
   10.1597400000000        3.94645566876541     
   10.1701700000000        4.18253498920160     
   10.1806000000000        4.42695111922925     
   10.1910300000000        4.53867397810370     
   10.2014500000000        4.50619703611179     
   10.2118700000000        4.35624607365261     
   10.2222800000000        4.17085231125546     
   10.2326900000000        4.02664060859421     
   10.2431000000000        3.99485947549851     
   10.2535100000000        4.05205231383891     
   10.2639100000000        4.12068836059672     
   10.2743100000000        4.14700258487867     
   10.2847100000000        4.12069725381593     
   10.2951000000000        4.07093716618451     
   10.3054900000000        3.98678180123872     
   10.3158800000000        3.87817400300276     
   10.3262600000000        3.72197057943490     
   10.3366400000000        3.54130791911928     
   10.3470200000000        3.42781167161741     
   10.3573900000000        3.39403638392183     
   10.3677600000000        3.38309290734339     
   10.3781300000000        3.36077232904370     
   10.3884900000000        3.32187582593066     
   10.3988600000000        3.25892330720792     
   10.4092100000000        3.23333158180515     
   10.4195700000000        3.26553840145806     
   10.4299200000000        3.32351960593829     
   10.4402700000000        3.39137214340877     
   10.4506100000000        3.49452457580027     
   10.4609600000000        3.64455023987776     
   10.4713000000000        3.88049902918325     
   10.4816300000000        4.18530543614605     
   10.4919600000000        4.47444726579238     
   10.5022900000000        4.67749029460536     
   10.5126200000000        4.78537090886489     
   10.5229400000000        4.89273037878162     
   10.5332600000000        5.04576578978267     
   10.5435800000000        5.22965605970689     
   10.5539000000000        5.40061356554470     
   10.5642100000000        5.42959580500103     
   10.5745100000000        5.22550299050395     
   10.5848200000000        4.82700310490184     
   10.5951200000000        4.31634471512012     
   10.6054200000000        3.78835370428074     
   10.6157100000000        3.33527434067201     
   10.6260000000000        2.95045437210368     
   10.6362900000000        2.58474475927294     
   10.6465800000000        2.20961309576671     
   10.6568600000000        1.85776318986057     
   10.6671400000000        1.58498118979361     
   10.6774100000000        1.41478233374056     
   10.6876900000000        1.33510321203748     
   10.6979600000000        1.32608929522187     
   10.7082200000000        1.37149408687417     
   10.7184900000000        1.47586573527657     
   10.7287500000000        1.62640730665556     
   10.7390000000000        1.78685108593537     
   10.7492600000000        1.94895443702573     
   10.7595100000000        2.09468453833348     
   10.7697500000000        2.20605523531084     
   10.7800000000000        2.31315796018925     
   10.7902400000000        2.46043240711229     
   10.8004800000000        2.59590440331358     
   10.8107100000000        2.64099289972949     
   10.8209400000000        2.59642025000638     
   10.8311700000000        2.46296051324018     
   10.8414000000000        2.26002146457488     
   10.8516200000000        2.06599474422883     
   10.8618400000000        1.91901068087712     
   10.8720500000000        1.81010590861793     
   10.8822700000000        1.72196229740521     
   10.8924800000000        1.64685808905425     
   10.9026800000000        1.60043631958832     
   10.9128800000000        1.58573224619049     
   10.9230800000000        1.60942102387840     
   10.9332800000000        1.65939999120712     
   10.9434700000000        1.69858554459607     
   10.9536600000000        1.69675770166931     
   10.9638500000000        1.66602293557930     
   10.9740400000000        1.63190928520946     
   10.9842200000000        1.59216187231601     
   10.9943900000000        1.53373305383316     
   11.0045700000000        1.45578726578102     
   11.0147400000000        1.36833214476323     
   11.0249100000000        1.29617989720837     
   11.0350700000000        1.25120293497652     
   11.0452300000000        1.22001853320953     
   11.0553900000000        1.18586573142137     
   11.0655500000000        1.13340596013408     
   11.0757000000000        1.07310878660583     
   11.0858500000000        1.02608982995056     
   11.0960000000000        1.00235461467294     
   11.1061400000000       0.999894439755261     
   11.1162800000000        1.01429437528315     
   11.1264200000000        1.06147175435803     
   11.1365500000000        1.16319012155767     
   11.1466800000000        1.31560787839737     
   11.1568100000000        1.47367264087916     
   11.1669300000000        1.57869515192585     
   11.1770500000000        1.61326811758182     
   11.1871700000000        1.61512472419962     
   11.1972800000000        1.64149788365401     
   11.2073900000000        1.71531776221454     
   11.2175000000000        1.81979911080325     
   11.2276100000000        1.93408390884143     
   11.2377100000000        2.03882610408937     
   11.2478100000000        2.11800466767169     
   11.2579000000000        2.18211641224931     
   11.2679900000000        2.25656525907838     
   11.2780800000000        2.35463701673453     
   11.2881700000000        2.48849339886479     
   11.2982500000000        2.65244050981938     
   11.3083300000000        2.82497268184106     
   11.3184100000000        2.97756253551486     
   11.3284800000000        3.08209326197140     
   11.3385500000000        3.17411832626000     
   11.3486200000000        3.29910985451266     
   11.3586800000000        3.42701915904595     
   11.3687400000000        3.52581853631803     
   11.3788000000000        3.59105116261562     
   11.3888500000000        3.61486700373582     
   11.3989000000000        3.62865423411234     
   11.4089500000000        3.65397215032687     
   11.4189900000000        3.65963045966548     
   11.4290400000000        3.61053959368392     
   11.4390700000000        3.46311530460581     
   11.4491100000000        3.23146940743912     
   11.4591400000000        3.03496803521641     
   11.4691700000000        2.95629347010472     
   11.4792000000000        2.99660365694395     
   11.4892200000000        3.10571279546010     
   11.4992400000000        3.19568430633481     
   11.5092500000000        3.21111399634069     
   11.5192700000000        3.17694328867814     
   11.5292800000000        3.14292591187923     
   11.5392800000000        3.15918494248834     
   11.5492900000000        3.26301451076983     
   11.5592900000000        3.47249591929426     
   11.5692800000000        3.75691462476449     
   11.5792800000000        4.05144091217165     
   11.5892700000000        4.32830841501929     
   11.5992600000000        4.60792552953427     
   11.6092400000000        4.87409584001282     
   11.6192200000000        5.08384566056984     
   11.6292000000000        5.24593180547081     
   11.6391700000000        5.42206371582934     
   11.6491500000000        5.68222150224617     
   11.6591200000000        6.06145645601422     
   11.6690800000000        6.48590003048544     
   11.6790400000000        6.83385184859055     
   11.6890000000000        7.09641629550472     
   11.6989600000000        7.34971651541061     
   11.7089100000000        7.64004993431407     
   11.7188600000000        7.96528147007893     
   11.7288100000000        8.30982874878535     
   11.7387500000000        8.67565156215158     
   11.7486900000000        9.05810420515370     
   11.7586300000000        9.42118185624731     
   11.7685600000000        9.75144271310490     
   11.7784900000000        10.0730475521997     
   11.7884200000000        10.3956208132066     
   11.7983400000000        10.6826895317016     
   11.8082600000000        10.8851109339274     
   11.8181800000000        10.9476746832319     
   11.8281000000000        10.8373014424366     
   11.8380100000000        10.5948772080934     
   11.8479200000000        10.3123710586196     
   11.8578200000000        10.0967095422455     
   11.8677200000000        10.0001856628381     
   11.8776200000000        9.97861533427840     
   11.8875200000000        9.95921474634162     
   11.8974100000000        9.91934400442447     
   11.9073000000000        9.81864510629732     
   11.9171900000000        9.58712142928662     
   11.9270700000000        9.23497920944860     
   11.9369500000000        8.87520754387780     
   11.9468300000000        8.65534508542660     
   11.9567000000000        8.64788467384006     
   11.9665700000000        8.77103685729486     
   11.9764400000000        8.86590762250579     
   11.9863000000000        8.84264225747830     
   11.9961600000000        8.70419135160413     
   12.0060200000000        8.49180633290492     
   12.0158700000000        8.29833611332708     
   12.0257300000000        8.23195050517941     
   12.0355700000000        8.32103448703659     
   12.0454200000000        8.53607129382767     
   12.0552600000000        8.84810920790680     
   12.0651000000000        9.21063553752882     
   12.0749400000000        9.57680365515531     
   12.0847700000000        9.94304557522864     
   12.0946000000000        10.3194227588308     
   12.1044200000000        10.6899925071035     
   12.1142500000000        11.0405900021750     
   12.1240700000000        11.3735963274178     
   12.1338800000000        11.7050641515498     
   12.1437000000000        12.0262091071772     
   12.1535100000000        12.2769087916995     
   12.1633100000000        12.4046554267901     
   12.1731200000000        12.4180668091535     
   12.1829200000000        12.3555752500709     
   12.1927200000000        12.2717574004901     
   12.2025100000000        12.2564725666379     
   12.2123000000000        12.3218045792973     
   12.2220900000000        12.3554488544005     
   12.2318700000000        12.2686086198272     
   12.2416600000000        12.0478813079023     
   12.2514300000000        11.6720132634613     
   12.2612100000000        11.1602368964298     
   12.2709800000000        10.6182057265622     
   12.2807500000000        10.1094496072636     
   12.2905200000000        9.61529082731497     
   12.3002800000000        9.10174633367515     
   12.3100400000000        8.55501784329018     
   12.3198000000000        7.95787893180387     
   12.3295500000000        7.30780906508467     
   12.3393000000000        6.67881912247941     
   12.3490500000000        6.18003423613573     
   12.3587900000000        5.84954836166456     
   12.3685300000000        5.63376113913117     
   12.3782700000000        5.45738416392499     
   12.3880000000000        5.30259531911837     
   12.3977300000000        5.21069107904191     
   12.4074600000000        5.20198337769853     
   12.4171800000000        5.24475601821434     
   12.4269100000000        5.29822898710300     
   12.4366200000000        5.34647464562359     
   12.4463400000000        5.40480408054109     
   12.4560500000000        5.50477969318443     
   12.4657600000000        5.67047020517425     
   12.4754700000000        5.89266617405947     
   12.4851700000000        6.12053955255572     
   12.4948700000000        6.30808030525665     
   12.5045600000000        6.44442396197521     
   12.5142600000000        6.53724084421570     
   12.5239500000000        6.62751125073005     
   12.5336300000000        6.77190861247333     
   12.5433200000000        6.99449146338006     
   12.5530000000000        7.27787392591331     
   12.5626800000000        7.56344285143667     
   12.5723500000000        7.75170945063027     
   12.5820200000000        7.77507114313912     
   12.5916900000000        7.66288845163076     
   12.6013500000000        7.47910325531206     
   12.6110100000000        7.26666081685328     
   12.6206700000000        7.08148262699775     
   12.6303300000000        6.96286819481777     
   12.6399800000000        6.87151163849882     
   12.6496300000000        6.72852835697937     
   12.6592700000000        6.51330427505261     
   12.6689200000000        6.26428090045248     
   12.6785500000000        6.01675303996609     
   12.6881900000000        5.79011219590167     
   12.6978200000000        5.61076882754425     
   12.7074500000000        5.50271613176151     
   12.7170800000000        5.47390607715543     
   12.7267000000000        5.51245011539584     
   12.7363200000000        5.57898961352038     
   12.7459400000000        5.61317401735089     
   12.7555500000000        5.57611660725102     
   12.7651600000000        5.49122004286103     
   12.7747700000000        5.41562430581321     
   12.7843800000000        5.37412421496640     
   12.7939800000000        5.34534696746692     
   12.8035800000000        5.29472606217868     
   12.8131700000000        5.20024734385422     
   12.8227600000000        5.06308045639111     
   12.8323500000000        4.90278205143650     
   12.8419400000000        4.74514551627343     
   12.8515200000000        4.62033198412692     
   12.8611000000000        4.55782570652506     
   12.8706700000000        4.56946804943968     
   12.8802500000000        4.64467876948579     
   12.8898100000000        4.76711513817162     
   12.8993800000000        4.92309566617925     
   12.9089400000000        5.08836988617907     
   12.9185000000000        5.22239430143861     
   12.9280600000000        5.28976196145947     
   12.9376100000000        5.29201203606665     
   12.9471700000000        5.26490383696207     
   12.9567100000000        5.23680986349318     
   12.9662600000000        5.20440228558440     
   12.9758000000000        5.17169860335172     
   12.9853400000000        5.17535653800311     
   12.9948700000000        5.24918113482129     
   13.0044000000000        5.39451410384546     
   13.0139300000000        5.57955810284903     
   13.0234600000000        5.75793403907150     
   13.0329800000000        5.88893642764804     
   13.0425000000000        5.93851681371895     
   13.0520100000000        5.89729172788077     
   13.0615200000000        5.80473439778117     
   13.0710300000000        5.71346436992349     
   13.0805400000000        5.63941978535579     
   13.0900400000000        5.57304481486606     
   13.0995400000000        5.51798870149123     
   13.1090400000000        5.49705571932395     
   13.1185300000000        5.51981394364466     
   13.1280200000000        5.55553958071823     
   13.1375100000000        5.56005344890936     
   13.1469900000000        5.51503831122972     
   13.1564700000000        5.42397279901276     
   13.1659500000000        5.29293141873206     
   13.1754300000000        5.13445607004840     
   13.1849000000000        4.96976757221759     
   13.1943700000000        4.81526343913456     
   13.2038300000000        4.66933297388082     
   13.2132900000000        4.51629553113098     
   13.2227500000000        4.35064833087974     
   13.2322100000000        4.18346580271103     
   13.2416600000000        4.02420979690100     
   13.2511100000000        3.87246194987721     
   13.2605500000000        3.72768220470152     
   13.2700000000000        3.59103389965794     
   13.2794400000000        3.46853368716858     
   13.2888700000000        3.37394559749478     
   13.2983100000000        3.31971974856580     
   13.3077400000000        3.30493262796781     
   13.3171600000000        3.30821611950680     
   13.3265900000000        3.29403177168438     
   13.3360100000000        3.24151824178743     
   13.3454300000000        3.16329806185417     
   13.3548400000000        3.08463752910934     
   13.3642500000000        3.01638029082805     
   13.3736600000000        2.95020635853850     
   13.3830600000000        2.87529749574640     
   13.3924700000000        2.79444256847859     
   13.4018600000000        2.71752528087362     
   13.4112600000000        2.64771367837280     
   13.4206500000000        2.58367657523554     
   13.4300400000000        2.52565886023980     
   13.4394300000000        2.47558430521785     
   13.4488100000000        2.43531870302653     
   13.4581900000000        2.40842509149014     
   13.4675600000000        2.39813991099811     
   13.4769400000000        2.40064379185431     
   13.4863100000000        2.40686960082614     
   13.4956700000000        2.41281910435343     
   13.5050400000000        2.42256064314527     
   13.5144000000000        2.43998877325464     
   13.5237600000000        2.46259126184405     
   13.5331100000000        2.48296532040393     
   13.5424600000000        2.49484541843403     
   13.5518100000000        2.49979755776911     
   13.5611500000000        2.50756297874106     
   13.5704900000000        2.52892124266276     
   13.5798300000000        2.56914215443010     
   13.5891700000000        2.62516754617573     
   13.5985000000000        2.68884197044314     
   13.6078300000000        2.75451669475488     
   13.6171500000000        2.81971719481656     
   13.6264800000000        2.87834448531530     
   13.6358000000000        2.91829142261976     
   13.6451100000000        2.92982606372711     
   13.6544200000000        2.91352173683957     
   13.6637300000000        2.88357998687608     
   13.6730400000000        2.86044455819318     
   13.6823400000000        2.85785007537774     
   13.6916400000000        2.87843192561461     
   13.7009400000000        2.91593697664582     
   13.7102400000000        2.95993932296873     
   13.7195300000000        3.00357010722431     
   13.7288100000000        3.04679547754801     
   13.7381000000000        3.08881852300018     
   13.7473800000000        3.12207694910134     
   13.7566600000000        3.13592394664031     
   13.7659300000000        3.12045298038541     
   13.7752000000000        3.07344466885345     
   13.7844700000000        3.00482203142873     
   13.7937400000000        2.92722821058054     
   13.8030000000000        2.84678462400574     
   13.8122600000000        2.76663714829506     
   13.8215200000000        2.69153714671072     
   13.8307700000000        2.62477700423782     
   13.8400200000000        2.56681130531628     
   13.8492600000000        2.51882011986011     
   13.8585100000000        2.48321286756915     
   13.8677500000000        2.46124434434754     
   13.8769800000000        2.45085013392196     
   13.8862200000000        2.44791919543468     
   13.8954500000000        2.44842369910380     
   13.9046800000000        2.45029907061126     
   13.9139000000000        2.45485351896169     
   13.9231200000000        2.46461708276501     
   13.9323400000000        2.47937584371278     
   13.9415500000000        2.49540417278082     
   13.9507700000000        2.50903253163119     
   13.9599700000000        2.52103136317058     
   13.9691800000000        2.53660133094195     
   13.9783800000000        2.55976076966210     
   13.9875800000000        2.59037108622897     
   13.9967800000000        2.62691993456501     
   14.0059700000000        2.66924598018949     
   14.0151600000000        2.71884743228329     
   14.0243400000000        2.77962264742440     
   14.0335300000000        2.85736439990206     
   14.0427100000000        2.95441171883557     
   14.0518800000000        3.06875172241246     
   14.0610600000000        3.19916030274587     
   14.0702300000000        3.34470232807273     
   14.0794000000000        3.49795174854479     
   14.0885600000000        3.64068339691153     
   14.0977200000000        3.75135329192438     
   14.1068800000000        3.81603183784045     
   14.1160300000000        3.83837020740295     
   14.1251800000000        3.84248742322768     
   14.1343300000000        3.86537462464270     
   14.1434800000000        3.94234451625879     
   14.1526200000000        4.09502819489056     
   14.1617600000000        4.32852694193948     
   14.1708900000000        4.63311614782799     
   14.1800300000000        4.98662681500673     
   14.1891500000000        5.34614647228707     
   14.1982800000000        5.65137495107474     
   14.2074000000000        5.84304732964665     
   14.2165200000000        5.90282893544587     
   14.2256400000000        5.86536705068280     
   14.2347500000000        5.79016906073453     
   14.2438600000000        5.71971177336719     
   14.2529700000000        5.66450425378434     
   14.2620700000000        5.62122380872792     
   14.2711800000000        5.59631262319034     
   14.2802700000000        5.60164265259032     
   14.2893700000000        5.63023847498683     
   14.2984600000000        5.65394186380702     
   14.3075500000000        5.65025332800389     
   14.3166300000000        5.62398312632269     
   14.3257100000000        5.59507114118785     
   14.3347900000000        5.56590947172830     
   14.3438700000000        5.50956928350781     
   14.3529400000000        5.39544663750998     
   14.3620100000000        5.22023459016481     
   14.3710700000000        5.01056677087769     
   14.3801400000000        4.80431192246259     
   14.3892000000000        4.63733703903749     
   14.3982500000000        4.53309095087143     
   14.4073100000000        4.49727350383937     
   14.4163600000000        4.51582278004477     
   14.4254000000000        4.55689145925479     
   14.4344500000000        4.58162194404416     
   14.4434900000000        4.56242471326378     
   14.4525200000000        4.49677015357432     
   14.4615600000000        4.40210944205079     
   14.4705900000000        4.30156861168586     
   14.4796200000000        4.21029996738374     
   14.4886400000000        4.13144440544117     
   14.4976600000000        4.06296576227746     
   14.5066800000000        4.00868652127968     
   14.5157000000000        3.97953357994690     
   14.5247100000000        3.98607363723649     
   14.5337200000000        4.03200769307663     
   14.5427200000000        4.11246233006884     
   14.5517300000000        4.21620745541257     
   14.5607300000000        4.33033773550459     
   14.5697200000000        4.44851695127544     
   14.5787100000000        4.57598059279799     
   14.5877000000000        4.72827604201520     
   14.5966900000000        4.92438865531688     
   14.6056700000000        5.17759356785567     
   14.6146600000000        5.49246124763641     
   14.6236300000000        5.86308780694814     
   14.6326100000000        6.27716385671273     
   14.6415800000000        6.71094184716199     
   14.6505400000000        7.13804471516554     
   14.6595100000000        7.54003498868774     
   14.6684700000000        7.90830996216084     
   14.6774300000000        8.24614543604647     
   14.6863800000000        8.56353316461143     
   14.6953400000000        8.86975430065769     
   14.7042800000000        9.15798413017207     
   14.7132300000000        9.40727219182588     
   14.7221700000000        9.59438846410873     
   14.7311100000000        9.71643204247997     
   14.7400500000000        9.79612487500211     
   14.7489800000000        9.86975253235279     
   14.7579100000000        9.96607437735482     
   14.7668400000000        10.0889402208049     
   14.7757600000000        10.2133851553281     
   14.7846800000000        10.2987571665991     
   14.7936000000000        10.3090831261769     
   14.8025100000000        10.2250086396761     
   14.8114200000000        10.0395872491297     
   14.8203300000000        9.75262097469050     
   14.8292300000000        9.37662032813033     
   14.8381300000000        8.94414815818147     
   14.8470300000000        8.50506267472486     
   14.8559300000000        8.10997170907255     
   14.8648200000000        7.79259658132237     
   14.8737100000000        7.55822803356166     
   14.8825900000000        7.38831984172788     
   14.8914700000000        7.25257592905479     
   14.9003500000000        7.12075366712576     
   14.9092300000000        6.96657215048537     
   14.9181000000000        6.77049661247498     
   14.9269700000000        6.52250043113749     
   14.9358400000000        6.22513241736155     
   14.9447000000000        5.89333583662455     
   14.9535600000000        5.54939207853483     
   14.9624200000000        5.21796718938147     
   14.9712700000000        4.91963490489092     
   14.9801200000000        4.66585428795625     
   14.9889700000000        4.46029122429954     
   14.9978100000000        4.30132366852563     
   15.0066500000000        4.18413254646434     
   15.0154900000000        4.10277502788052     
   15.0243300000000        4.05121510721323     
   15.0331600000000        4.02533010994806     
   15.0419900000000        4.02449940503574     
   15.0508100000000        4.05180012088647     
   15.0596300000000        4.11228924516306     
   15.0684500000000        4.21059591921405     
   15.0772700000000        4.34940045599461     
   15.0860800000000        4.52837394291116     
   15.0948900000000        4.74265798602906     
   15.1037000000000        4.97954074409977     
   15.1125000000000        5.21879580459158     
   15.1213000000000        5.44000117469622     
   15.1301000000000        5.63111464265444     
   15.1388900000000        5.79336731255186     
   15.1476800000000        5.93733369189764     
   15.1564700000000        6.07286020944542     
   15.1652500000000        6.20361450847791     
   15.1740300000000        6.32925425717764     
   15.1828100000000        6.44916841052757     
   15.1915800000000        6.56388695913963     
   15.2003500000000        6.67353075957981     
   15.2091200000000        6.77500185311522     
   15.2178900000000        6.86261158482449     
   15.2266500000000        6.93269698421668     
   15.2354100000000        6.98908750208092     
   15.2441600000000        7.04138940685118     
   15.2529200000000        7.09582749911829     
   15.2616700000000        7.14573543775192     
   15.2704100000000        7.17376203657833     
   15.2791500000000        7.16472503152761     
   15.2878900000000        7.11690930752308     
   15.2966300000000        7.04001018950296     
   15.3053600000000        6.94369904664303     
   15.3140900000000        6.83032586700721     
   15.3228200000000        6.69828798623588     
   15.3315400000000        6.54876926180513     
   15.3402600000000        6.38803118955560     
   15.3489800000000        6.22622070528523     
   15.3577000000000        6.07398340359358     
   15.3664100000000        5.93915425248399     
   15.3751200000000        5.82325485867667     
   15.3838200000000        5.72123091799523     
   15.3925200000000        5.62370922760331     
   15.4012200000000        5.52234629698190     
   15.4099200000000        5.41314737480890     
   15.4186100000000        5.29689920998378     
   15.4273000000000        5.17694725472846     
   15.4359800000000        5.05761946734343     
   15.4446700000000        4.94265528803123     
   15.4533400000000        4.83646826617154     
   15.4620200000000        4.74240979388222     
   15.4706900000000        4.66273789320761     
   15.4793600000000        4.59687954232926     
   15.4880300000000        4.54279400136084     
   15.4966900000000        4.49832434207097     
   15.5053500000000        4.46138735898119     
   15.5140100000000        4.42929105890127     
   15.5226700000000        4.39773926094349     
   15.5313200000000        4.36161665435941     
   15.5399600000000        4.31774056877795     
   15.5486100000000        4.26708653728415     
   15.5572500000000        4.21431563468996     
   15.5658900000000        4.16447724114060     
   15.5745200000000        4.12146137447098     
   15.5831600000000        4.08799103406632     
   15.5917900000000        4.06650719970471     
   15.6004100000000        4.05813695404654     
   15.6090300000000        4.06148879197021     
   15.6176500000000        4.07284364012951     
   15.6262700000000        4.08817172729198     
   15.6348800000000        4.10491770384857     
   15.6434900000000        4.12184860048533     
   15.6521000000000        4.13745065909390     
   15.6607000000000        4.14901719148634     
   15.6693000000000        4.15348702854015     
   15.6779000000000        4.14921189125659     
   15.6864900000000        4.13728039622996     
   15.6950800000000        4.12140330733973     
   15.7036700000000        4.10690293776671     
   15.7122600000000        4.09928814417087     
   15.7208400000000        4.10270253948403     
   15.7294100000000        4.11863617590791     
   15.7379900000000        4.14572753304896     
   15.7465600000000        4.18055638558903     
   15.7551300000000        4.21954869927859     
   15.7637000000000        4.26033380698155     
   15.7722600000000        4.30219766604662     
   15.7808200000000        4.34564118750338     
   15.7893700000000        4.39118963762655     
   15.7979300000000        4.43901367473758     
   15.8064700000000        4.48857043138984     
   15.8150200000000        4.53968961364877     
   15.8235600000000        4.59198067178788     
   15.8321000000000        4.64499361237593     
   15.8406400000000        4.69827528498965     
   15.8491800000000        4.75213278271428     
   15.8577100000000        4.80758501359883     
   15.8662300000000        4.86598564861717     
   15.8747600000000        4.92903397809648     
   15.8832800000000        4.99861976359136     
   15.8918000000000        5.07735685576812     
   15.9003100000000        5.16783195024260     
   15.9088200000000        5.27243594049255     
   15.9173300000000        5.39264247911436     
   15.9258400000000        5.52919397564963     
   15.9343400000000        5.68254646302206     
   15.9428400000000        5.85389618310588     
   15.9513300000000        6.04445795509989     
   15.9598300000000        6.25653278375094     
   15.9683100000000        6.49201913548021     
   15.9768000000000        6.75576814440639     
   15.9852800000000        7.05244951251706     
   15.9937600000000        7.38761429684832     
   16.0022400000000        7.76428982717791     
   16.0107100000000        8.18039997782303     
   16.0191800000000        8.62851858867891     
   16.0276500000000        9.09413694438451     
   16.0361200000000        9.55773433985625     
   16.0445800000000        9.99774650042929     
   16.0530300000000        10.3956422974701     
   16.0614900000000        10.7390467435484     
   16.0699400000000        11.0204315809985     
   16.0783900000000        11.2391747543946     
   16.0868300000000        11.3965527037392     
   16.0952800000000        11.4929138060267     
   16.1037100000000        11.5246078807069     
   16.1121500000000        11.4868832264564     
   16.1205800000000        11.3776661636999     
   16.1290100000000        11.2010666951279     
   16.1374400000000        10.9675894840595     
   16.1458600000000        10.6917914679775     
   16.1542800000000        10.3883262714293     
   16.1627000000000        10.0714703394625     
   16.1711100000000        9.75519550648837     
   16.1795200000000        9.45190917380782     
   16.1879300000000        9.17288052059799     
   16.1963300000000        8.92724967182915     
   16.2047300000000        8.72070366928505     
   16.2131300000000        8.55655093224506     
   16.2215200000000        8.43544696445392     
   16.2299100000000        8.35435747230259     
   16.2383000000000        8.30638014465858     
   16.2466900000000        8.28034635962047     
   16.2550700000000        8.26167470761974     
   16.2634500000000        8.23440407974718     
   16.2718200000000        8.18463656064057     
   16.2802000000000        8.10385064830385     
   16.2885600000000        7.99130694250703     
   16.2969300000000        7.85129998922440     
   16.3052900000000        7.69104482634675     
   16.3136500000000        7.51701121777738     
   16.3220100000000        7.33516653154012     
   16.3303600000000        7.15166364519675     
   16.3387100000000        6.97248535924085     
   16.3470600000000        6.80372531097554     
   16.3554000000000        6.65065268154881     
   16.3637400000000        6.51601280260269     
   16.3720800000000        6.39967871925849     
   16.3804200000000        6.29834870212282     
   16.3887500000000        6.20690598104832     
   16.3970700000000        6.12040757808010     
   16.4054000000000        6.03609901813600     
   16.4137200000000        5.95490206577519     
   16.4220400000000        5.87979425746629     
   16.4303500000000        5.81384633902114     
   16.4386700000000        5.75737086223610     
   16.4469700000000        5.70800368746242     
   16.4552800000000        5.66185239167650     
   16.4635800000000        5.61678196235700     
   16.4718800000000        5.57318464520449     
   16.4801800000000        5.53356600010570     
   16.4884700000000        5.50074444358968     
   16.4967600000000        5.47554263121190     
   16.5050500000000        5.45517903591070     
   16.5133300000000        5.43324651157244     
   16.5216100000000        5.40216604710031     
   16.5298900000000        5.35704680119312     
   16.5381600000000        5.29818792799376     
   16.5464300000000        5.23026817864312     
   16.5547000000000        5.15981933424488     
   16.5629700000000        5.09277783463061     
   16.5712300000000        5.03372455004910     
   16.5794900000000        4.98570530329488     
   16.5877400000000        4.95023806671440     
   16.5959900000000        4.92637752060143     
   16.6042400000000        4.91051338385737     
   16.6124900000000        4.89686763058069     
   16.6207300000000        4.87888601342090     
   16.6289700000000        4.85070906243564     
   16.6372000000000        4.80841213739384     
   16.6454400000000        4.75049676624310     
   16.6536700000000        4.67872051833211     
   16.6618900000000        4.59769542718065     
   16.6701200000000        4.51392560097310     
   16.6783400000000        4.43497824500524     
   16.6865500000000        4.36730233284942     
   16.6947700000000        4.31515652549714     
   16.7029800000000        4.28044412575686     
   16.7111900000000        4.26237922850281     
   16.7193900000000        4.25880197445695     
   16.7275900000000        4.26768535230057     
   16.7357900000000        4.28834754687148     
   16.7439800000000        4.32115099832729     
   16.7521800000000        4.36614731786915     
   16.7603600000000        4.42103217725507     
   16.7685500000000        4.48137157839165     
   16.7767300000000        4.54138705508035     
   16.7849100000000        4.59725890767073     
   16.7930900000000        4.64918558578725     
   16.8012600000000        4.70152902896339     
   16.8094300000000        4.76044335411010     
   16.8175900000000        4.82979728224513     
   16.8257600000000        4.90869522076443     
   16.8339200000000        4.99029357062657     
   16.8420700000000        5.06430513052612     
   16.8502300000000        5.12048575339077     
   16.8583800000000        5.15150981934452     
   16.8665300000000        5.15505166581578     
   16.8746700000000        5.13288134685092     
   16.8828100000000        5.08914342843172     
   16.8909500000000        5.02899062918531     
   16.8990800000000        4.95808600104785     
   16.9072100000000        4.88172137647687     
   16.9153400000000        4.80385989567833     
   16.9234700000000        4.72595163162767     
   16.9315900000000        4.64717584554187     
   16.9397100000000        4.56583303347048     
   16.9478200000000        4.48199806273037     
   16.9559400000000        4.39855637181629     
   16.9640500000000        4.32199642019652     
   16.9721500000000        4.26044058815888     
   16.9802600000000        4.22179619530319     
   16.9883600000000        4.21230061056712     
   16.9964500000000        4.23493109174914     
   17.0045500000000        4.28935050036135     
   17.0126400000000        4.37166033687992     
   17.0207200000000        4.47517028202059     
   17.0288100000000        4.59165072031001     
   17.0368900000000        4.71173138295763     
   17.0449700000000        4.82718629868421     
   17.0530400000000        4.93121731107623     
   17.0611100000000        5.01947132954984     
   17.0691800000000        5.08964367126442     
