   7.15970000000000        2.09396060409727     
   7.17100000000000        2.15958594087875     
   7.18231000000000        2.31881659056807     
   7.19360000000000        2.32707477327639     
   7.20490000000000        2.34304063306626     
   7.21619000000000        2.33488489731614     
   7.22748000000000        2.21525629125256     
   7.23877000000000        2.22120939295257     
   7.25005000000000        2.22439868433671     
   7.26133000000000        2.31749454716808     
   7.27261000000000        2.34496377402809     
   7.28388000000000        2.29497212148471     
   7.29515000000000        2.53535550632179     
   7.30642000000000        2.87944147728727     
   7.31768000000000        3.18699260358299     
   7.32894000000000        3.43613221647254     
   7.34020000000000        3.53239333626425     
   7.35146000000000        3.40096107578121     
   7.36271000000000        3.11367303490387     
   7.37396000000000        3.08077887116694     
   7.38520000000000        3.21032195283227     
   7.39644000000000        3.07314169299662     
   7.40768000000000        3.04805812982756     
   7.41892000000000        3.17210285055200     
   7.43015000000000        3.46911926231196     
   7.44138000000000        3.94412317118276     
   7.45261000000000        4.51874208362452     
   7.46383000000000        4.49023452636736     
   7.47505000000000        4.20667259737699     
   7.48626000000000        4.23688351552410     
   7.49748000000000        4.77548518178190     
   7.50869000000000        5.25389511730410     
   7.51990000000000        5.64255432422052     
   7.53110000000000        5.89973639354078     
   7.54230000000000        5.80511260422279     
   7.55350000000000        5.72410626707782     
   7.56469000000000        6.05454948203536     
   7.57588000000000        6.70346236665055     
   7.58707000000000        7.54469946397762     
   7.59826000000000        7.91093612782284     
   7.60944000000000        8.09292024642077     
   7.62062000000000        8.31082298128553     
   7.63179000000000        8.59296499748836     
   7.64296000000000        8.87740584142584     
   7.65413000000000        9.00706734880800     
   7.66530000000000        7.82452813514100     
   7.67646000000000        6.67836650091626     
   7.68762000000000        6.40129110360965     
   7.69878000000000        6.71624866499719     
   7.70993000000000        7.60990842713333     
   7.72108000000000        8.61066390343967     
   7.73223000000000        9.43349352097114     
   7.74337000000000        9.47181842787387     
   7.75451000000000        9.99269181666474     
   7.76565000000000        10.8980486526502     
   7.77678000000000        11.4915711538920     
   7.78791000000000        11.4402156985215     
   7.79904000000000        11.2957267246765     
   7.81017000000000        11.5124820555974     
   7.82129000000000        12.0207679782296     
   7.83241000000000        12.7666836630271     
   7.84352000000000        13.2996519408337     
   7.85463000000000        13.3795159735068     
   7.86574000000000        12.2412257103190     
   7.87685000000000        10.8004755588564     
   7.88795000000000        10.0571231287761     
   7.89905000000000        10.2331875983469     
   7.91015000000000        10.8628486901640     
   7.92124000000000        11.2314403483942     
   7.93233000000000        11.6270029398741     
   7.94342000000000        11.9251965257886     
   7.95450000000000        12.0567047294273     
   7.96558000000000        12.4646100147104     
   7.97666000000000        13.0951381726131     
   7.98773000000000        13.2571703869291     
   7.99880000000000        12.5571793454659     
   8.00987000000000        11.5403597915782     
   8.02093000000000        11.2621383601188     
   8.03200000000000        11.5190368379305     
   8.04305000000000        12.3770199521977     
   8.05411000000000        13.1795083281639     
   8.06516000000000        13.8379639743833     
   8.07621000000000        14.4049375411516     
   8.08726000000000        14.3797268106197     
   8.09830000000000        14.3298706810682     
   8.10934000000000        14.6632851844343     
   8.12037000000000        15.4995322041122     
   8.13141000000000        16.2125496285585     
   8.14244000000000        16.4847305718096     
   8.15346000000000        16.6260837787964     
   8.16449000000000        16.5149210039404     
   8.17551000000000        16.1909866543236     
   8.18652000000000        15.8527363778012     
   8.19754000000000        15.5178925444369     
   8.20855000000000        14.4877374392242     
   8.21955000000000        12.5437565657237     
   8.23056000000000        10.6032431045585     
   8.24156000000000        9.71933727433685     
   8.25256000000000        9.74422395379599     
   8.26355000000000        10.2033515707930     
   8.27454000000000        10.8344593603452     
   8.28553000000000        11.3385263380451     
   8.29652000000000        11.5657382466590     
   8.30750000000000        11.9865946692926     
   8.31848000000000        12.5983111596250     
   8.32946000000000        13.3899403797880     
   8.34043000000000        14.0795903390453     
   8.35140000000000        14.4935358882051     
   8.36236000000000        14.4090620450216     
   8.37333000000000        13.7296788517627     
   8.38429000000000        13.3585681333207     
   8.39524000000000        13.7623432606678     
   8.40620000000000        14.6411829692322     
   8.41715000000000        15.5348351876847     
   8.42810000000000        16.5568018565966     
   8.43904000000000        17.1894413742076     
   8.44998000000000        16.7248379039120     
   8.46092000000000        15.3711710936376     
   8.47185000000000        14.6495976493429     
   8.48278000000000        14.9468825111501     
   8.49371000000000        15.8829028240423     
   8.50464000000000        16.9538239920060     
   8.51556000000000        17.7037420004071     
   8.52648000000000        17.8562991632171     
   8.53739000000000        17.0231530908730     
   8.54831000000000        16.5974161855756     
   8.55922000000000        16.7777417537351     
   8.57012000000000        17.3535277828243     
   8.58103000000000        18.0859453806710     
   8.59193000000000        18.9678475743573     
   8.60282000000000        19.2091809667349     
   8.61372000000000        18.1545456022531     
   8.62461000000000        16.5052405175841     
   8.63549000000000        15.4431510949614     
   8.64638000000000        15.4843895273799     
   8.65726000000000        16.2926672961659     
   8.66814000000000        17.8447101135292     
   8.67901000000000        19.5585335887497     
   8.68988000000000        20.3961060125005     
   8.70075000000000        20.2877516182749     
   8.71161000000000        20.2332744511528     
   8.72248000000000        20.6653945402813     
   8.73333000000000        21.3975349419939     
   8.74419000000000        22.1711384451317     
   8.75504000000000        22.3755173749351     
   8.76589000000000        21.8605403949025     
   8.77674000000000        20.7023313671033     
   8.78758000000000        19.6204094442102     
   8.79842000000000        18.7029900434424     
   8.80926000000000        18.1282194306191     
   8.82009000000000        18.0046803748744     
   8.83092000000000        18.2586544128444     
   8.84175000000000        18.6410585175480     
   8.85257000000000        18.6567255080713     
   8.86339000000000        17.7986591076721     
   8.87421000000000        16.3741953380673     
   8.88502000000000        15.2516402713855     
   8.89583000000000        14.6627806480597     
   8.90664000000000        14.2802200776438     
   8.91745000000000        13.9143807067443     
   8.92825000000000        14.0581863152630     
   8.93905000000000        14.5065428892350     
   8.94984000000000        14.7735634793822     
   8.96063000000000        14.8047333900874     
   8.97142000000000        14.8590324177809     
   8.98221000000000        15.1962802687147     
   8.99299000000000        15.7228013395073     
   9.00377000000000        16.1092101282332     
   9.01455000000000        16.2348089006626     
   9.02532000000000        16.3821823308116     
   9.03609000000000        16.3094844021585     
   9.04686000000000        15.6311941796473     
   9.05762000000000        14.3738732276301     
   9.06838000000000        13.0810680679321     
   9.07914000000000        12.1139693708482     
   9.08989000000000        11.7018297591325     
   9.10064000000000        12.0668256164842     
   9.11139000000000        13.2216356373016     
   9.12214000000000        14.5506549384156     
   9.13288000000000        15.2990698516931     
   9.14362000000000        15.5264367993606     
   9.15435000000000        16.6853384623182     
   9.16508000000000        18.0788222199805     
   9.17581000000000        18.7107657246610     
   9.18654000000000        18.7254305398130     
   9.19726000000000        18.1683823682964     
   9.20798000000000        18.2579704402875     
   9.21870000000000        19.4817912339179     
   9.22941000000000        21.3088956767420     
   9.24012000000000        22.1486942992376     
   9.25082000000000        21.7657327958430     
   9.26153000000000        21.3758531660249     
   9.27223000000000        21.2871811109231     
   9.28293000000000        21.5107192969686     
   9.29362000000000        21.4362622226839     
   9.30431000000000        21.7065535446733     
   9.31500000000000        22.0935496161819     
   9.32568000000000        21.6155888220717     
   9.33636000000000        21.1703517516859     
   9.34704000000000        20.9202776347269     
   9.35772000000000        20.6569657162155     
   9.36839000000000        20.0308188846876     
   9.37906000000000        19.5148800962739     
   9.38972000000000        20.0225055604052     
   9.40038000000000        21.0867123823025     
   9.41104000000000        22.4075654921165     
   9.42170000000000        23.8078943922765     
   9.43235000000000        25.1203331856980     
   9.44300000000000        26.8813101106528     
   9.45365000000000        28.7989925947932     
   9.46429000000000        30.9594752041579     
   9.47493000000000        32.4550743336517     
   9.48557000000000        32.2706036920787     
   9.49620000000000        31.5349187147492     
   9.50683000000000        31.6017501033256     
   9.51746000000000        32.8675247767066     
   9.52808000000000        33.3872591074847     
   9.53871000000000        32.3492597351432     
   9.54932000000000        30.5064311161855     
   9.55994000000000        28.8395575045522     
   9.57055000000000        28.4866742977316     
   9.58116000000000        29.8107105789511     
   9.59176000000000        32.1107425678828     
   9.60237000000000        33.8343364703933     
   9.61296000000000        34.6869041547804     
   9.62356000000000        36.3512176693513     
   9.63415000000000        38.2020346708451     
   9.64474000000000        38.9933404796122     
   9.65533000000000        39.1912672666067     
   9.66591000000000        38.8305017989328     
   9.67649000000000        38.0762251111930     
   9.68707000000000        36.6638316546863     
   9.69764000000000        34.1588880920388     
   9.70821000000000        32.8992241180473     
   9.71878000000000        33.4544421502093     
   9.72934000000000        35.0534554958298     
   9.73990000000000        37.0808054884734     
   9.75046000000000        38.6405554833433     
   9.76102000000000        40.8442145346055     
   9.77157000000000        44.0045870824454     
   9.78212000000000        46.8514490320110     
   9.79266000000000        49.4032406714417     
   9.80320000000000        51.2496446076613     
   9.81374000000000        52.1016658362139     
   9.82428000000000        53.0872278235645     
   9.83481000000000        54.0447657741931     
   9.84534000000000        54.8230825914829     
   9.85586000000000        55.3972168802316     
   9.86639000000000        54.0584625318656     
   9.87691000000000        51.2100965407449     
   9.88742000000000        48.0582874978614     
   9.89794000000000        45.0778981919877     
   9.90845000000000        42.8798948810734     
   9.91895000000000        41.0718381807910     
   9.92946000000000        38.8057854177663     
   9.93996000000000        37.0694431449081     
   9.95046000000000        36.8566852421347     
   9.96095000000000        38.1399712248635     
   9.97144000000000        39.6396856713593     
   9.98193000000000        40.5592282881648     
   9.99242000000000        41.1484700268141     
   10.0029000000000        41.5281262401890     
   10.0133800000000        41.2511093000231     
   10.0238500000000        40.4909960745221     
   10.0343200000000        39.6152735744917     
   10.0447900000000        38.9914191244668     
   10.0552600000000        38.9231940110500     
   10.0657200000000        38.8414161294154     
   10.0761800000000        38.4949029684105     
   10.0866400000000        38.6784792234979     
   10.0970900000000        39.4979851955353     
   10.1075400000000        41.1346235502195     
   10.1179900000000        43.5781092208877     
   10.1284300000000        46.1553899642623     
   10.1388700000000        48.4647858977488     
   10.1493100000000        50.0915259747006     
   10.1597400000000        51.3757625680409     
   10.1701700000000        53.0867414142881     
   10.1806000000000        55.1190622888897     
   10.1910300000000        56.1708539051027     
   10.2014500000000        55.9946153653919     
   10.2118700000000        54.6507466234552     
   10.2222800000000        52.7852458937252     
   10.2326900000000        51.1620022262111     
   10.2431000000000        50.2901638065958     
   10.2535100000000        49.7130772281743     
   10.2639100000000        49.1316842744333     
   10.2743100000000        48.5885184261145     
   10.2847100000000        48.0213838993437     
   10.2951000000000        47.4324883898790     
   10.3054900000000        46.7025204261727     
   10.3158800000000        45.8496084213256     
   10.3262600000000        44.7661486335439     
   10.3366400000000        43.5499426460967     
   10.3470200000000        42.6557561985509     
   10.3573900000000        42.2213940434153     
   10.3677600000000        41.8122981407384     
   10.3781300000000        41.0077348044764     
   10.3884900000000        39.6900875703390     
   10.3988600000000        37.7996019790099     
   10.4092100000000        36.0741594204908     
   10.4195700000000        34.9835620634763     
   10.4299200000000        34.4666517830527     
   10.4402700000000        34.3479702153238     
   10.4506100000000        34.6425398479605     
   10.4609600000000        35.3127362854381     
   10.4713000000000        36.6914646561256     
   10.4816300000000        38.6986386673623     
   10.4919600000000        40.7155874413158     
   10.5022900000000        42.1204178399638     
   10.5126200000000        42.7644086278036     
   10.5229400000000        43.3788925255795     
   10.5332600000000        44.3858701563011     
   10.5435800000000        45.6931475137534     
   10.5539000000000        47.0042180326213     
   10.5642100000000        47.4258821845701     
   10.5745100000000        46.2051124405778     
   10.5848200000000        43.5394021898285     
   10.5951200000000        40.0017791505110     
   10.6054200000000        36.1702654565532     
   10.6157100000000        32.6574060448503     
   10.6260000000000        29.4707851522349     
   10.6362900000000        26.2081929700301     
   10.6465800000000        22.7718408284571     
   10.6568600000000        19.6333365650588     
   10.6671400000000        17.3677856118091     
   10.6774100000000        16.0719328950988     
   10.6876900000000        15.4911159607978     
   10.6979600000000        15.4425536206562     
   10.7082200000000        15.7895743143808     
   10.7184900000000        16.5740241066071     
   10.7287500000000        17.6911110137275     
   10.7390000000000        18.7994664668088     
   10.7492600000000        19.7332858173357     
   10.7595100000000        20.4060582790380     
   10.7697500000000        20.7910547580363     
   10.7800000000000        21.1621203063268     
   10.7902400000000        21.8644624827372     
   10.8004800000000        22.6173620720107     
   10.8107100000000        22.8770595766168     
   10.8209400000000        22.5745563346076     
   10.8311700000000        21.6557038663262     
   10.8414000000000        20.2411903072787     
   10.8516200000000        18.9283148825946     
   10.8618400000000        17.9667848439597     
   10.8720500000000        17.2474750686250     
   10.8822700000000        16.6636407670005     
   10.8924800000000        16.1930555339461     
   10.9026800000000        15.9591867553939     
   10.9128800000000        15.9817968291183     
   10.9230800000000        16.2597522681862     
   10.9332800000000        16.6566673168129     
   10.9434700000000        16.8872363062846     
   10.9536600000000        16.7350852055019     
   10.9638500000000        16.3021912738034     
   10.9740400000000        15.8069088327145     
   10.9842200000000        15.3439108742255     
   10.9943900000000        14.8799557914687     
   11.0045700000000        14.3219416618498     
   11.0147400000000        13.6437332144309     
   11.0249100000000        12.9973179916575     
   11.0350700000000        12.4985165698205     
   11.0452300000000        12.0778374913168     
   11.0553900000000        11.6033209189062     
   11.0655500000000        11.0217003120297     
   11.0757000000000        10.4283125064968     
   11.0858500000000        9.95426397187046     
   11.0960000000000        9.66769493531531     
   11.1061400000000        9.56849156644808     
   11.1162800000000        9.61262508283754     
   11.1264200000000        9.86783618557710     
   11.1365500000000        10.4514622738406     
   11.1466800000000        11.3478030089419     
   11.1568100000000        12.3120896989221     
   11.1669300000000        13.0287836392011     
   11.1770500000000        13.3841983818374     
   11.1871700000000        13.5506501325832     
   11.1972800000000        13.7855433454513     
   11.2073900000000        14.1857645170943     
   11.2175000000000        14.7754716186022     
   11.2276100000000        15.5259919861866     
   11.2377100000000        16.2899842068485     
   11.2478100000000        16.9467012801028     
   11.2579000000000        17.5250349934024     
   11.2679900000000        18.1043863461146     
   11.2780800000000        18.7358671663019     
   11.2881700000000        19.5204515968645     
   11.2982500000000        20.4051659322609     
   11.3083300000000        21.2561610875178     
   11.3184100000000        21.9465654812299     
   11.3284800000000        22.3418194721966     
   11.3385500000000        22.6690136098192     
   11.3486200000000        23.2434208022009     
   11.3586800000000        23.9951945234271     
   11.3687400000000        24.6906602091329     
   11.3788000000000        25.0738083472836     
   11.3888500000000        24.9858448442028     
   11.3989000000000        24.6735030179345     
   11.4089500000000        24.3871535632032     
   11.4189900000000        24.0227297214974     
   11.4290400000000        23.3741703764567     
   11.4390700000000        22.3205238648133     
   11.4491100000000        21.0708958329920     
   11.4591400000000        20.1266555015346     
   11.4691700000000        19.7347826790937     
   11.4792000000000        19.8187594212996     
   11.4892200000000        20.1775978398325     
   11.4992400000000        20.5357703296274     
   11.5092500000000        20.7004888245573     
   11.5192700000000        20.8116015641761     
   11.5292800000000        21.0653178837777     
   11.5392800000000        21.5425316582492     
   11.5492900000000        22.3192793617064     
   11.5592900000000        23.5142061316429     
   11.5692800000000        25.0964439393220     
   11.5792800000000        26.8678314821341     
   11.5892700000000        28.6922371926915     
   11.5992600000000        30.5541265290161     
   11.6092400000000        32.2831294134145     
   11.6192200000000        33.6225554677663     
   11.6292000000000        34.6374574849200     
   11.6391700000000        35.6902526176848     
   11.6491500000000        37.1546690434174     
   11.6591200000000        39.1996414335945     
   11.6690800000000        41.4229324880269     
   11.6790400000000        43.1819442357696     
   11.6890000000000        44.4273790537475     
   11.6989600000000        45.5326491290131     
   11.7089100000000        46.7262897495846     
   11.7188600000000        48.0485561258131     
   11.7288100000000        49.4861210393749     
   11.7387500000000        51.0715498799394     
   11.7486900000000        52.8400926382378     
   11.7586300000000        54.6987893364322     
   11.7685600000000        56.4882710041623     
   11.7784900000000        58.1204476591113     
   11.7884200000000        59.5448941606615     
   11.7983400000000        60.5935328797472     
   11.8082600000000        61.1677207615835     
   11.8181800000000        61.1676758095721     
   11.8281000000000        60.4340008597656     
   11.8380100000000        59.1562216734277     
   11.8479200000000        57.8529663735947     
   11.8578200000000        57.0209978711054     
   11.8677200000000        56.7575679516598     
   11.8776200000000        56.7111798809346     
   11.8875200000000        56.4616031398255     
   11.8974100000000        55.9557782361787     
   11.9073000000000        55.2107149639803     
   11.9171900000000        54.0679213855890     
   11.9270700000000        52.5986869939096     
   11.9369500000000        51.2365412653747     
   11.9468300000000        50.5274661186023     
   11.9567000000000        50.6940950743066     
   11.9665700000000        51.3566017648765     
   11.9764400000000        51.9134283187255     
   11.9863000000000        52.1122587495064     
   11.9961600000000        52.0410040788414     
   12.0060200000000        51.7970787050327     
   12.0158700000000        51.6673780230173     
   12.0257300000000        52.0976297403266     
   12.0355700000000        53.1823101456330     
   12.0454200000000        54.7426358396377     
   12.0552600000000        56.6685945580383     
   12.0651000000000        58.8767741105172     
   12.0749400000000        61.2381109952822     
   12.0847700000000        63.6514805165410     
   12.0946000000000        66.0183958936184     
   12.1044200000000        68.1736708584141     
   12.1142500000000        70.0733213955757     
   12.1240700000000        71.8078965677222     
   12.1338800000000        73.4701593053350     
   12.1437000000000        74.9571578179562     
   12.1535100000000        75.9257131304624     
   12.1633100000000        76.1426180210156     
   12.1731200000000        75.7620036637250     
   12.1829200000000        75.1184453392960     
   12.1927200000000        74.5128891495182     
   12.2025100000000        74.2954251297521     
   12.2123000000000        74.4615551496308     
   12.2220900000000        74.4790616790038     
   12.2318700000000        73.9563522119500     
   12.2416600000000        72.8922157398610     
   12.2514300000000        71.2658929837884     
   12.2612100000000        69.1361771231859     
   12.2709800000000        66.8104097124445     
   12.2807500000000        64.4153534010845     
   12.2905200000000        61.9046640367125     
   12.3002800000000        59.3343728654223     
   12.3100400000000        56.8064685188329     
   12.3198000000000        54.2809138661017     
   12.3295500000000        51.6639514925110     
   12.3393000000000        49.1512557096710     
   12.3490500000000        47.1845302141302     
   12.3587900000000        45.9653827302790     
   12.3685300000000        45.2632427966472     
   12.3782700000000        44.7080218109577     
   12.3880000000000        44.2045739115400     
   12.3977300000000        43.9628284696312     
   12.4074600000000        44.0924403677071     
   12.4171800000000        44.4187002901185     
   12.4269100000000        44.7205998253780     
   12.4366200000000        44.9160504400574     
   12.4463400000000        45.0491582790217     
   12.4560500000000        45.2362370033854     
   12.4657600000000        45.6107600883815     
   12.4754700000000        46.2258280155621     
   12.4851700000000        46.9743496918703     
   12.4948700000000        47.7013955764878     
   12.5045600000000        48.3184569913225     
   12.5142600000000        48.7989884325668     
   12.5239500000000        49.2831024546168     
   12.5336300000000        49.9929778637536     
   12.5433200000000        51.0076549234398     
   12.5530000000000        52.2532877307159     
   12.5626800000000        53.5446428796406     
   12.5723500000000        54.5316681719312     
   12.5820200000000        54.9582078429648     
   12.5916900000000        54.9287359701456     
   12.6013500000000        54.6315495147133     
   12.6110100000000        54.1453663886384     
   12.6206700000000        53.6455786125136     
   12.6303300000000        53.3109515345672     
   12.6399800000000        53.0672783373414     
   12.6496300000000        52.6880842497007     
   12.6592700000000        52.1295513285916     
   12.6689200000000        51.5444847789430     
   12.6785500000000        51.0601688447265     
   12.6881900000000        50.7102428039456     
   12.6978200000000        50.5185193444491     
   12.7074500000000        50.5306837097355     
   12.7170800000000        50.8195649414372     
   12.7267000000000        51.4482750619470     
   12.7363200000000        52.3449300330491     
   12.7459400000000        53.2206952460875     
   12.7555500000000        53.7654323514673     
   12.7651600000000        53.9441826646304     
   12.7747700000000        53.9414635751822     
   12.7843800000000        53.8865305244510     
   12.7939800000000        53.7564716004865     
   12.8035800000000        53.4653699357673     
   12.8131700000000        52.9885454745037     
   12.8227600000000        52.4013710639036     
   12.8323500000000        51.8287509245642     
   12.8419400000000        51.3952870498639     
   12.8515200000000        51.2324272160286     
   12.8611000000000        51.4423792389304     
   12.8706700000000        51.9985909141040     
   12.8802500000000        52.7535251623029     
   12.8898100000000        53.5343315037615     
   12.8993800000000        54.2255009037707     
   12.9089400000000        54.7861281140729     
   12.9185000000000        55.1957584209134     
   12.9280600000000        55.4062204014505     
   12.9376100000000        55.4128770523431     
   12.9471700000000        55.2963643907398     
   12.9567100000000        55.1315465312824     
   12.9662600000000        54.9200580377594     
   12.9758000000000        54.7020706922062     
   12.9853400000000        54.6302226720087     
   12.9948700000000        54.8587427552233     
   13.0044000000000        55.4218756980715     
   13.0139300000000        56.2216558355902     
   13.0234600000000        57.0783506131145     
   13.0329800000000        57.7739722720337     
   13.0425000000000        58.1072220462788     
   13.0520100000000        58.0263272181849     
   13.0615200000000        57.7043802857097     
   13.0710300000000        57.3875182458471     
   13.0805400000000        57.1969128951144     
   13.0900400000000        57.0969846324805     
   13.0995400000000        57.0094778817843     
   13.1090400000000        56.9636153204381     
   13.1185300000000        57.0587107985725     
   13.1280200000000        57.2282054622080     
   13.1375100000000        57.2309491806923     
   13.1469900000000        56.8951605843804     
   13.1564700000000        56.2247211491213     
   13.1659500000000        55.3386012350062     
   13.1754300000000        54.4280134022558     
   13.1849000000000        53.6802161716363     
   13.1943700000000        53.1679354217318     
   13.2038300000000        52.8106954315338     
   13.2132900000000        52.4508974768757     
   13.2227500000000        51.9922052714154     
   13.2322100000000        51.4242044472075     
   13.2416600000000        50.7630169487345     
   13.2511100000000        50.0542497690468     
   13.2605500000000        49.3812574441364     
   13.2700000000000        48.8116254118658     
   13.2794400000000        48.4006778932577     
   13.2888700000000        48.2093120815988     
   13.2983100000000        48.2543285366151     
   13.3077400000000        48.4797075065909     
   13.3171600000000        48.7769819157860     
   13.3265900000000        48.9906662179757     
   13.3360100000000        49.0003161012729     
   13.3454300000000        48.8243611333213     
   13.3548400000000        48.5702850223871     
   13.3642500000000        48.3168598251952     
   13.3736600000000        48.0467106633197     
   13.3830600000000        47.6851717351142     
   13.3924700000000        47.2037074707780     
   13.4018600000000        46.6425532612228     
   13.4112600000000        46.0534795776078     
   13.4206500000000        45.4839545863801     
   13.4300400000000        44.9744169690708     
   13.4394300000000        44.5542185098476     
   13.4488100000000        44.2489478361915     
   13.4581900000000        44.1015315594629     
   13.4675600000000        44.1548061035487     
   13.4769400000000        44.4079805074116     
   13.4863100000000        44.8292572428949     
   13.4956700000000        45.4040959936244     
   13.5050400000000        46.1469473780417     
   13.5144000000000        47.0522041778441     
   13.5237600000000        48.0601452870643     
   13.5331100000000        49.0773104324074     
   13.5424600000000        50.0393752708382     
   13.5518100000000        50.9548654130831     
   13.5611500000000        51.8953940966192     
   13.5704900000000        52.9398295987731     
   13.5798300000000        54.1039274650559     
   13.5891700000000        55.2960155497113     
   13.5985000000000        56.3613505608506     
   13.6078300000000        57.1974327562495     
   13.6171500000000        57.7883866221843     
   13.6264800000000        58.1505935067498     
   13.6358000000000        58.2944199811444     
   13.6451100000000        58.2562706445903     
   13.6544200000000        58.1220796984781     
   13.6637300000000        58.0223413786753     
   13.6730400000000        58.0726308014377     
   13.6823400000000        58.3112149578514     
   13.6916400000000        58.7044538861549     
   13.7009400000000        59.1662126285146     
   13.7102400000000        59.5899250493158     
   13.7195300000000        59.9247562467524     
   13.7288100000000        60.2004041997865     
   13.7381000000000        60.4434095011344     
   13.7473800000000        60.6180904540918     
   13.7566600000000        60.6550305700717     
   13.7659300000000        60.4815277826314     
   13.7752000000000        60.0681581811028     
   13.7844700000000        59.4674142275244     
   13.7937400000000        58.7525390049245     
   13.8030000000000        57.9499818946769     
   13.8122600000000        57.0732120975667     
   13.8215200000000        56.1591823721644     
   13.8307700000000        55.2321316446365     
   13.8400200000000        54.2978559126303     
   13.8492600000000        53.3964570527824     
   13.8585100000000        52.5997080014580     
   13.8677500000000        51.9574299914746     
   13.8769800000000        51.4467201801860     
   13.8862200000000        51.0062883619784     
   13.8954500000000        50.5999998428880     
   13.9046800000000        50.2335227629206     
   13.9139000000000        49.9409335414296     
   13.9231200000000        49.7348765343307     
   13.9323400000000        49.5671135817527     
   13.9415500000000        49.3502954659269     
   13.9507700000000        49.0280324423929     
   13.9599700000000        48.6329336390993     
   13.9691800000000        48.2521464045774     
   13.9783800000000        47.9346134945327     
   13.9875800000000        47.6511864176018     
   13.9967800000000        47.3592453166584     
   14.0059700000000        47.0445700933240     
   14.0151600000000        46.7079191830308     
   14.0243400000000        46.3759002728326     
   14.0335300000000        46.1005692055639     
   14.0427100000000        45.9118745649042     
   14.0518800000000        45.7906001344466     
   14.0610600000000        45.7063648095677     
   14.0702300000000        45.6417329256791     
   14.0794000000000        45.5670301160364     
   14.0885600000000        45.4256958432837     
   14.0977200000000        45.1623854223840     
   14.1068800000000        44.7606627212203     
   14.1160300000000        44.2543479262215     
   14.1251800000000        43.7179293881273     
   14.1343300000000        43.2559371066723     
   14.1434800000000        42.9729153236775     
   14.1526200000000        42.9329442590594     
   14.1617600000000        43.1423396651432     
   14.1708900000000        43.5671343557525     
   14.1800300000000        44.1448592053502     
   14.1891500000000        44.7576537946880     
   14.1982800000000        45.2404629145135     
   14.2074000000000        45.4438999772969     
   14.2165200000000        45.3313334329136     
   14.2256400000000        45.0053158874610     
   14.2347500000000        44.6340429759975     
   14.2438600000000        44.3383973869962     
   14.2529700000000        44.1525852254496     
   14.2620700000000        44.0808531881002     
   14.2711800000000        44.1645087119511     
   14.2802700000000        44.4510463317300     
   14.2893700000000        44.9091112270462     
   14.2984600000000        45.4213819361089     
   14.3075500000000        45.8780781047715     
   14.3166300000000        46.2508028196309     
   14.3257100000000        46.5786700117177     
   14.3347900000000        46.8830596157409     
   14.3438700000000        47.1117080709184     
   14.3529400000000        47.1844665447470     
   14.3620100000000        47.0843295842709     
   14.3710700000000        46.8653182877730     
   14.3801400000000        46.6038816708642     
   14.3892000000000        46.3896220433176     
   14.3982500000000        46.3124517149189     
   14.4073100000000        46.4108896607795     
   14.4163600000000        46.6395285184628     
   14.4254000000000        46.8985522554165     
   14.4344500000000        47.0881113088990     
   14.4434900000000        47.1502235464451     
   14.4525200000000        47.0859774542986     
   14.4615600000000        46.9328910693555     
   14.4705900000000        46.7309462888355     
   14.4796200000000        46.4891664562214     
   14.4886400000000        46.1801943597242     
   14.4976600000000        45.7867230623930     
   14.5066800000000        45.3530970887075     
   14.5157000000000        44.9708117371744     
   14.5247100000000        44.7233472104420     
   14.5337200000000        44.6472619510614     
   14.5427200000000        44.7244677382438     
   14.5517300000000        44.8853931653721     
   14.5607300000000        45.0325126883669     
   14.5697200000000        45.1029491634595     
   14.5787100000000        45.1205723110695     
   14.5877000000000        45.1777546075901     
   14.5966900000000        45.3690820076963     
   14.6056700000000        45.7478211975356     
   14.6146600000000        46.3370516127582     
   14.6236300000000        47.1453539174925     
   14.6326100000000        48.1589126048868     
   14.6415800000000        49.3024461591895     
   14.6505400000000        50.4601295582077     
   14.6595100000000        51.5351449795630     
   14.6684700000000        52.4896189355887     
   14.6774300000000        53.3574939391105     
   14.6863800000000        54.2051222204826     
   14.6953400000000        55.0812252190619     
   14.7042800000000        55.9707694030495     
   14.7132300000000        56.8177901858503     
   14.7221700000000        57.5629363881903     
   14.7311100000000        58.1890659324943     
   14.7400500000000        58.7122877276173     
   14.7489800000000        59.1493043969864     
   14.7579100000000        59.5013497121679     
   14.7668400000000        59.7644563064632     
   14.7757600000000        59.9363192516981     
   14.7846800000000        59.9976725981160     
   14.7936000000000        59.9017686739840     
   14.8025100000000        59.6035420781921     
   14.8114200000000        59.0942925425123     
   14.8203300000000        58.4039781159917     
   14.8292300000000        57.5904325495978     
   14.8381300000000        56.7448174577044     
   14.8470300000000        55.9912043872874     
   14.8559300000000        55.4397773677947     
   14.8648200000000        55.1294844096708     
   14.8737100000000        55.0060260182292     
   14.8825900000000        54.9572620156050     
   14.8914700000000        54.8696415677419     
   14.9003500000000        54.6547595499901     
   14.9092300000000        54.2454432386031     
   14.9181000000000        53.6035121670520     
   14.9269700000000        52.7347074104315     
   14.9358400000000        51.6912662513954     
   14.9447000000000        50.5530289951242     
   14.9535600000000        49.3981266663840     
   14.9624200000000        48.2946268118657     
   14.9712700000000        47.3015009115963     
   14.9801200000000        46.4647400227813     
   14.9889700000000        45.8150641322348     
   14.9978100000000        45.3636289421358     
   15.0066500000000        45.0992288006494     
   15.0154900000000        44.9886128578809     
   15.0243300000000        44.9851785983976     
   15.0331600000000        45.0540808938292     
   15.0419900000000        45.1962081105094     
   15.0508100000000        45.4513740348575     
   15.0596300000000        45.8779923220788     
   15.0684500000000        46.5217737555893     
   15.0772700000000        47.4002441396370     
   15.0860800000000        48.5022884771700     
   15.0948900000000        49.7834337399543     
   15.1037000000000        51.1474148552978     
   15.1125000000000        52.4613066402795     
   15.1213000000000        53.6166941668070     
   15.1301000000000        54.5780168350324     
   15.1388900000000        55.3842464457180     
   15.1476800000000        56.1049044221952     
   15.1564700000000        56.7919783014952     
   15.1652500000000        57.4689263157465     
   15.1740300000000        58.1457177627570     
   15.1828100000000        58.8283528466758     
   15.1915800000000        59.5199053963897     
   15.2003500000000        60.2210827926722     
   15.2091200000000        60.9309900853555     
   15.2178900000000        61.6524456286079     
   15.2266500000000        62.3894850620349     
   15.2354100000000        63.1467641320671     
   15.2441600000000        63.9307373121634     
   15.2529200000000        64.7578570431221     
   15.2616700000000        65.6381909031399     
   15.2704100000000        66.5690704188731     
   15.2791500000000        67.5431994923156     
   15.2878900000000        68.5646860055371     
   15.2966300000000        69.6460499055963     
   15.3053600000000        70.7775687814183     
   15.3140900000000        71.9096913838581     
   15.3228200000000        72.9662988521402     
   15.3315400000000        73.8913148695434     
   15.3402600000000        74.6878591297376     
   15.3489800000000        75.4106215768023     
   15.3577000000000        76.1320733355489     
   15.3664100000000        76.9061397318774     
   15.3751200000000        77.7452189153296     
   15.3838200000000        78.5964469667139     
   15.3925200000000        79.3479757730766     
   15.4012200000000        79.8662429857512     
   15.4099200000000        80.0522130482969     
   15.4186100000000        79.8741630690549     
   15.4273000000000        79.3623751437846     
   15.4359800000000        78.5858433664035     
   15.4446700000000        77.6327994254424     
   15.4533400000000        76.6120887816573     
   15.4620200000000        75.6229563914987     
   15.4706900000000        74.7363974367990     
   15.4793600000000        73.9732486070337     
   15.4880300000000        73.3289435694272     
   15.4966900000000        72.7989821450372     
   15.5053500000000        72.3798929304116     
   15.5140100000000        72.0515723859068     
   15.5226700000000        71.7572684950571     
   15.5313200000000        71.4149048002679     
   15.5399600000000        70.9623950246032     
   15.5486100000000        70.3961496672494     
   15.5572500000000        69.7676855832918     
   15.5658900000000        69.1397328264143     
   15.5745200000000        68.5626365359630     
   15.5831600000000        68.0724952885184     
   15.5917900000000        67.7023161244609     
   15.6004100000000        67.4675062750569     
   15.6090300000000        67.3480580758178     
   15.6176500000000        67.2904164723831     
   15.6262700000000        67.2362707450367     
   15.6348800000000        67.1507383992379     
   15.6434900000000        67.0214360096521     
   15.6521000000000        66.8365102853922     
   15.6607000000000        66.5692747151304     
   15.6693000000000        66.1849893603352     
   15.6779000000000        65.6643881218919     
   15.6864900000000        65.0220482524215     
   15.6950800000000        64.3062225651159     
   15.7036700000000        63.5907634315514     
   15.7122600000000        62.9570450380363     
   15.7208400000000        62.4721376115969     
   15.7294100000000        62.1669231290383     
   15.7379900000000        62.0295856436356     
   15.7465600000000        62.0176316311833     
   15.7551300000000        62.0792592361439     
   15.7637000000000        62.1763939984936     
   15.7722600000000        62.2942874162038     
   15.7808200000000        62.4362069084165     
   15.7893700000000        62.6091395037437     
   15.7979300000000        62.8143563198344     
   15.8064700000000        63.0451994626613     
   15.8150200000000        63.2955589788917     
   15.8235600000000        63.5581151760254     
   15.8321000000000        63.8238026845561     
   15.8406400000000        64.0856836709327     
   15.8491800000000        64.3483040889558     
   15.8577100000000        64.6261156567880     
   15.8662300000000        64.9363958680376     
   15.8747600000000        65.2987404095025     
   15.8832800000000        65.7357351714868     
   15.8918000000000        66.2742753869013     
   15.9003100000000        66.9368762193727     
   15.9088200000000        67.7379209890097     
   15.9173300000000        68.6794474635551     
   15.9258400000000        69.7573208204700     
   15.9343400000000        70.9701195520377     
   15.9428400000000        72.3278436566190     
   15.9513300000000        73.8415784834154     
   15.9598300000000        75.5280590025584     
   15.9683100000000        77.3990624484490     
   15.9768000000000        79.4925045737396     
   15.9852800000000        81.8507583292978     
   15.9937600000000        84.5286411917674     
   16.0022400000000        87.5624018829155     
   16.0107100000000        90.9437742912604     
   16.0191800000000        94.6138779260850     
   16.0276500000000        98.4477254605149     
   16.0361200000000        102.273617866626     
   16.0445800000000        105.902272688584     
   16.0530300000000        109.171111084116     
   16.0614900000000        111.969078951390     
   16.0699400000000        114.225223018099     
   16.0783900000000        115.925888940241     
   16.0868300000000        117.073564192870     
   16.0952800000000        117.661893470382     
   16.1037100000000        117.653205412591     
   16.1121500000000        117.003735078811     
   16.1205800000000        115.702892286128     
   16.1290100000000        113.799808157550     
   16.1374400000000        111.400831319311     
   16.1458600000000        108.642651806642     
   16.1542800000000        105.654173922958     
   16.1627000000000        102.555746020294     
   16.1711100000000        99.4628397095265     
   16.1795200000000        96.4758534316207     
   16.1879300000000        93.6862633264232     
   16.1963300000000        91.1689902920268     
   16.2047300000000        88.9696614251097     
   16.2131300000000        87.1141777935769     
   16.2215200000000        85.6046750494261     
   16.2299100000000        84.4081239180931     
   16.2383000000000        83.4588108658715     
   16.2466900000000        82.6604439116610     
   16.2550700000000        81.9006351163138     
   16.2634500000000        81.0677818565684     
   16.2718200000000        80.0767507725551     
   16.2802000000000        78.8807682410720     
   16.2885600000000        77.4845795005602     
   16.2969300000000        75.9109387951333     
   16.3052900000000        74.1951970421888     
   16.3136500000000        72.3611601787664     
   16.3220100000000        70.4338749639170     
   16.3303600000000        68.4492945418872     
   16.3387100000000        66.4494022227464     
   16.3470600000000        64.4841667448760     
   16.3554000000000        62.6031455051856     
   16.3637400000000        60.8397596131228     
   16.3720800000000        59.2099939841833     
   16.3804200000000        57.7043649717141     
   16.3887500000000        56.2920383860976     
   16.3970700000000        54.9316353784310     
   16.4054000000000        53.5911196528551     
   16.4137200000000        52.2723652257840     
   16.4220400000000        50.9987179550070     
   16.4303500000000        49.8080033479479     
   16.4386700000000        48.7285973228707     
   16.4469700000000        47.7815357015619     
   16.4552800000000        46.9669045932647     
   16.4635800000000        46.2800563696862     
   16.4718800000000        45.7053892451334     
   16.4801800000000        45.2241415013539     
   16.4884700000000        44.8204394277811     
   16.4967600000000        44.4836860811794     
   16.5050500000000        44.2053529070925     
   16.5133300000000        43.9699752485891     
   16.5216100000000        43.7533449197006     
   16.5298900000000        43.5329833379509     
   16.5381600000000        43.2988536195085     
   16.5464300000000        43.0549083942544     
   16.5547000000000        42.8136968272407     
   16.5629700000000        42.5877423267706     
   16.5712300000000        42.3843712791210     
   16.5794900000000        42.2034373457161     
   16.5877400000000        42.0391229004177     
   16.5959900000000        41.8805791756628     
   16.6042400000000        41.7137737379433     
   16.6124900000000        41.5219531850035     
   16.6207300000000        41.2873053522372     
   16.6289700000000        40.9931396681015     
   16.6372000000000        40.6284653693112     
   16.6454400000000        40.1882245001438     
   16.6536700000000        39.6780250517226     
   16.6618900000000        39.1122662714857     
   16.6701200000000        38.5129271045051     
   16.6783400000000        37.9115427341879     
   16.6865500000000        37.3409264432424     
   16.6947700000000        36.8303324088075     
   16.7029800000000        36.4041069616464     
   16.7111900000000        36.0737208856778     
   16.7193900000000        35.8411596163328     
   16.7275900000000        35.7014906740127     
   16.7357900000000        35.6481452946563     
   16.7439800000000        35.6727382500264     
   16.7521800000000        35.7616607046514     
   16.7603600000000        35.8922609052003     
   16.7685500000000        36.0368471777868     
   16.7767300000000        36.1714674355332     
   16.7849100000000        36.2897905318311     
   16.7930900000000        36.4082584819068     
   16.8012600000000        36.5592134342876     
   16.8094300000000        36.7741603439830     
   16.8175900000000        37.0647140707082     
   16.8257600000000        37.4139814753633     
   16.8339200000000        37.7751531743619     
   16.8420700000000        38.0852372653707     
   16.8502300000000        38.2824907192070     
   16.8583800000000        38.3229390816083     
   16.8665300000000        38.1939700982105     
   16.8746700000000        37.9131490774918     
   16.8828100000000        37.5167219691406     
   16.8909500000000        37.0463225614478     
   16.8990800000000        36.5384993511625     
   16.9072100000000        36.0156129871005     
   16.9153400000000        35.4840110144401     
   16.9234700000000        34.9352579996153     
   16.9315900000000        34.3554182852119     
   16.9397100000000        33.7350733595730     
   16.9478200000000        33.0818695052554     
   16.9559400000000        32.4198156852420     
   16.9640500000000        31.7912489034414     
   16.9721500000000        31.2433051484396     
   16.9802600000000        30.8182817193777     
   16.9883600000000        30.5478393328647     
   16.9964500000000        30.4428671512384     
   17.0045500000000        30.4934994183669     
   17.0126400000000        30.6711128710033     
   17.0207200000000        30.9336033475147     
   17.0288100000000        31.2349232713130     
   17.0368900000000        31.5315950049637     
   17.0449700000000        31.7918400612625     
   17.0530400000000        31.9958793230974     
   17.0611100000000        32.1347819152980     
   17.0691800000000        32.2053792367821     
