   7.15970000000000        1143.75241729914     
   7.17100000000000        1110.78160087519     
   7.18231000000000        1086.94673644573     
   7.19360000000000        1015.37161006654     
   7.20490000000000        938.333221797693     
   7.21619000000000        854.026818643882     
   7.22748000000000        825.641764546778     
   7.23877000000000        845.772951229028     
   7.25005000000000        786.764077367513     
   7.26133000000000        725.276442024022     
   7.27261000000000        632.128872342401     
   7.28388000000000        547.994270715325     
   7.29515000000000        467.260934996144     
   7.30642000000000        443.807436241925     
   7.31768000000000        414.637857213485     
   7.32894000000000        410.320148137735     
   7.34020000000000        424.281256294035     
   7.35146000000000        450.128665701334     
   7.36271000000000        484.846600117031     
   7.37396000000000        534.833448575726     
   7.38520000000000        563.832528156947     
   7.39644000000000        543.769025743890     
   7.40768000000000        518.705187066744     
   7.41892000000000        476.387863214191     
   7.43015000000000        440.545820581038     
   7.44138000000000        436.277793971990     
   7.45261000000000        415.801687640742     
   7.46383000000000        385.789353611210     
   7.47505000000000        353.185923527608     
   7.48626000000000        303.793467614823     
   7.49748000000000        279.161292224329     
   7.50869000000000        279.826985125105     
   7.51990000000000        265.253980711999     
   7.53110000000000        260.802292491041     
   7.54230000000000        265.394263728891     
   7.55350000000000        268.949575544936     
   7.56469000000000        253.891964286741     
   7.57588000000000        237.311146940786     
   7.58707000000000        233.302359044076     
   7.59826000000000        248.728757425591     
   7.60944000000000        260.460963690386     
   7.62062000000000        276.429339665747     
   7.63179000000000        294.787019623177     
   7.64296000000000        300.868529827474     
   7.65413000000000        294.610243370278     
   7.66530000000000        289.013216223192     
   7.67646000000000        300.437001725485     
   7.68762000000000        321.159587880812     
   7.69878000000000        326.278229932057     
   7.70993000000000        312.365327771133     
   7.72108000000000        307.507267800210     
   7.73223000000000        318.631505748876     
   7.74337000000000        325.169286485553     
   7.75451000000000        334.892696114258     
   7.76565000000000        352.530388524153     
   7.77678000000000        372.229831885222     
   7.78791000000000        389.431342837068     
   7.79904000000000        404.072903271127     
   7.81017000000000        424.380404319931     
   7.82129000000000        436.615476946090     
   7.83241000000000        443.826375487922     
   7.84352000000000        441.902183789963     
   7.85463000000000        432.966053090560     
   7.86574000000000        436.990429917797     
   7.87685000000000        450.599262237853     
   7.88795000000000        460.931688057919     
   7.89905000000000        465.752673398816     
   7.91015000000000        460.657515774017     
   7.92124000000000        437.269903163407     
   7.93233000000000        424.194176777809     
   7.94342000000000        421.385831439251     
   7.95450000000000        422.897096708005     
   7.96558000000000        432.202588033368     
   7.97666000000000        442.340997691925     
   7.98773000000000        457.944732239575     
   7.99880000000000        478.437890875701     
   8.00987000000000        486.538146114317     
   8.02093000000000        486.972381395995     
   8.03200000000000        485.716197599686     
   8.04305000000000        485.129652858536     
   8.05411000000000        481.925906308224     
   8.06516000000000        495.168039821652     
   8.07621000000000        518.534535230091     
   8.08726000000000        546.347817807137     
   8.09830000000000        568.371713552151     
   8.10934000000000        592.922074295431     
   8.12037000000000        603.759636694903     
   8.13141000000000        601.990384421483     
   8.14244000000000        598.763686899957     
   8.15346000000000        594.526745979819     
   8.16449000000000        575.615517647935     
   8.17551000000000        555.763425645727     
   8.18652000000000        540.339495836289     
   8.19754000000000        528.999607691136     
   8.20855000000000        520.711247244113     
   8.21955000000000        523.895389266307     
   8.23056000000000        545.604206893761     
   8.24156000000000        555.364716142590     
   8.25256000000000        559.070010852666     
   8.26355000000000        555.097798615812     
   8.27454000000000        550.782064369286     
   8.28553000000000        567.395892093869     
   8.29652000000000        587.950991036590     
   8.30750000000000        609.788515687743     
   8.31848000000000        614.412118886043     
   8.32946000000000        598.237319748823     
   8.34043000000000        592.417440217927     
   8.35140000000000        582.363842752978     
   8.36236000000000        581.018702581493     
   8.37333000000000        586.395597445647     
   8.38429000000000        586.697979502430     
   8.39524000000000        582.601517363839     
   8.40620000000000        600.058965228480     
   8.41715000000000        628.441322506159     
   8.42810000000000        652.224642228477     
   8.43904000000000        679.166826519976     
   8.44998000000000        714.836654502304     
   8.46092000000000        757.113813033431     
   8.47185000000000        790.015569493567     
   8.48278000000000        808.374065622537     
   8.49371000000000        809.442536738136     
   8.50464000000000        806.755357471756     
   8.51556000000000        802.945251290669     
   8.52648000000000        787.726883565106     
   8.53739000000000        772.590452214019     
   8.54831000000000        773.144346751076     
   8.55922000000000        781.030857504863     
   8.57012000000000        781.369798809555     
   8.58103000000000        787.081796837994     
   8.59193000000000        801.630151129927     
   8.60282000000000        813.223781430715     
   8.61372000000000        811.612891664356     
   8.62461000000000        813.238696653147     
   8.63549000000000        816.443125141173     
   8.64638000000000        802.706905609846     
   8.65726000000000        786.108968997988     
   8.66814000000000        788.395448682820     
   8.67901000000000        799.110928088710     
   8.68988000000000        802.333096525572     
   8.70075000000000        786.008077248026     
   8.71161000000000        776.651601280608     
   8.72248000000000        762.885186787774     
   8.73333000000000        741.110267599081     
   8.74419000000000        727.255372746769     
   8.75504000000000        711.974204700233     
   8.76589000000000        692.790756991091     
   8.77674000000000        690.955524483474     
   8.78758000000000        696.061092685937     
   8.79842000000000        699.267892706985     
   8.80926000000000        699.393935042391     
   8.82009000000000        691.198872869035     
   8.83092000000000        684.714762335989     
   8.84175000000000        689.549894372206     
   8.85257000000000        687.374889530611     
   8.86339000000000        682.539628128807     
   8.87421000000000        686.827982255303     
   8.88502000000000        689.587770691310     
   8.89583000000000        688.198867442793     
   8.90664000000000        682.819870969880     
   8.91745000000000        682.885534891359     
   8.92825000000000        688.370534729774     
   8.93905000000000        687.090770140474     
   8.94984000000000        678.750469370354     
   8.96063000000000        669.857380938530     
   8.97142000000000        666.488509935117     
   8.98221000000000        668.188814135782     
   8.99299000000000        689.707635766303     
   9.00377000000000        726.585680159377     
   9.01455000000000        768.301786360069     
   9.02532000000000        840.986337221934     
   9.03609000000000        957.032420282724     
   9.04686000000000        1111.29969330252     
   9.05762000000000        1289.03270026963     
   9.06838000000000        1484.69668373743     
   9.07914000000000        1676.13331569143     
   9.08989000000000        1783.46472116780     
   9.10064000000000        1780.03377263702     
   9.11139000000000        1719.35599437776     
   9.12214000000000        1671.05266286559     
   9.13288000000000        1647.88825196106     
   9.14362000000000        1635.41150792354     
   9.15435000000000        1568.35861167371     
   9.16508000000000        1441.27842677487     
   9.17581000000000        1343.13061788168     
   9.18654000000000        1322.80964428662     
   9.19726000000000        1315.30364566170     
   9.20798000000000        1275.51198226980     
   9.21870000000000        1239.80320901623     
   9.22941000000000        1228.04522150791     
   9.24012000000000        1212.71399393363     
   9.25082000000000        1176.42910828490     
   9.26153000000000        1141.27218012391     
   9.27223000000000        1110.33809816946     
   9.28293000000000        1106.99158194636     
   9.29362000000000        1134.01885088713     
   9.30431000000000        1160.07055614616     
   9.31500000000000        1143.01701135551     
   9.32568000000000        1127.00026136337     
   9.33636000000000        1165.00790599430     
   9.34704000000000        1247.18334238353     
   9.35772000000000        1330.50735414346     
   9.36839000000000        1377.96698672241     
   9.37906000000000        1382.11703162175     
   9.38972000000000        1383.06199511625     
   9.40038000000000        1409.50978047404     
   9.41104000000000        1460.26597612788     
   9.42170000000000        1499.85176551293     
   9.43235000000000        1523.57277727109     
   9.44300000000000        1559.36083134493     
   9.45365000000000        1622.41581823057     
   9.46429000000000        1671.11658940744     
   9.47493000000000        1690.92193371245     
   9.48557000000000        1721.12829030195     
   9.49620000000000        1729.83575084113     
   9.50683000000000        1715.63787075232     
   9.51746000000000        1672.43894437161     
   9.52808000000000        1656.82196117689     
   9.53871000000000        1703.93700832412     
   9.54932000000000        1780.01525080021     
   9.55994000000000        1874.52887080422     
   9.57055000000000        1925.57131567364     
   9.58116000000000        1918.09310623100     
   9.59176000000000        1902.64048861412     
   9.60237000000000        1914.36382318936     
   9.61296000000000        1930.80932400047     
   9.62356000000000        1967.92398939025     
   9.63415000000000        2007.80483557008     
   9.64474000000000        2018.27018355675     
   9.65533000000000        2006.28643715667     
   9.66591000000000        2005.79506498600     
   9.67649000000000        2025.16035028465     
   9.68707000000000        2044.85563948002     
   9.69764000000000        2068.55181480097     
   9.70821000000000        2111.14108996843     
   9.71878000000000        2217.86979680726     
   9.72934000000000        2370.90887388689     
   9.73990000000000        2479.55775736777     
   9.75046000000000        2509.34962977797     
   9.76102000000000        2503.64131383660     
   9.77157000000000        2523.78150773436     
   9.78212000000000        2553.42425918137     
   9.79266000000000        2552.86761580689     
   9.80320000000000        2537.50341214075     
   9.81374000000000        2513.83946704602     
   9.82428000000000        2500.46213420264     
   9.83481000000000        2517.66055295773     
   9.84534000000000        2533.89803216287     
   9.85586000000000        2545.85475694572     
   9.86639000000000        2549.23977613471     
   9.87691000000000        2459.92995245838     
   9.88742000000000        2353.68807698290     
   9.89794000000000        2363.67067135215     
   9.90845000000000        2422.61158827346     
   9.91895000000000        2442.23521105094     
   9.92946000000000        2440.62234484308     
   9.93996000000000        2407.70187699781     
   9.95046000000000        2345.97452766260     
   9.96095000000000        2275.85000612471     
   9.97144000000000        2205.11855865809     
   9.98193000000000        2141.05780745000     
   9.99242000000000        2122.35788835201     
   10.0029000000000        2152.41319483598     
   10.0133800000000        2186.24279006587     
   10.0238500000000        2209.19088523047     
   10.0343200000000        2195.40136677342     
   10.0447900000000        2164.38593278645     
   10.0552600000000        2145.19698698046     
   10.0657200000000        2131.09865764417     
   10.0761800000000        2124.31600422387     
   10.0866400000000        2134.36851325943     
   10.0970900000000        2160.69428986202     
   10.1075400000000        2190.51880221713     
   10.1179900000000        2188.81561556712     
   10.1284300000000        2156.52067993425     
   10.1388700000000        2157.34591306902     
   10.1493100000000        2189.67190578253     
   10.1597400000000        2166.60342429351     
   10.1701700000000        2116.90465502252     
   10.1806000000000        2103.28135723104     
   10.1910300000000        2098.34390712798     
   10.2014500000000        2084.67912502572     
   10.2118700000000        2106.27058914231     
   10.2222800000000        2150.50981111828     
   10.2326900000000        2158.72752792164     
   10.2431000000000        2128.70736835607     
   10.2535100000000        2093.25203656542     
   10.2639100000000        2069.41801525392     
   10.2743100000000        2055.54380579282     
   10.2847100000000        2089.16812796422     
   10.2951000000000        2175.67030355089     
   10.3054900000000        2237.35134223363     
   10.3158800000000        2248.21582936941     
   10.3262600000000        2250.97181921487     
   10.3366400000000        2235.64641674496     
   10.3470200000000        2207.05660652235     
   10.3573900000000        2221.96673804412     
   10.3677600000000        2289.97208228894     
   10.3781300000000        2353.93130730406     
   10.3884900000000        2380.87760487291     
   10.3988600000000        2378.81268127221     
   10.4092100000000        2367.31464989065     
   10.4195700000000        2366.76271925360     
   10.4299200000000        2378.27497436115     
   10.4402700000000        2383.30211188544     
   10.4506100000000        2355.21467266641     
   10.4609600000000        2289.57862483823     
   10.4713000000000        2199.73034367845     
   10.4816300000000        2103.29666530127     
   10.4919600000000        2034.02981139563     
   10.5022900000000        1998.29707249979     
   10.5126200000000        1971.28344419956     
   10.5229400000000        1938.47441271965     
   10.5332600000000        1878.36575551885     
   10.5435800000000        1802.17223926870     
   10.5539000000000        1724.80821634749     
   10.5642100000000        1650.06520597760     
   10.5745100000000        1583.25340713180     
   10.5848200000000        1527.53636510595     
   10.5951200000000        1471.56417895630     
   10.6054200000000        1419.71158463133     
   10.6157100000000        1382.40890603623     
   10.6260000000000        1369.75066039912     
   10.6362900000000        1390.08030691671     
   10.6465800000000        1411.17960599108     
   10.6568600000000        1415.52207912544     
   10.6671400000000        1418.86834911343     
   10.6774100000000        1428.72990720347     
   10.6876900000000        1445.47615168263     
   10.6979600000000        1470.60157286881     
   10.7082200000000        1508.08326118664     
   10.7184900000000        1559.99613994181     
   10.7287500000000        1617.67897458053     
   10.7390000000000        1673.08221272186     
   10.7492600000000        1725.71046925917     
   10.7595100000000        1773.34255967201     
   10.7697500000000        1826.62457359338     
   10.7800000000000        1907.07260950705     
   10.7902400000000        2009.13285823046     
   10.8004800000000        2108.35918194830     
   10.8107100000000        2186.29114121517     
   10.8209400000000        2222.77202072693     
   10.8311700000000        2232.17701205520     
   10.8414000000000        2251.72209920142     
   10.8516200000000        2291.02329020257     
   10.8618400000000        2345.98243665395     
   10.8720500000000        2398.19781106571     
   10.8822700000000        2430.84157212750     
   10.8924800000000        2434.86548442280     
   10.9026800000000        2406.77553334286     
   10.9128800000000        2370.81651859568     
   10.9230800000000        2359.79789729069     
   10.9332800000000        2371.95827493664     
   10.9434700000000        2393.08229550283     
   10.9536600000000        2423.86098718852     
   10.9638500000000        2444.23893891836     
   10.9740400000000        2418.88490960327     
   10.9842200000000        2345.55012059538     
   10.9943900000000        2246.87448664300     
   11.0045700000000        2153.12930558417     
   11.0147400000000        2088.36311770688     
   11.0249100000000        2043.14858777404     
   11.0350700000000        2001.77783106913     
   11.0452300000000        1959.72024774355     
   11.0553900000000        1926.40034088550     
   11.0655500000000        1920.05955789875     
   11.0757000000000        1941.14481846508     
   11.0858500000000        1976.35582935913     
   11.0960000000000        2012.73537906084     
   11.1061400000000        2034.21038538912     
   11.1162800000000        2040.06659199336     
   11.1264200000000        2049.41728296294     
   11.1365500000000        2077.23611548302     
   11.1466800000000        2121.22845363926     
   11.1568100000000        2163.90023935856     
   11.1669300000000        2196.72769659027     
   11.1770500000000        2229.16943989392     
   11.1871700000000        2269.21343078667     
   11.1972800000000        2301.84613105311     
   11.2073900000000        2315.83606572422     
   11.2175000000000        2312.78803795702     
   11.2276100000000        2311.52439871933     
   11.2377100000000        2335.05503270498     
   11.2478100000000        2384.97848271033     
   11.2579000000000        2441.24969609569     
   11.2679900000000        2487.65594005317     
   11.2780800000000        2520.40257057885     
   11.2881700000000        2544.07751744855     
   11.2982500000000        2570.74343978679     
   11.3083300000000        2614.88746258311     
   11.3184100000000        2670.50660157699     
   11.3284800000000        2709.80628747596     
   11.3385500000000        2722.18762551004     
   11.3486200000000        2724.89182253303     
   11.3586800000000        2740.17815184513     
   11.3687400000000        2774.85880300668     
   11.3788000000000        2813.27246598335     
   11.3888500000000        2845.17392769809     
   11.3989000000000        2867.26762664593     
   11.4089500000000        2881.91266959137     
   11.4189900000000        2904.70762919304     
   11.4290400000000        2939.21441920227     
   11.4390700000000        2966.24054807931     
   11.4491100000000        2963.35374720792     
   11.4591400000000        2936.14132059758     
   11.4691700000000        2903.50687097118     
   11.4792000000000        2882.73862521069     
   11.4892200000000        2879.94089923687     
   11.4992400000000        2893.02375693883     
   11.5092500000000        2911.03661694423     
   11.5192700000000        2909.61514349083     
   11.5292800000000        2891.75797370862     
   11.5392800000000        2882.23672969479     
   11.5492900000000        2887.49782697505     
   11.5592900000000        2898.47652339252     
   11.5692800000000        2904.83887362435     
   11.5792800000000        2911.76674627799     
   11.5892700000000        2926.12706207696     
   11.5992600000000        2942.43617930248     
   11.6092400000000        2960.58542275283     
   11.6192200000000        2978.25387213141     
   11.6292000000000        2985.79955946392     
   11.6391700000000        2984.16099919761     
   11.6491500000000        2978.81125942589     
   11.6591200000000        2975.61521291047     
   11.6690800000000        2975.45948965768     
   11.6790400000000        2976.11182759020     
   11.6890000000000        2974.91805404386     
   11.6989600000000        2970.88591996255     
   11.7089100000000        2974.91913522769     
   11.7188600000000        2993.99118521132     
   11.7288100000000        3015.11574081689     
   11.7387500000000        3028.71035236421     
   11.7486900000000        3032.63154945477     
   11.7586300000000        3015.81335606198     
   11.7685600000000        2984.63164729242     
   11.7784900000000        2951.38969137727     
   11.7884200000000        2902.84416190215     
   11.7983400000000        2850.86673524055     
   11.8082600000000        2826.95254381725     
   11.8181800000000        2837.07820941322     
   11.8281000000000        2863.71017519499     
   11.8380100000000        2877.52360474793     
   11.8479200000000        2863.23423299074     
   11.8578200000000        2827.26774197101     
   11.8677200000000        2780.92148868684     
   11.8776200000000        2731.89814210964     
   11.8875200000000        2680.25055382504     
   11.8974100000000        2628.48723228758     
   11.9073000000000        2584.32031578407     
   11.9171900000000        2554.24300198888     
   11.9270700000000        2536.53273697155     
   11.9369500000000        2526.67337027168     
   11.9468300000000        2527.46035434499     
   11.9567000000000        2537.56628199663     
   11.9665700000000        2541.94202798955     
   11.9764400000000        2520.80408218982     
   11.9863000000000        2468.29667609488     
   11.9961600000000        2403.79052166713     
   12.0060200000000        2351.96190419195     
   12.0158700000000        2318.36207960176     
   12.0257300000000        2297.74652678135     
   12.0355700000000        2294.28224630107     
   12.0454200000000        2316.87593894858     
   12.0552600000000        2362.56079025121     
   12.0651000000000        2415.53452870395     
   12.0749400000000        2464.28673790665     
   12.0847700000000        2506.75048775081     
   12.0946000000000        2550.62064780397     
   12.1044200000000        2600.96328913369     
   12.1142500000000        2644.60326481399     
   12.1240700000000        2672.19255324611     
   12.1338800000000        2698.67051335429     
   12.1437000000000        2747.37778960970     
   12.1535100000000        2821.48339252289     
   12.1633100000000        2897.53142739675     
   12.1731200000000        2955.22447387912     
   12.1829200000000        2995.29809662707     
   12.1927200000000        3020.89141700032     
   12.2025100000000        3040.32493957993     
   12.2123000000000        3062.21451273971     
   12.2220900000000        3074.62385810816     
   12.2318700000000        3069.13681602991     
   12.2416600000000        3055.15012449230     
   12.2514300000000        3038.40771971959     
   12.2612100000000        3023.06141053406     
   12.2709800000000        3025.17930729516     
   12.2807500000000        3057.62423850301     
   12.2905200000000        3110.82578863345     
   12.3002800000000        3169.58464049255     
   12.3100400000000        3228.75339511998     
   12.3198000000000        3279.08032245473     
   12.3295500000000        3304.96102335772     
   12.3393000000000        3309.09471348598     
   12.3490500000000        3315.35505973241     
   12.3587900000000        3339.57035402776     
   12.3685300000000        3371.74193623788     
   12.3782700000000        3387.35403477988     
   12.3880000000000        3379.29755511644     
   12.3977300000000        3365.81506240166     
   12.4074600000000        3363.19245060796     
   12.4171800000000        3368.12107528243     
   12.4269100000000        3367.81723643942     
   12.4366200000000        3356.00484279265     
   12.4463400000000        3331.83833442678     
   12.4560500000000        3288.06763130094     
   12.4657600000000        3217.30013594459     
   12.4754700000000        3126.69011525439     
   12.4851700000000        3041.24220607747     
   12.4948700000000        2986.00813389804     
   12.5045600000000        2973.83878408671     
   12.5142600000000        3004.06961812239     
   12.5239500000000        3063.67168248405     
   12.5336300000000        3130.64673495208     
   12.5433200000000        3184.50705428013     
   12.5530000000000        3214.04782121851     
   12.5626800000000        3221.36589551943     
   12.5723500000000        3216.96149078070     
   12.5820200000000        3208.66949572056     
   12.5916900000000        3197.18118921843     
   12.6013500000000        3177.10217145017     
   12.6110100000000        3150.15293879263     
   12.6206700000000        3129.69153893284     
   12.6303300000000        3120.54705756698     
   12.6399800000000        3116.64523221743     
   12.6496300000000        3109.57679446974     
   12.6592700000000        3087.06902478745     
   12.6689200000000        3041.34928769227     
   12.6785500000000        2986.02697228171     
   12.6881900000000        2947.41794716315     
   12.6978200000000        2942.89184110833     
   12.7074500000000        2977.39480532703     
   12.7170800000000        3047.11628591211     
   12.7267000000000        3135.81159984256     
   12.7363200000000        3218.64193032366     
   12.7459400000000        3276.93410564060     
   12.7555500000000        3304.86356909236     
   12.7651600000000        3305.16621689386     
   12.7747700000000        3284.94624720751     
   12.7843800000000        3252.92812486128     
   12.7939800000000        3223.71821759704     
   12.8035800000000        3215.10877531726     
   12.8131700000000        3232.50353260736     
   12.8227600000000        3260.75700867370     
   12.8323500000000        3280.09417881544     
   12.8419400000000        3286.99099114521     
   12.8515200000000        3290.98391749049     
   12.8611000000000        3299.88424081220     
   12.8706700000000        3314.78301368936     
   12.8802500000000        3333.44218248785     
   12.8898100000000        3351.15832876429     
   12.8993800000000        3363.30286817415     
   12.9089400000000        3373.61150392013     
   12.9185000000000        3393.51250810820     
   12.9280600000000        3430.17802725225     
   12.9376100000000        3478.48851726637     
   12.9471700000000        3528.63646220425     
   12.9567100000000        3577.34932823780     
   12.9662600000000        3626.88290704968     
   12.9758000000000        3674.83865203892     
   12.9853400000000        3715.10094884076     
   12.9948700000000        3745.36803708915     
   13.0044000000000        3763.73022530845     
   13.0139300000000        3766.20260071191     
   13.0234600000000        3757.92858139189     
   13.0329800000000        3754.08372239447     
   13.0425000000000        3763.60178445712     
   13.0520100000000        3783.45523838315     
   13.0615200000000        3805.79217788622     
   13.0710300000000        3826.44085609622     
   13.0805400000000        3847.62947523735     
   13.0900400000000        3874.52852240401     
   13.0995400000000        3915.25375880451     
   13.1090400000000        3978.10031501595     
   13.1185300000000        4061.23672971340     
   13.1280200000000        4150.63505941391     
   13.1375100000000        4230.55813407524     
   13.1469900000000        4293.67342397018     
   13.1564700000000        4342.30281094182     
   13.1659500000000        4382.95452326025     
   13.1754300000000        4419.76746731174     
   13.1849000000000        4454.16512265847     
   13.1943700000000        4488.17978762641     
   13.2038300000000        4524.22409831244     
   13.2132900000000        4561.58452793794     
   13.2227500000000        4591.85784028973     
   13.2322100000000        4604.61686565458     
   13.2416600000000        4597.54704361772     
   13.2511100000000        4577.60441680009     
   13.2605500000000        4556.04421874326     
   13.2700000000000        4540.19374149043     
   13.2794400000000        4528.86562400747     
   13.2888700000000        4514.86806739467     
   13.2983100000000        4490.17358097287     
   13.3077400000000        4449.88456730625     
   13.3171600000000        4397.76763257328     
   13.3265900000000        4345.24134153458     
   13.3360100000000        4301.78247430414     
   13.3454300000000        4269.65598039287     
   13.3548400000000        4245.75998580378     
   13.3642500000000        4226.19688077062     
   13.3736600000000        4210.29251734181     
   13.3830600000000        4199.15885376600     
   13.3924700000000        4195.71048984627     
   13.4018600000000        4204.62314860935     
   13.4112600000000        4222.73728132815     
   13.4206500000000        4236.62462351756     
   13.4300400000000        4237.94076255659     
   13.4394300000000        4230.86886934233     
   13.4488100000000        4223.34662978885     
   13.4581900000000        4219.83151940925     
   13.4675600000000        4221.03975687343     
   13.4769400000000        4224.88807682252     
   13.4863100000000        4230.13649687758     
   13.4956700000000        4240.97120768488     
   13.5050400000000        4261.31531047281     
   13.5144000000000        4285.08269437162     
   13.5237600000000        4298.89631241717     
   13.5331100000000        4293.28510273509     
   13.5424600000000        4270.47461943768     
   13.5518100000000        4240.51251105348     
   13.5611500000000        4214.03239354437     
   13.5704900000000        4199.75015305676     
   13.5798300000000        4203.31576843578     
   13.5891700000000        4225.54439423797     
   13.5985000000000        4261.20045775534     
   13.6078300000000        4301.68205686668     
   13.6171500000000        4340.34446152169     
   13.6264800000000        4374.68362832305     
   13.6358000000000        4404.26452717130     
   13.6451100000000        4429.53150925218     
   13.6544200000000        4452.14890670922     
   13.6637300000000        4473.66450263082     
   13.6730400000000        4493.29162411108     
   13.6823400000000        4508.71876890711     
   13.6916400000000        4518.66897755039     
   13.7009400000000        4523.19090675420     
   13.7102400000000        4521.48457222785     
   13.7195300000000        4512.17945947640     
   13.7288100000000        4497.33369769523     
   13.7381000000000        4483.43897581932     
   13.7473800000000        4476.38760517029     
   13.7566600000000        4475.58334818570     
   13.7659300000000        4474.22092139793     
   13.7752000000000        4467.19449482702     
   13.7844700000000        4457.17060325246     
   13.7937400000000        4451.71072436319     
   13.8030000000000        4458.46319002060     
   13.8122600000000        4483.24285723185     
   13.8215200000000        4529.17961521521     
   13.8307700000000        4595.63253545422     
   13.8400200000000        4678.27259075035     
   13.8492600000000        4770.83972472679     
   13.8585100000000        4865.79871912083     
   13.8677500000000        4953.04671076960     
   13.8769800000000        5024.52025998287     
   13.8862200000000        5078.10686541947     
   13.8954500000000        5115.52790206939     
   13.9046800000000        5137.52553047430     
   13.9139000000000        5141.58244136758     
   13.9231200000000        5125.60923618438     
   13.9323400000000        5091.96045751809     
   13.9415500000000        5050.04752844366     
   13.9507700000000        5016.65619940799     
   13.9599700000000        5009.85423846597     
   13.9691800000000        5037.58163927520     
   13.9783800000000        5093.01103349653     
   13.9875800000000        5160.19647924072     
   13.9967800000000        5222.42334711171     
   14.0059700000000        5269.51732427277     
   14.0151600000000        5302.36545514675     
   14.0243400000000        5328.14462438733     
   14.0335300000000        5352.84709555845     
   14.0427100000000        5378.78373672887     
   14.0518800000000        5404.26889750300     
   14.0610600000000        5423.87757396005     
   14.0702300000000        5431.86267555175     
   14.0794000000000        5426.79117554539     
   14.0885600000000        5412.95927303168     
   14.0977200000000        5397.26366986486     
   14.1068800000000        5385.44220864780     
   14.1160300000000        5381.77601152534     
   14.1251800000000        5388.50565202297     
   14.1343300000000        5402.32704451501     
   14.1434800000000        5414.14707762557     
   14.1526200000000        5415.68226143523     
   14.1617600000000        5405.04194302165     
   14.1708900000000        5385.62751785316     
   14.1800300000000        5364.02436642250     
   14.1891500000000        5350.66042443887     
   14.1982800000000        5356.77312852032     
   14.2074000000000        5387.04288459192     
   14.2165200000000        5435.64442119944     
   14.2256400000000        5490.53534139164     
   14.2347500000000        5541.63189276164     
   14.2438600000000        5587.17387576604     
   14.2529700000000        5634.29005592676     
   14.2620700000000        5694.29930692490     
   14.2711800000000        5776.57279099973     
   14.2802700000000        5883.84982650121     
   14.2893700000000        6012.43160983770     
   14.2984600000000        6151.71909212974     
   14.3075500000000        6288.15366919033     
   14.3166300000000        6411.02738663990     
   14.3257100000000        6518.93314968541     
   14.3347900000000        6616.24522192469     
   14.3438700000000        6703.32861464433     
   14.3529400000000        6772.35787785262     
   14.3620100000000        6812.79714176020     
   14.3710700000000        6817.44039519997     
   14.3801400000000        6784.84821342763     
   14.3892000000000        6719.74979703537     
   14.3982500000000        6631.45874989347     
   14.4073100000000        6529.43290079862     
   14.4163600000000        6421.35746067540     
   14.4254000000000        6313.61045091944     
   14.4344500000000        6212.16700688946     
   14.4434900000000        6121.60916624051     
   14.4525200000000        6042.01625105584     
   14.4615600000000        5969.22947451642     
   14.4705900000000        5899.15161402004     
   14.4796200000000        5831.38954456685     
   14.4886400000000        5769.20423036647     
   14.4976600000000        5714.87914622712     
   14.5066800000000        5667.63635789430     
   14.5157000000000        5624.89049815903     
   14.5247100000000        5584.63641703978     
   14.5337200000000        5547.16238708000     
   14.5427200000000        5515.97665679105     
   14.5517300000000        5496.62204957878     
   14.5607300000000        5494.75186472647     
   14.5697200000000        5513.09184975753     
   14.5787100000000        5548.89531931268     
   14.5877000000000        5594.13153027366     
   14.5966900000000        5639.12504802968     
   14.6056700000000        5676.86603259244     
   14.6146600000000        5705.79801450233     
   14.6236300000000        5728.43015693040     
   14.6326100000000        5746.86849408665     
   14.6415800000000        5758.73560687224     
   14.6505400000000        5759.93664036297     
   14.6595100000000        5750.71205920437     
   14.6684700000000        5736.38388990977     
   14.6774300000000        5721.86397589068     
   14.6863800000000        5708.61401057535     
   14.6953400000000        5696.44301200437     
   14.7042800000000        5685.17887516611     
   14.7132300000000        5674.22820763051     
   14.7221700000000        5663.11635058462     
   14.7311100000000        5652.07803639729     
   14.7400500000000        5641.23153517301     
   14.7489800000000        5628.12994745452     
   14.7579100000000        5606.10650625237     
   14.7668400000000        5567.25400339880     
   14.7757600000000        5508.88121834756     
   14.7846800000000        5436.15264720818     
   14.7936000000000        5359.01879396915     
   14.8025100000000        5287.48939704525     
   14.8114200000000        5229.00055669469     
   14.8203300000000        5188.98190231071     
   14.8292300000000        5171.05604246492     
   14.8381300000000        5175.55405181976     
   14.8470300000000        5198.68260380629     
   14.8559300000000        5233.86949470810     
   14.8648200000000        5274.20149962694     
   14.8737100000000        5314.06297106644     
   14.8825900000000        5348.72916242237     
   14.8914700000000        5374.35517219068     
   14.9003500000000        5389.22391572065     
   14.9092300000000        5394.60877247139     
   14.9181000000000        5392.92607801232     
   14.9269700000000        5385.26817034694     
   14.9358400000000        5371.19777331413     
   14.9447000000000        5350.02621068771     
   14.9535600000000        5321.45118863197     
   14.9624200000000        5285.75435035177     
   14.9712700000000        5244.21908807825     
   14.9801200000000        5199.55032627206     
   14.9889700000000        5155.78113771035     
   14.9978100000000        5116.84882944230     
   15.0066500000000        5085.04980674923     
   15.0154900000000        5060.86434374184     
   15.0243300000000        5043.04426449040     
   15.0331600000000        5028.76688829588     
   15.0419900000000        5014.40876383391     
   15.0508100000000        4997.20216307653     
   15.0596300000000        4976.34690039907     
   15.0684500000000        4953.03529233230     
   15.0772700000000        4929.17408448917     
   15.0860800000000        4905.60992779242     
   15.0948900000000        4881.54261484085     
   15.1037000000000        4856.47115823343     
   15.1125000000000        4832.26888567305     
   15.1213000000000        4812.25573763779     
   15.1301000000000        4798.40034245933     
   15.1388900000000        4790.05729840586     
   15.1476800000000        4785.41798098704     
   15.1564700000000        4783.51017700984     
   15.1652500000000        4784.62934023856     
   15.1740300000000        4789.38490369413     
   15.1828100000000        4797.40107685145     
   15.1915800000000        4806.58858163021     
   15.2003500000000        4813.41643208240     
   15.2091200000000        4813.62152300793     
   15.2178900000000        4803.13836521530     
   15.2266500000000        4779.34059672556     
   15.2354100000000        4742.13195824919     
   15.2441600000000        4694.00383354886     
   15.2529200000000        4637.70810365913     
   15.2616700000000        4574.22690261268     
   15.2704100000000        4502.80952947803     
   15.2791500000000        4424.27876390437     
   15.2878900000000        4343.61659820615     
   15.2966300000000        4268.34229350935     
   15.3053600000000        4204.33302751755     
   15.3140900000000        4152.66087455080     
   15.3228200000000        4110.36461338579     
   15.3315400000000        4073.40032381824     
   15.3402600000000        4039.83464017194     
   15.3489800000000        4011.31720327703     
   15.3577000000000        3991.41601406918     
   15.3664100000000        3982.38992946154     
   15.3751200000000        3982.87207314708     
   15.3838200000000        3988.26211650150     
   15.3925200000000        3992.75987292282     
   15.4012200000000        3990.96289708140     
   15.4099200000000        3978.75727556751     
   15.4186100000000        3954.41534394041     
   15.4273000000000        3919.29508785327     
   15.4359800000000        3877.38893768604     
   15.4446700000000        3833.51876963568     
   15.4533400000000        3792.22194335434     
   15.4620200000000        3756.37496718795     
   15.4706900000000        3727.32250377038     
   15.4793600000000        3704.32052789470     
   15.4880300000000        3684.83901237502     
   15.4966900000000        3665.33790167985     
   15.5053500000000        3642.67841932167     
   15.5140100000000        3615.66680936606     
   15.5226700000000        3585.54050939964     
   15.5313200000000        3555.10965226007     
   15.5399600000000        3527.06254997641     
   15.5486100000000        3502.81359786846     
   15.5572500000000        3482.48334355067     
   15.5658900000000        3464.96259136816     
   15.5745200000000        3448.42137805339     
   15.5831600000000        3430.66373075239     
   15.5917900000000        3409.70242155516     
   15.6004100000000        3383.97895621471     
   15.6090300000000        3352.60703403582     
   15.6176500000000        3315.52082945196     
   15.6262700000000        3273.33563181811     
   15.6348800000000        3227.20070786929     
   15.6434900000000        3178.54047221477     
   15.6521000000000        3129.29600414893     
   15.6607000000000        3082.06066599639     
   15.6693000000000        3039.69591390969     
   15.6779000000000        3004.76416868983     
   15.6864900000000        2978.53088737559     
   15.6950800000000        2960.14559853179     
   15.7036700000000        2946.64346762966     
   15.7122600000000        2933.74295139495     
   15.7208400000000        2917.58845336441     
   15.7294100000000        2896.42932159058     
   15.7379900000000        2871.29763012144     
   15.7465600000000        2845.67829278485     
   15.7551300000000        2823.75481292397     
   15.7637000000000        2808.52301081717     
   15.7722600000000        2800.41702263067     
   15.7808200000000        2797.36982112210     
   15.7893700000000        2796.08603430631     
   15.7979300000000        2793.36767669507     
   15.8064700000000        2786.90839384832     
   15.8150200000000        2775.49916281431     
   15.8235600000000        2759.31728797707     
   15.8321000000000        2740.01327123352     
   15.8406400000000        2720.33798402358     
   15.8491800000000        2703.01729692179     
   15.8577100000000        2689.72354151632     
   15.8662300000000        2680.72918373431     
   15.8747600000000        2675.17327528522     
   15.8832800000000        2671.50073010235     
   15.8918000000000        2667.99697273913     
   15.9003100000000        2663.54725112529     
   15.9088200000000        2657.96642539002     
   15.9173300000000        2651.75659811434     
   15.9258400000000        2645.65421038089     
   15.9343400000000        2640.32288605442     
   15.9428400000000        2636.01122987686     
   15.9513300000000        2632.11181305360     
   15.9598300000000        2626.76889811466     
   15.9683100000000        2617.12987405911     
   15.9768000000000        2600.24541147582     
   15.9852800000000        2574.59544157581     
   15.9937600000000        2540.92921915322     
   16.0022400000000        2502.16330741157     
   16.0107100000000        2462.23447348955     
   16.0191800000000        2424.60549152281     
   16.0276500000000        2391.53948027659     
   16.0361200000000        2363.66016247474     
   16.0445800000000        2339.93949030543     
   16.0530300000000        2318.03713067131     
   16.0614900000000        2295.17932368448     
   16.0699400000000        2269.51440512703     
   16.0783900000000        2240.96535103821     
   16.0868300000000        2211.58353226642     
   16.0952800000000        2184.46512417833     
   16.1037100000000        2162.47825410411     
   16.1121500000000        2146.81198378603     
   16.1205800000000        2137.20365912199     
   16.1290100000000        2132.54164323857     
   16.1374400000000        2131.84264135960     
   16.1458600000000        2134.51460314610     
   16.1542800000000        2139.88910915632     
   16.1627000000000        2146.51275991040     
   16.1711100000000        2151.86869858137     
   16.1795200000000        2152.76859751692     
   16.1879300000000        2146.12742607422     
   16.1963300000000        2130.00945046611     
   16.2047300000000        2104.52561977003     
   16.2131300000000        2072.23504642531     
   16.2215200000000        2037.51035259846     
   16.2299100000000        2004.88257693441     
   16.2383000000000        1977.74175155665     
   16.2466900000000        1957.70896103790     
   16.2550700000000        1944.73813352455     
   16.2634500000000        1937.31878064596     
   16.2718200000000        1932.89434762720     
   16.2802000000000        1928.53699222949     
   16.2885600000000        1922.01801567699     
   16.2969300000000        1912.54525423609     
   16.3052900000000        1900.96605365128     
   16.3136500000000        1889.09868822495     
   16.3220100000000        1878.92480601310     
   16.3303600000000        1872.04957892951     
   16.3387100000000        1869.64434231974     
   16.3470600000000        1872.71429229859     
   16.3554000000000        1882.18287910124     
   16.3637400000000        1898.69943077943     
   16.3720800000000        1922.11673094515     
   16.3804200000000        1951.00252658279     
   16.3887500000000        1982.53757182821     
   16.3970700000000        2013.10605358738     
   16.4054000000000        2039.10148206990     
   16.4137200000000        2057.32060664109     
   16.4220400000000        2065.53471546329     
   16.4303500000000        2062.67867617028     
   16.4386700000000        2049.20466007832     
   16.4469700000000        2027.21962772225     
   16.4552800000000        1999.75902061753     
   16.4635800000000        1970.06165811531     
   16.4718800000000        1940.35607018633     
   16.4801800000000        1911.47665827428     
   16.4884700000000        1883.11156477484     
   16.4967600000000        1854.54562520630     
   16.5050500000000        1825.61621568805     
   16.5133300000000        1797.00550112057     
   16.5216100000000        1769.77855954874     
   16.5298900000000        1744.84850053077     
   16.5381600000000        1722.47330957189     
   16.5464300000000        1702.06177921102     
   16.5547000000000        1682.53005450869     
   16.5629700000000        1662.73061447486     
   16.5712300000000        1641.85473732963     
   16.5794900000000        1619.46087018966     
   16.5877400000000        1595.44087764298     
   16.5959900000000        1569.73130599867     
   16.6042400000000        1542.31866186884     
   16.6124900000000        1513.24303924146     
   16.6207300000000        1482.73360736333     
   16.6289700000000        1451.23843642885     
   16.6372000000000        1419.65605353498     
   16.6454400000000        1389.05806714089     
   16.6536700000000        1360.73689434553     
   16.6618900000000        1335.79181502932     
   16.6701200000000        1315.06062237934     
   16.6783400000000        1299.16049646384     
   16.6865500000000        1288.15442269429     
   16.6947700000000        1281.53360115194     
   16.7029800000000        1278.34762460259     
   16.7111900000000        1277.30144220790     
   16.7193900000000        1276.94607619503     
   16.7275900000000        1275.80197249557     
   16.7357900000000        1272.53466884668     
   16.7439800000000        1266.19810017228     
   16.7521800000000        1256.40704065762     
   16.7603600000000        1243.48671349608     
   16.7685500000000        1228.23079934631     
   16.7767300000000        1211.85108741311     
   16.7849100000000        1195.61852832406     
   16.7930900000000        1180.76956698092     
   16.8012600000000        1168.38917000957     
   16.8094300000000        1159.22495557618     
   16.8175900000000        1153.55299308864     
   16.8257600000000        1150.99851583113     
   16.8339200000000        1150.68652710249     
   16.8420700000000        1151.61884340928     
   16.8502300000000        1153.20257827281     
   16.8583800000000        1155.50559344046     
   16.8665300000000        1159.10953050499     
   16.8746700000000        1164.62158516917     
   16.8828100000000        1172.22001690207     
   16.8909500000000        1181.43107105742     
   16.8990800000000        1191.24346066175     
   16.9072100000000        1200.48205631350     
   16.9153400000000        1208.07744378676     
   16.9234700000000        1213.15908276184     
   16.9315900000000        1214.93869876199     
   16.9397100000000        1212.61294424422     
   16.9478200000000        1205.42409609853     
   16.9559400000000        1192.86999652118     
   16.9640500000000        1175.08454457886     
   16.9721500000000        1152.96344093015     
   16.9802600000000        1128.02595213603     
   16.9883600000000        1102.24434771228     
   16.9964500000000        1077.40059252713     
   17.0045500000000        1054.72167572273     
   17.0126400000000        1034.89449925357     
   17.0207200000000        1017.90604367071     
   17.0288100000000        1003.23858431394     
   17.0368900000000        990.220731878977     
   17.0449700000000        978.136247444161     
   17.0530400000000        966.480513701345     
   17.0611100000000        954.948579590256     
   17.0691800000000        943.411909845310     
