   7.15970000000000        472.227243290448     
   7.17100000000000        468.489141361693     
   7.18231000000000        464.741403195544     
   7.19360000000000        446.722487704999     
   7.20490000000000        426.211680637696     
   7.21619000000000        407.829174973872     
   7.22748000000000        400.183389435406     
   7.23877000000000        407.019164903112     
   7.25005000000000        399.601250366189     
   7.26133000000000        385.512613500564     
   7.27261000000000        359.791340766243     
   7.28388000000000        340.508878312712     
   7.29515000000000        322.590041344205     
   7.30642000000000        324.036132550697     
   7.31768000000000        322.510133572358     
   7.32894000000000        325.447596647401     
   7.34020000000000        335.418236187601     
   7.35146000000000        356.259170599244     
   7.36271000000000        374.901734120273     
   7.37396000000000        396.052500165701     
   7.38520000000000        399.426580472467     
   7.39644000000000        384.573307833148     
   7.40768000000000        374.924916085630     
   7.41892000000000        363.174191146569     
   7.43015000000000        350.885400502401     
   7.44138000000000        351.032317108525     
   7.45261000000000        337.733986535965     
   7.46383000000000        322.945213590597     
   7.47505000000000        314.954141125349     
   7.48626000000000        302.388519770727     
   7.49748000000000        303.767187473145     
   7.50869000000000        308.685480534869     
   7.51990000000000        303.353873827679     
   7.53110000000000        303.142502089197     
   7.54230000000000        313.343193722613     
   7.55350000000000        322.040669362329     
   7.56469000000000        321.048059874866     
   7.57588000000000        318.244211825110     
   7.58707000000000        318.076157523008     
   7.59826000000000        328.113003432482     
   7.60944000000000        335.795583037788     
   7.62062000000000        347.196841304139     
   7.63179000000000        359.277514117897     
   7.64296000000000        355.610003401347     
   7.65413000000000        345.200406080649     
   7.66530000000000        337.746618511687     
   7.67646000000000        335.216493577378     
   7.68762000000000        344.290593356443     
   7.69878000000000        348.117179053221     
   7.70993000000000        336.196758712112     
   7.72108000000000        322.524844076968     
   7.73223000000000        319.775671297569     
   7.74337000000000        322.905231338471     
   7.75451000000000        320.120025493627     
   7.76565000000000        315.191364976745     
   7.77678000000000        310.406252345200     
   7.78791000000000        308.748598784221     
   7.79904000000000        311.117941044842     
   7.81017000000000        318.263358862395     
   7.82129000000000        324.175080058487     
   7.83241000000000        330.614317300295     
   7.84352000000000        334.738520312346     
   7.85463000000000        333.188952358612     
   7.86574000000000        331.024331133980     
   7.87685000000000        325.992274924164     
   7.88795000000000        322.808331678447     
   7.89905000000000        324.760748213719     
   7.91015000000000        321.807140230310     
   7.92124000000000        303.257841872633     
   7.93233000000000        289.788015174426     
   7.94342000000000        283.400935680520     
   7.95450000000000        278.010036464996     
   7.96558000000000        269.901920842402     
   7.97666000000000        254.447523824709     
   7.98773000000000        238.643518453844     
   7.99880000000000        228.743000894563     
   8.00987000000000        217.593413628682     
   8.02093000000000        207.778037218162     
   8.03200000000000        209.217678230538     
   8.04305000000000        212.345342022429     
   8.05411000000000        210.269333247332     
   8.06516000000000        213.070481885429     
   8.07621000000000        221.750803802031     
   8.08726000000000        230.713902115941     
   8.09830000000000        235.495079028617     
   8.10934000000000        240.501123139648     
   8.12037000000000        240.171482095392     
   8.13141000000000        236.180905979754     
   8.14244000000000        228.682068917563     
   8.15346000000000        220.846460779781     
   8.16449000000000        212.744433071536     
   8.17551000000000        204.778599366424     
   8.18652000000000        192.282940081634     
   8.19754000000000        177.100780575555     
   8.20855000000000        166.574884888160     
   8.21955000000000        162.198195070677     
   8.23056000000000        163.210100219726     
   8.24156000000000        165.019759665341     
   8.25256000000000        166.833648481431     
   8.26355000000000        165.524221454538     
   8.27454000000000        163.211578008848     
   8.28553000000000        164.710026075824     
   8.29652000000000        172.013880687212     
   8.30750000000000        185.505593438665     
   8.31848000000000        196.942105260230     
   8.32946000000000        203.191464726859     
   8.34043000000000        206.434960217582     
   8.35140000000000        209.238904019722     
   8.36236000000000        211.626142932634     
   8.37333000000000        214.981218761057     
   8.38429000000000        219.687476543497     
   8.39524000000000        226.074193927172     
   8.40620000000000        231.057597088545     
   8.41715000000000        235.917366800109     
   8.42810000000000        237.698568779479     
   8.43904000000000        240.211161774058     
   8.44998000000000        240.287498382271     
   8.46092000000000        240.784238448016     
   8.47185000000000        241.588886334619     
   8.48278000000000        242.202379381408     
   8.49371000000000        240.842234873008     
   8.50464000000000        237.620693760912     
   8.51556000000000        233.867307712888     
   8.52648000000000        230.668901752075     
   8.53739000000000        228.967489989363     
   8.54831000000000        228.853347994570     
   8.55922000000000        230.549745973144     
   8.57012000000000        234.354737517908     
   8.58103000000000        239.165591367440     
   8.59193000000000        243.941516327648     
   8.60282000000000        247.693271059683     
   8.61372000000000        250.812507482082     
   8.62461000000000        256.769146788409     
   8.63549000000000        262.362438304105     
   8.64638000000000        265.721577919626     
   8.65726000000000        267.294319677353     
   8.66814000000000        269.375280697144     
   8.67901000000000        273.712676377608     
   8.68988000000000        278.146845281107     
   8.70075000000000        278.759721166647     
   8.71161000000000        277.310168338025     
   8.72248000000000        276.571832859577     
   8.73333000000000        273.338681866473     
   8.74419000000000        266.759860659919     
   8.75504000000000        258.777271177763     
   8.76589000000000        251.837496857016     
   8.77674000000000        247.334220612470     
   8.78758000000000        243.274312778453     
   8.79842000000000        239.929208946516     
   8.80926000000000        237.544426115784     
   8.82009000000000        234.466017087596     
   8.83092000000000        229.530899124963     
   8.84175000000000        226.048162790984     
   8.85257000000000        221.486478508949     
   8.86339000000000        220.222028886549     
   8.87421000000000        221.752607262896     
   8.88502000000000        222.249590672358     
   8.89583000000000        222.530144314250     
   8.90664000000000        223.196315060366     
   8.91745000000000        223.740555588373     
   8.92825000000000        223.358195582721     
   8.93905000000000        222.296337593203     
   8.94984000000000        221.844044419977     
   8.96063000000000        222.987912444438     
   8.97142000000000        225.761723061124     
   8.98221000000000        229.134541932209     
   8.99299000000000        234.583273268099     
   9.00377000000000        240.728476040269     
   9.01455000000000        246.380339832607     
   9.02532000000000        255.186163394620     
   9.03609000000000        269.725282488201     
   9.04686000000000        294.388615030577     
   9.05762000000000        325.322593314479     
   9.06838000000000        359.058815923030     
   9.07914000000000        391.547717724258     
   9.08989000000000        408.205161656914     
   9.10064000000000        404.531784122379     
   9.11139000000000        393.904719301952     
   9.12214000000000        387.372090197420     
   9.13288000000000        385.181903531187     
   9.14362000000000        385.532113553751     
   9.15435000000000        373.153395983801     
   9.16508000000000        347.869813110289     
   9.17581000000000        332.269436168026     
   9.18654000000000        336.619397929607     
   9.19726000000000        340.413835032989     
   9.20798000000000        332.159879972693     
   9.21870000000000        323.536027364461     
   9.22941000000000        318.929756043983     
   9.24012000000000        312.697387845850     
   9.25082000000000        302.909872871806     
   9.26153000000000        295.086946944832     
   9.27223000000000        289.101793358019     
   9.28293000000000        291.003493818815     
   9.29362000000000        300.746082043692     
   9.30431000000000        308.870590021945     
   9.31500000000000        302.381178729747     
   9.32568000000000        296.571176308836     
   9.33636000000000        310.277980299654     
   9.34704000000000        339.720449844554     
   9.35772000000000        368.595983628985     
   9.36839000000000        384.256582702800     
   9.37906000000000        385.506664624660     
   9.38972000000000        386.370699395610     
   9.40038000000000        395.992050929655     
   9.41104000000000        412.457629619339     
   9.42170000000000        426.219909915557     
   9.43235000000000        435.665953825506     
   9.44300000000000        447.507004082732     
   9.45365000000000        467.266330931391     
   9.46429000000000        483.222827647390     
   9.47493000000000        491.272002926282     
   9.48557000000000        501.791463240876     
   9.49620000000000        503.999257248926     
   9.50683000000000        500.832236266123     
   9.51746000000000        490.015071996158     
   9.52808000000000        488.338511348701     
   9.53871000000000        506.372015031271     
   9.54932000000000        531.741946545781     
   9.55994000000000        563.606568782516     
   9.57055000000000        581.886250970526     
   9.58116000000000        579.701589013688     
   9.59176000000000        573.075795459146     
   9.60237000000000        575.061370855318     
   9.61296000000000        580.550184226990     
   9.62356000000000        596.251566724183     
   9.63415000000000        614.970033852873     
   9.64474000000000        621.650001975303     
   9.65533000000000        617.984404525816     
   9.66591000000000        618.599397368073     
   9.67649000000000        628.698687461671     
   9.68707000000000        641.348865283598     
   9.69764000000000        654.062525854789     
   9.70821000000000        671.861827366017     
   9.71878000000000        712.987948458803     
   9.72934000000000        770.752000547537     
   9.73990000000000        813.108946456999     
   9.75046000000000        828.314565150773     
   9.76102000000000        830.088033460838     
   9.77157000000000        838.483920183112     
   9.78212000000000        848.326897848799     
   9.79266000000000        847.065668922198     
   9.80320000000000        841.065571216233     
   9.81374000000000        831.877412719304     
   9.82428000000000        826.533416038776     
   9.83481000000000        833.185477976262     
   9.84534000000000        841.344221402896     
   9.85586000000000        849.191447138668     
   9.86639000000000        852.970489130277     
   9.87691000000000        824.254741918636     
   9.88742000000000        791.053031370263     
   9.89794000000000        797.647130960422     
   9.90845000000000        819.492480041239     
   9.91895000000000        826.253407171453     
   9.92946000000000        823.977218726872     
   9.93996000000000        810.059178079037     
   9.95046000000000        786.987409009303     
   9.96095000000000        761.983264523795     
   9.97144000000000        737.535675415396     
   9.98193000000000        714.849307538170     
   9.99242000000000        706.670442921935     
   10.0029000000000        716.428899876231     
   10.0133800000000        728.972354088579     
   10.0238500000000        736.897477001761     
   10.0343200000000        731.423042867546     
   10.0447900000000        719.951102500404     
   10.0552600000000        714.120209326364     
   10.0657200000000        711.449850198785     
   10.0761800000000        709.919684287518     
   10.0866400000000        712.434324909575     
   10.0970900000000        720.650878280045     
   10.1075400000000        731.471276910570     
   10.1179900000000        735.062155983699     
   10.1284300000000        731.099239863155     
   10.1388700000000        739.007076325333     
   10.1493100000000        757.492704432973     
   10.1597400000000        755.322358231153     
   10.1701700000000        742.214379292619     
   10.1806000000000        741.719465453069     
   10.1910300000000        742.845738300509     
   10.2014500000000        739.517529692169     
   10.2118700000000        749.770777216221     
   10.2222800000000        770.415175994413     
   10.2326900000000        780.053699726933     
   10.2431000000000        776.112915687773     
   10.2535100000000        767.731626282579     
   10.2639100000000        759.954182260642     
   10.2743100000000        753.899018976114     
   10.2847100000000        764.018056851876     
   10.2951000000000        792.645539908079     
   10.3054900000000        812.815120329507     
   10.3158800000000        815.105936009979     
   10.3262600000000        814.744017612442     
   10.3366400000000        806.905880551827     
   10.3470200000000        792.326029276142     
   10.3573900000000        790.727010398679     
   10.3677600000000        805.142374148874     
   10.3781300000000        816.108676668156     
   10.3884900000000        812.751002589701     
   10.3988600000000        799.231085654507     
   10.4092100000000        782.184101623050     
   10.4195700000000        770.700434043768     
   10.4299200000000        766.874591053681     
   10.4402700000000        764.725215260415     
   10.4506100000000        756.773424657111     
   10.4609600000000        741.384755098503     
   10.4713000000000        722.558317525382     
   10.4816300000000        704.390332992886     
   10.4919600000000        695.098767154789     
   10.5022900000000        695.581231525786     
   10.5126200000000        697.688710530526     
   10.5229400000000        697.415458651020     
   10.5332600000000        686.546970384787     
   10.5435800000000        667.881392670990     
   10.5539000000000        647.426416864339     
   10.5642100000000        626.410387289982     
   10.5745100000000        607.886741236466     
   10.5848200000000        594.216656414208     
   10.5951200000000        582.154705566364     
   10.6054200000000        573.414300538257     
   10.6157100000000        569.575121019140     
   10.6260000000000        571.530476819847     
   10.6362900000000        584.816500168357     
   10.6465800000000        599.602811736257     
   10.6568600000000        607.736477217862     
   10.6671400000000        613.197380936091     
   10.6774100000000        619.227130085057     
   10.6876900000000        627.703417173374     
   10.6979600000000        639.726899731992     
   10.7082200000000        656.668841298427     
   10.7184900000000        680.247566255429     
   10.7287500000000        705.251814823494     
   10.7390000000000        726.332007048082     
   10.7492600000000        744.879671948133     
   10.7595100000000        761.838617980446     
   10.7697500000000        780.904539371492     
   10.7800000000000        809.089806237620     
   10.7902400000000        839.871604946956     
   10.8004800000000        865.286617232128     
   10.8107100000000        884.722482473609     
   10.8209400000000        894.161237864521     
   10.8311700000000        895.662455920705     
   10.8414000000000        902.085423415819     
   10.8516200000000        920.223322160027     
   10.8618400000000        946.942922129891     
   10.8720500000000        970.535625319239     
   10.8822700000000        986.746603343771     
   10.8924800000000        996.711157228124     
   10.9026800000000        1002.52966329569     
   10.9128800000000        1011.06889429180     
   10.9230800000000        1028.75421042722     
   10.9332800000000        1051.51000522156     
   10.9434700000000        1072.09297621353     
   10.9536600000000        1089.81805685545     
   10.9638500000000        1099.46476935844     
   10.9740400000000        1087.56696826103     
   10.9842200000000        1058.90055694731     
   10.9943900000000        1029.68485207094     
   11.0045700000000        1008.36123514109     
   11.0147400000000        998.471475069151     
   11.0249100000000        995.919302767389     
   11.0350700000000        992.882688754051     
   11.0452300000000        986.860618930733     
   11.0553900000000        982.977966579642     
   11.0655500000000        987.793967682275     
   11.0757000000000        1002.65901381855     
   11.0858500000000        1023.03609539548     
   11.0960000000000        1041.98120189383     
   11.1061400000000        1051.43419013044     
   11.1162800000000        1049.93585235934     
   11.1264200000000        1046.10437907491     
   11.1365500000000        1050.79271804594     
   11.1466800000000        1063.71299634274     
   11.1568100000000        1075.53199931054     
   11.1669300000000        1084.57326779565     
   11.1770500000000        1093.88627249325     
   11.1871700000000        1101.75476209525     
   11.1972800000000        1105.10549909588     
   11.2073900000000        1103.49552161325     
   11.2175000000000        1095.06087255381     
   11.2276100000000        1088.56274707535     
   11.2377100000000        1096.44128956004     
   11.2478100000000        1120.38102887855     
   11.2579000000000        1150.11989191774     
   11.2679900000000        1172.55106790985     
   11.2780800000000        1184.88465052880     
   11.2881700000000        1192.70970986990     
   11.2982500000000        1201.41721408967     
   11.3083300000000        1217.42499123270     
   11.3184100000000        1240.08109783951     
   11.3284800000000        1258.34893106269     
   11.3385500000000        1268.03619510244     
   11.3486200000000        1275.87589775422     
   11.3586800000000        1289.30833408842     
   11.3687400000000        1309.87431333982     
   11.3788000000000        1330.43041824574     
   11.3888500000000        1346.63372693237     
   11.3989000000000        1358.64856197508     
   11.4089500000000        1366.60213348561     
   11.4189900000000        1373.51006004618     
   11.4290400000000        1382.20141468205     
   11.4390700000000        1390.43241570455     
   11.4491100000000        1393.12347940366     
   11.4591400000000        1394.58762042274     
   11.4691700000000        1401.79968035981     
   11.4792000000000        1414.04418957096     
   11.4892200000000        1425.78317110952     
   11.4992400000000        1435.53719338965     
   11.5092500000000        1442.87762142926     
   11.5192700000000        1444.59640721014     
   11.5292800000000        1444.11527782625     
   11.5392800000000        1448.00318254557     
   11.5492900000000        1456.64553057422     
   11.5592900000000        1465.77262908041     
   11.5692800000000        1472.17165704844     
   11.5792800000000        1479.92926040128     
   11.5892700000000        1491.69108673439     
   11.5992600000000        1502.72913886394     
   11.6092400000000        1511.60997463634     
   11.6192200000000        1519.15071830624     
   11.6292000000000        1523.85441857860     
   11.6391700000000        1525.72432303818     
   11.6491500000000        1525.52825431144     
   11.6591200000000        1527.28644511498     
   11.6690800000000        1533.78824522031     
   11.6790400000000        1541.83857213937     
   11.6890000000000        1546.38903568421     
   11.6989600000000        1545.92925696548     
   11.7089100000000        1545.35245142686     
   11.7188600000000        1547.85648730823     
   11.7288100000000        1549.38689161380     
   11.7387500000000        1547.53996748046     
   11.7486900000000        1542.84470963381     
   11.7586300000000        1531.00174914909     
   11.7685600000000        1511.27897838315     
   11.7784900000000        1487.00257314207     
   11.7884200000000        1455.68598406329     
   11.7983400000000        1425.57145987837     
   11.8082600000000        1412.09089169677     
   11.8181800000000        1416.58747277180     
   11.8281000000000        1428.62397233693     
   11.8380100000000        1434.87279947352     
   11.8479200000000        1428.56711585647     
   11.8578200000000        1412.83363315223     
   11.8677200000000        1393.56413272589     
   11.8776200000000        1373.77332714630     
   11.8875200000000        1353.43530791549     
   11.8974100000000        1334.52999585819     
   11.9073000000000        1319.53279109730     
   11.9171900000000        1308.42569744273     
   11.9270700000000        1299.26119549026     
   11.9369500000000        1292.19204059098     
   11.9468300000000        1288.60593934216     
   11.9567000000000        1284.64380066683     
   11.9665700000000        1273.55514280967     
   11.9764400000000        1251.28860327265     
   11.9863000000000        1220.02711503398     
   11.9961600000000        1189.83191517299     
   12.0060200000000        1170.07948350453     
   12.0158700000000        1160.80032600939     
   12.0257300000000        1157.96430880682     
   12.0355700000000        1161.98971076429     
   12.0454200000000        1175.32152894480     
   12.0552600000000        1196.88538763197     
   12.0651000000000        1223.05281421491     
   12.0749400000000        1250.77615793000     
   12.0847700000000        1276.45638942110     
   12.0946000000000        1298.58534333088     
   12.1044200000000        1316.94958082523     
   12.1142500000000        1329.20079495542     
   12.1240700000000        1337.55876842737     
   12.1338800000000        1349.64883324218     
   12.1437000000000        1371.95842353909     
   12.1535100000000        1404.93500068362     
   12.1633100000000        1440.30648599657     
   12.1731200000000        1470.16221208709     
   12.1829200000000        1494.07366883901     
   12.1927200000000        1512.61458637536     
   12.2025100000000        1528.59679870561     
   12.2123000000000        1544.38307186345     
   12.2220900000000        1555.13695034363     
   12.2318700000000        1559.19765725935     
   12.2416600000000        1561.39386776751     
   12.2514300000000        1562.76017318960     
   12.2612100000000        1562.55525701913     
   12.2709800000000        1565.68747733599     
   12.2807500000000        1576.96795999195     
   12.2905200000000        1593.07051661627     
   12.3002800000000        1610.30027988920     
   12.3100400000000        1628.94847138015     
   12.3198000000000        1644.97177829693     
   12.3295500000000        1650.05287585234     
   12.3393000000000        1644.51438486659     
   12.3490500000000        1638.79637010446     
   12.3587900000000        1639.87630210898     
   12.3685300000000        1644.89128506888     
   12.3782700000000        1646.08380214511     
   12.3880000000000        1641.76046364858     
   12.3977300000000        1638.59937190626     
   12.4074600000000        1641.09495160766     
   12.4171800000000        1646.18579287768     
   12.4269100000000        1647.88341380078     
   12.4366200000000        1643.13073474039     
   12.4463400000000        1631.43906115658     
   12.4560500000000        1609.90649520995     
   12.4657600000000        1575.25876875137     
   12.4754700000000        1530.20942631539     
   12.4851700000000        1485.59841554817     
   12.4948700000000        1452.40879030248     
   12.5045600000000        1436.46423344367     
   12.5142600000000        1437.84240776529     
   12.5239500000000        1450.87511667562     
   12.5336300000000        1465.80535334356     
   12.5433200000000        1474.23860972620     
   12.5530000000000        1473.54559717680     
   12.5626800000000        1466.56279317125     
   12.5723500000000        1458.16831368946     
   12.5820200000000        1452.09807382288     
   12.5916900000000        1449.35520709231     
   12.6013500000000        1447.68011974588     
   12.6110100000000        1446.16269122805     
   12.6206700000000        1447.44799433644     
   12.6303300000000        1451.16019016593     
   12.6399800000000        1454.30947355958     
   12.6496300000000        1454.43549125346     
   12.6592700000000        1446.86990570566     
   12.6689200000000        1427.89662023290     
   12.6785500000000        1403.27603483655     
   12.6881900000000        1384.74948545874     
   12.6978200000000        1380.45856578209     
   12.7074500000000        1393.39261025096     
   12.7170800000000        1422.27724085202     
   12.7267000000000        1460.73225924587     
   12.7363200000000        1499.53192379907     
   12.7459400000000        1530.53921762835     
   12.7555500000000        1548.65058993173     
   12.7651600000000        1552.57008784015     
   12.7747700000000        1544.53238185537     
   12.7843800000000        1529.38534808185     
   12.7939800000000        1514.92325083269     
   12.8035800000000        1508.82249953960     
   12.8131700000000        1513.39449355016     
   12.8227600000000        1523.96103932313     
   12.8323500000000        1534.06816928948     
   12.8419400000000        1541.82840657831     
   12.8515200000000        1548.78556181314     
   12.8611000000000        1556.21944054569     
   12.8706700000000        1564.62753503084     
   12.8802500000000        1574.11480562041     
   12.8898100000000        1583.82811257715     
   12.8993800000000        1592.91537094232     
   12.9089400000000        1603.41205601369     
   12.9185000000000        1619.26482011937     
   12.9280600000000        1641.74706078512     
   12.9376100000000        1667.25439157970     
   12.9471700000000        1690.49530586571     
   12.9567100000000        1709.28518469626     
   12.9662600000000        1725.16955226273     
   12.9758000000000        1739.13113054351     
   12.9853400000000        1750.63307556006     
   12.9948700000000        1759.71774782850     
   13.0044000000000        1765.35287849793     
   13.0139300000000        1764.79429360035     
   13.0234600000000        1758.44722006185     
   13.0329800000000        1751.17722835330     
   13.0425000000000        1746.55228749327     
   13.0520100000000        1744.73317662124     
   13.0615200000000        1745.10731855397     
   13.0710300000000        1748.32024790975     
   13.0805400000000        1756.04486900362     
   13.0900400000000        1769.85769007242     
   13.0995400000000        1791.69574829069     
   13.1090400000000        1823.31931125677     
   13.1185300000000        1862.97922041439     
   13.1280200000000        1904.68718173991     
   13.1375100000000        1942.15230549198     
   13.1469900000000        1972.18789113851     
   13.1564700000000        1994.92616050155     
   13.1659500000000        2012.35521283930     
   13.1754300000000        2026.63763078219     
   13.1849000000000        2039.30606637292     
   13.1943700000000        2051.58872163709     
   13.2038300000000        2065.12680604168     
   13.2132900000000        2080.90031076367     
   13.2227500000000        2095.87958951828     
   13.2322100000000        2104.16508471498     
   13.2416600000000        2102.03029885121     
   13.2511100000000        2090.67499937240     
   13.2605500000000        2075.39890491628     
   13.2700000000000        2061.81538173003     
   13.2794400000000        2052.80623741106     
   13.2888700000000        2047.46426789530     
   13.2983100000000        2041.98565695667     
   13.3077400000000        2031.87864626101     
   13.3171600000000        2016.29985107948     
   13.3265900000000        1999.37411340359     
   13.3360100000000        1985.68399035307     
   13.3454300000000        1976.22494529337     
   13.3548400000000        1968.55068049870     
   13.3642500000000        1959.70711871008     
   13.3736600000000        1949.08293670585     
   13.3830600000000        1937.95369665716     
   13.3924700000000        1928.83267423911     
   13.4018600000000        1925.37042510518     
   13.4112600000000        1927.98159734667     
   13.4206500000000        1931.68170332767     
   13.4300400000000        1932.34059371774     
   13.4394300000000        1931.06605250326     
   13.4488100000000        1930.53224365862     
   13.4581900000000        1931.29438124394     
   13.4675600000000        1932.16969929193     
   13.4769400000000        1931.85335574989     
   13.4863100000000        1930.98623686474     
   13.4956700000000        1933.22862834864     
   13.5050400000000        1941.78996661846     
   13.5144000000000        1954.61709874679     
   13.5237600000000        1964.71703736440     
   13.5331100000000        1965.16922157964     
   13.5424600000000        1954.38167332900     
   13.5518100000000        1936.06434994463     
   13.5611500000000        1916.09661961738     
   13.5704900000000        1900.41238603281     
   13.5798300000000        1893.48049478123     
   13.5891700000000        1896.83736118764     
   13.5985000000000        1908.60215966476     
   13.6078300000000        1925.15632441190     
   13.6171500000000        1943.87590486009     
   13.6264800000000        1963.66039165879     
   13.6358000000000        1983.14389186506     
   13.6451100000000        2000.39871385465     
   13.6544200000000        2014.10271952307     
   13.6637300000000        2024.14834425462     
   13.6730400000000        2031.41281695733     
   13.6823400000000        2037.11822348401     
   13.6916400000000        2042.33276219327     
   13.7009400000000        2047.63614297355     
   13.7102400000000        2052.20483821876     
   13.7195300000000        2054.16502291141     
   13.7288100000000        2053.07334282875     
   13.7381000000000        2050.84311668932     
   13.7473800000000        2049.23025132591     
   13.7566600000000        2047.11441407582     
   13.7659300000000        2041.56892158462     
   13.7752000000000        2031.96407026723     
   13.7844700000000        2021.79777504965     
   13.7937400000000        2016.25825239031     
   13.8030000000000        2019.44899615720     
   13.8122600000000        2033.42131473325     
   13.8215200000000        2058.10760825895     
   13.8307700000000        2091.76337567365     
   13.8400200000000        2131.94303536678     
   13.8492600000000        2175.88611463944     
   13.8585100000000        2219.91207353122     
   13.8677500000000        2258.69693868226     
   13.8769800000000        2287.68516486231     
   13.8862200000000        2305.34961565799     
   13.8954500000000        2313.16082113337     
   13.9046800000000        2313.93129075852     
   13.9139000000000        2310.01449820292     
   13.9231200000000        2302.78623941681     
   13.9323400000000        2292.88887206941     
   13.9415500000000        2281.68826544213     
   13.9507700000000        2273.15904663633     
   13.9599700000000        2272.79543988969     
   13.9691800000000        2283.07323550697     
   13.9783800000000        2301.05437054973     
   13.9875800000000        2320.69926334779     
   13.9967800000000        2336.57507751161     
   14.0059700000000        2346.72767533995     
   14.0151600000000        2353.60652848182     
   14.0243400000000        2361.05393928707     
   14.0335300000000        2370.80929200159     
   14.0427100000000        2382.20342073542     
   14.0518800000000        2393.19300087348     
   14.0610600000000        2400.60667645269     
   14.0702300000000        2400.65467687347     
   14.0794000000000        2390.96640040972     
   14.0885600000000        2372.61722285955     
   14.0977200000000        2349.52978056816     
   14.1068800000000        2326.37398663685     
   14.1160300000000        2307.09006869612     
   14.1251800000000        2293.33025881140     
   14.1343300000000        2283.37485023317     
   14.1434800000000        2273.44216603978     
   14.1526200000000        2260.95212985993     
   14.1617600000000        2245.89606535595     
   14.1708900000000        2229.46834925835     
   14.1800300000000        2213.10293328345     
   14.1891500000000        2199.43379293759     
   14.1982800000000        2191.64349740260     
   14.2074000000000        2191.09501510829     
   14.2165200000000        2195.84616715953     
   14.2256400000000        2202.31360190795     
   14.2347500000000        2208.21644813341     
   14.2438600000000        2214.40309278317     
   14.2529700000000        2224.46317518039     
   14.2620700000000        2242.63307718799     
   14.2711800000000        2271.74278291911     
   14.2802700000000        2312.16093839266     
   14.2893700000000        2362.23222750922     
   14.2984600000000        2417.75531596434     
   14.3075500000000        2472.92140355412     
   14.3166300000000        2522.54223989254     
   14.3257100000000        2565.10073644880     
   14.3347900000000        2601.84593823223     
   14.3438700000000        2632.97821693564     
   14.3529400000000        2655.89437217494     
   14.3620100000000        2667.40912099466     
   14.3710700000000        2665.95849718844     
   14.3801400000000        2651.85796901702     
   14.3892000000000        2626.94628020435     
   14.3982500000000        2594.09924362759     
   14.4073100000000        2556.13940815561     
   14.4163600000000        2515.69015971317     
   14.4254000000000        2475.57482033092     
   14.4344500000000        2438.82084435959     
   14.4434900000000        2407.91527962928     
   14.4525200000000        2383.55189878275     
   14.4615600000000        2364.48915069896     
   14.4705900000000        2348.78943460409     
   14.4796200000000        2335.34807313173     
   14.4886400000000        2324.12371743246     
   14.4976600000000        2314.74514544063     
   14.5066800000000        2306.02970179044     
   14.5157000000000        2296.54862370279     
   14.5247100000000        2285.31993435922     
   14.5337200000000        2272.48687713083     
   14.5427200000000        2259.91231528943     
   14.5517300000000        2250.70803839726     
   14.5607300000000        2248.18412094286     
   14.5697200000000        2254.38420218786     
   14.5787100000000        2268.80844848876     
   14.5877000000000        2288.18424823431     
   14.5966900000000        2307.87935928467     
   14.6056700000000        2324.18464271404     
   14.6146600000000        2336.32767475385     
   14.6236300000000        2346.22612979545     
   14.6326100000000        2355.99083079279     
   14.6415800000000        2365.30619080125     
   14.6505400000000        2372.23726282132     
   14.6595100000000        2375.92583888058     
   14.6684700000000        2377.15220808523     
   14.6774300000000        2376.55016825623     
   14.6863800000000        2374.00559847960     
   14.6953400000000        2370.00778493892     
   14.7042800000000        2366.03382713186     
   14.7132300000000        2363.29453167934     
   14.7221700000000        2362.08611210742     
   14.7311100000000        2362.03264466831     
   14.7400500000000        2362.38069201562     
   14.7489800000000        2361.63562743678     
   14.7579100000000        2356.85352883417     
   14.7668400000000        2344.32757343226     
   14.7757600000000        2322.12576409083     
   14.7846800000000        2291.64209526476     
   14.7936000000000        2256.79845394373     
   14.8025100000000        2222.16738706053     
   14.8114200000000        2191.55263154915     
   14.8203300000000        2167.93274769791     
   14.8292300000000        2153.52274782809     
   14.8381300000000        2149.17432440621     
   14.8470300000000        2153.90664973915     
   14.8559300000000        2165.30507235198     
   14.8648200000000        2180.57382052296     
   14.8737100000000        2197.25821497044     
   14.8825900000000        2212.99736062262     
   14.8914700000000        2225.43744053469     
   14.9003500000000        2232.82572134842     
   14.9092300000000        2234.63593765352     
   14.9181000000000        2231.17617112326     
   14.9269700000000        2222.76762260417     
   14.9358400000000        2209.54019919709     
   14.9447000000000        2191.75167845033     
   14.9535600000000        2169.93911094328     
   14.9624200000000        2145.05613413395     
   14.9712700000000        2118.58485750417     
   14.9801200000000        2092.43581227061     
   14.9889700000000        2068.77931502883     
   14.9978100000000        2049.49803255312     
   15.0066500000000        2035.61016546345     
   15.0154900000000        2027.19696638908     
   15.0243300000000        2023.35198682842     
   15.0331600000000        2022.17892347400     
   15.0419900000000        2021.22604110120     
   15.0508100000000        2018.40433553696     
   15.0596300000000        2012.70481729994     
   15.0684500000000        2004.27795665474     
   15.0772700000000        1993.86050817052     
   15.0860800000000        1982.00171647580     
   15.0948900000000        1968.83112235451     
   15.1037000000000        1954.81988185521     
   15.1125000000000        1941.44775802783     
   15.1213000000000        1930.53002788298     
   15.1301000000000        1922.93287179432     
   15.1388900000000        1918.25570060365     
   15.1476800000000        1915.79036517773     
   15.1564700000000        1915.38582977644     
   15.1652500000000        1917.29187714593     
   15.1740300000000        1921.59241660592     
   15.1828100000000        1927.88289633270     
   15.1915800000000        1935.23387750345     
   15.2003500000000        1942.28822231335     
   15.2091200000000        1947.28067770973     
   15.2178900000000        1948.21886297431     
   15.2266500000000        1943.42536815964     
   15.2354100000000        1932.21488129390     
   15.2441600000000        1915.07694459272     
   15.2529200000000        1892.84381460523     
   15.2616700000000        1865.94901636401     
   15.2704100000000        1834.46676498187     
   15.2791500000000        1799.31265420048     
   15.2878900000000        1763.17226480801     
   15.2966300000000        1729.75536920502     
   15.3053600000000        1702.01453438813     
   15.3140900000000        1680.77975342480     
   15.3228200000000        1665.02402448992     
   15.3315400000000        1653.04295092700     
   15.3402600000000        1643.83377033796     
   15.3489800000000        1637.76289631435     
   15.3577000000000        1635.89229837332     
   15.3664100000000        1638.64351174014     
   15.3751200000000        1644.94340159983     
   15.3838200000000        1652.52543557046     
   15.3925200000000        1658.93797285251     
   15.4012200000000        1662.14703145406     
   15.4099200000000        1660.72146564269     
   15.4186100000000        1654.11424521366     
   15.4273000000000        1642.93243937380     
   15.4359800000000        1628.82194511014     
   15.4446700000000        1613.86330800937     
   15.4533400000000        1600.12934968853     
   15.4620200000000        1589.03798252482     
   15.4706900000000        1581.14471180869     
   15.4793600000000        1575.82754761860     
   15.4880300000000        1571.47951292539     
   15.4966900000000        1566.07634225178     
   15.5053500000000        1558.07581436694     
   15.5140100000000        1547.23763621972     
   15.5226700000000        1534.79024494739     
   15.5313200000000        1522.82166290364     
   15.5399600000000        1513.18706400756     
   15.5486100000000        1506.68998039864     
   15.5572500000000        1502.96927389053     
   15.5658900000000        1500.75674417761     
   15.5745200000000        1498.35634132370     
   15.5831600000000        1494.06471289129     
   15.5917900000000        1486.62119483120     
   15.6004100000000        1475.51664615078     
   15.6090300000000        1461.04018192233     
   15.6176500000000        1444.04479359898     
   15.6262700000000        1425.53749169330     
   15.6348800000000        1406.43874749951     
   15.6434900000000        1387.50359868068     
   15.6521000000000        1369.52403647727     
   15.6607000000000        1353.42358549882     
   15.6693000000000        1340.11351803006     
   15.6779000000000        1330.32095548188     
   15.6864900000000        1324.34239926110     
   15.6950800000000        1321.81971286211     
   15.7036700000000        1321.59140696005     
   15.7122600000000        1321.79281432737     
   15.7208400000000        1320.51374473380     
   15.7294100000000        1316.69730311171     
   15.7379900000000        1310.64948389752     
   15.7465600000000        1303.92088460133     
   15.7551300000000        1298.49056467134     
   15.7637000000000        1295.80472807792     
   15.7722600000000        1296.12515235943     
   15.7808200000000        1298.55497054357     
   15.7893700000000        1301.53953561957     
   15.7979300000000        1303.40519539936     
   15.8064700000000        1302.69164110341     
   15.8150200000000        1298.43791917937     
   15.8235600000000        1290.51231556679     
   15.8321000000000        1279.82900656717     
   15.8406400000000        1268.18041781260     
   15.8491800000000        1257.56153746251     
   15.8577100000000        1249.44827235502     
   15.8662300000000        1244.45245851212     
   15.8747600000000        1242.43810832901     
   15.8832800000000        1242.79250723341     
   15.8918000000000        1244.70867068636     
   15.9003100000000        1247.53736180206     
   15.9088200000000        1250.99901517628     
   15.9173300000000        1255.10282926633     
   15.9258400000000        1259.93134354415     
   15.9343400000000        1265.46005415208     
   15.9428400000000        1271.43634226799     
   15.9513300000000        1277.18505266779     
   15.9598300000000        1281.53262365093     
   15.9683100000000        1282.92017474317     
   15.9768000000000        1279.93742919701     
   15.9852800000000        1271.91110460434     
   15.9937600000000        1259.24828446243     
   16.0022400000000        1243.29642645262     
   16.0107100000000        1225.84457159531     
   16.0191800000000        1208.53287067656     
   16.0276500000000        1192.58999182618     
   16.0361200000000        1178.61663109885     
   16.0445800000000        1166.46154898723     
   16.0530300000000        1155.24239491624     
   16.0614900000000        1143.71029865341     
   16.0699400000000        1130.94260458984     
   16.0783900000000        1116.82536548274     
   16.0868300000000        1102.30977997168     
   16.0952800000000        1088.95347404585     
   16.1037100000000        1078.30790303729     
   16.1121500000000        1071.11582927344     
   16.1205800000000        1067.27170057529     
   16.1290100000000        1066.01365236373     
   16.1374400000000        1066.41808813668     
   16.1458600000000        1067.68096200491     
   16.1542800000000        1069.10029044955     
   16.1627000000000        1069.87548876138     
   16.1711100000000        1068.99128489077     
   16.1795200000000        1065.29847270282     
   16.1879300000000        1057.77299881270     
   16.1963300000000        1045.91546043259     
   16.2047300000000        1030.07757679894     
   16.2131300000000        1011.62393073181     
   16.2215200000000        992.670111619065     
   16.2299100000000        975.392977542047     
   16.2383000000000        961.475814755703     
   16.2466900000000        951.731680093294     
   16.2550700000000        946.028994816726     
   16.2634500000000        943.360612246632     
   16.2718200000000        942.145374417981     
   16.2802000000000        940.704676167190     
   16.2885600000000        937.854639159605     
   16.2969300000000        933.244591343835     
   16.3052900000000        927.368822285397     
   16.3136500000000        921.187975282656     
   16.3220100000000        915.727772435798     
   16.3303600000000        911.819518411916     
   16.3387100000000        910.050403714266     
   16.3470600000000        910.866137384790     
   16.3554000000000        914.615296384855     
   16.3637400000000        921.500344285618     
   16.3720800000000        931.377704228268     
   16.3804200000000        943.541902685638     
   16.3887500000000        956.685431596611     
   16.3970700000000        969.189726932339     
   16.4054000000000        979.498381396578     
   16.4137200000000        986.261904269719     
   16.4220400000000        988.515199590169     
   16.4303500000000        985.745853917885     
   16.4386700000000        978.078747941629     
   16.4469700000000        966.406797698632     
   16.4552800000000        952.081641197896     
   16.4635800000000        936.626228185482     
   16.4718800000000        921.156692660606     
   16.4801800000000        906.174247961313     
   16.4884700000000        891.622406779991     
   16.4967600000000        877.187728452553     
   16.5050500000000        862.760741183472     
   16.5133300000000        848.624221068277     
   16.5216100000000        835.281267538724     
   16.5298900000000        823.204036548497     
   16.5381600000000        812.553078775271     
   16.5464300000000        803.052024407302     
   16.5547000000000        794.157507684569     
   16.5629700000000        785.272615616229     
   16.5712300000000        775.931793102313     
   16.5794900000000        765.804545236345     
   16.5877400000000        754.687609673221     
   16.5959900000000        742.412684224911     
   16.6042400000000        728.897010178366     
   16.6124900000000        714.167904361785     
   16.6207300000000        698.409889849412     
   16.6289700000000        681.927686110499     
   16.6372000000000        665.210946562803     
   16.6454400000000        648.760511272613     
   16.6536700000000        633.130238468030     
   16.6618900000000        618.758814989819     
   16.6701200000000        605.991026273333     
   16.6783400000000        595.161027613475     
   16.6865500000000        586.418290497761     
   16.6947700000000        579.676508969809     
   16.7029800000000        574.648245070269     
   16.7111900000000        570.829948295853     
   16.7193900000000        567.616003929784     
   16.7275900000000        564.349960402750     
   16.7357900000000        560.410171927340     
   16.7439800000000        555.307704002330     
   16.7521800000000        548.770895589389     
   16.7603600000000        540.885895851631     
   16.7685500000000        532.007537229202     
   16.7767300000000        522.763635509266     
   16.7849100000000        513.818745936685     
   16.7930900000000        505.778620981752     
   16.8012600000000        499.116609958044     
   16.8094300000000        494.125710163444     
   16.8175900000000        490.932427883150     
   16.8257600000000        489.456247275471     
   16.8339200000000        489.461137388675     
   16.8420700000000        490.636026321567     
   16.8502300000000        492.744187579494     
   16.8583800000000        495.691316065271     
   16.8665300000000        499.519149585584     
   16.8746700000000        504.283105987153     
   16.8828100000000        509.955466755783     
   16.8909500000000        516.351823681711     
   16.8990800000000        523.140069807854     
   16.9072100000000        529.922339807207     
   16.9153400000000        536.255406615702     
   16.9234700000000        541.655676844448     
   16.9315900000000        545.570689194906     
   16.9397100000000        547.411911696008     
   16.9478200000000        546.622354790465     
   16.9559400000000        542.806829057399     
   16.9640500000000        535.879145453825     
   16.9721500000000        526.133352936063     
   16.9802600000000        514.186737188810     
   16.9883600000000        500.935557216708     
   16.9964500000000        487.290963617511     
   17.0045500000000        474.008631741019     
   17.0126400000000        461.690187047942     
   17.0207200000000        450.634488656194     
   17.0288100000000        440.864296810585     
   17.0368900000000        432.276997419712     
   17.0449700000000        424.667869358384     
   17.0530400000000        417.882937683976     
   17.0611100000000        411.815144600212     
   17.0691800000000        406.395122863272     
