   7.15970000000000        660.711891585294     
   7.17100000000000        665.828883568303     
   7.18231000000000        677.203706525960     
   7.19360000000000        672.269543887360     
   7.20490000000000        666.404528309227     
   7.21619000000000        662.161737943163     
   7.22748000000000        642.539539892455     
   7.23877000000000        635.624003490386     
   7.25005000000000        626.166016568769     
   7.26133000000000        630.269852770076     
   7.27261000000000        629.059195656468     
   7.28388000000000        627.059262835700     
   7.29515000000000        644.734135317040     
   7.30642000000000        677.949816482180     
   7.31768000000000        703.466839497406     
   7.32894000000000        721.655257203494     
   7.34020000000000        735.232868904709     
   7.35146000000000        759.723621410678     
   7.36271000000000        777.432384360067     
   7.37396000000000        800.654082422365     
   7.38520000000000        797.475789835031     
   7.39644000000000        762.248813379555     
   7.40768000000000        741.435176722611     
   7.41892000000000        726.812448522783     
   7.43015000000000        730.039234092135     
   7.44138000000000        746.592440620159     
   7.45261000000000        752.258436199653     
   7.46383000000000        735.403065900206     
   7.47505000000000        720.547592666063     
   7.48626000000000        714.260488888744     
   7.49748000000000        740.546530851898     
   7.50869000000000        765.853223241650     
   7.51990000000000        771.788400278504     
   7.53110000000000        753.432240176279     
   7.54230000000000        743.404318706369     
   7.55350000000000        743.540696840801     
   7.56469000000000        751.296247065178     
   7.57588000000000        764.240438382454     
   7.58707000000000        766.806134288513     
   7.59826000000000        760.645665327246     
   7.60944000000000        767.704699547301     
   7.62062000000000        793.697718788815     
   7.63179000000000        828.513326129466     
   7.64296000000000        837.610136976441     
   7.65413000000000        812.567787485488     
   7.66530000000000        748.773215701916     
   7.67646000000000        692.717080632603     
   7.68762000000000        676.306116717803     
   7.69878000000000        679.536614787640     
   7.70993000000000        685.893934668172     
   7.72108000000000        684.701407640052     
   7.73223000000000        684.199129803401     
   7.74337000000000        675.894252673870     
   7.75451000000000        681.123917913375     
   7.76565000000000        699.380541445860     
   7.77678000000000        710.788699484378     
   7.78791000000000        706.880548494103     
   7.79904000000000        698.949374761613     
   7.81017000000000        698.740929844754     
   7.82129000000000        709.953873932178     
   7.83241000000000        731.224789176985     
   7.84352000000000        754.591050071248     
   7.85463000000000        754.461114640420     
   7.86574000000000        710.930820708164     
   7.87685000000000        653.066920506717     
   7.88795000000000        619.653612008815     
   7.89905000000000        613.874768033631     
   7.91015000000000        620.008949666998     
   7.92124000000000        607.904569422493     
   7.93233000000000        603.462126128312     
   7.94342000000000        600.782923780423     
   7.95450000000000        593.520728333494     
   7.96558000000000        588.464761001534     
   7.97666000000000        586.292144905111     
   7.98773000000000        577.189676850350     
   7.99880000000000        555.583183617726     
   8.00987000000000        522.547050290101     
   8.02093000000000        509.645703058208     
   8.03200000000000        523.699334988219     
   8.04305000000000        558.250362725590     
   8.05411000000000        583.167689000757     
   8.06516000000000        605.767064364658     
   8.07621000000000        631.126112918948     
   8.08726000000000        643.247897232823     
   8.09830000000000        655.840325259709     
   8.10934000000000        673.072310879627     
   8.12037000000000        698.962634901669     
   8.13141000000000        716.708165806198     
   8.14244000000000        714.965829448521     
   8.15346000000000        711.352956184051     
   8.16449000000000        702.417424567470     
   8.17551000000000        680.696781412727     
   8.18652000000000        643.974551538943     
   8.19754000000000        610.293947457888     
   8.20855000000000        568.642090794127     
   8.21955000000000        511.416924394337     
   8.23056000000000        465.363113111961     
   8.24156000000000        455.698036853114     
   8.25256000000000        470.353217215044     
   8.26355000000000        491.013227207538     
   8.27454000000000        517.416523651545     
   8.28553000000000        545.606609616805     
   8.29652000000000        577.790938260708     
   8.30750000000000        625.446280656631     
   8.31848000000000        671.813827669643     
   8.32946000000000        715.921789422124     
   8.34043000000000        742.973145382262     
   8.35140000000000        757.906227262354     
   8.36236000000000        765.381471572008     
   8.37333000000000        771.725815243865     
   8.38429000000000        792.511704299158     
   8.39524000000000        831.207995009918     
   8.40620000000000        863.402369634802     
   8.41715000000000        881.835802216431     
   8.42810000000000        889.840445582617     
   8.43904000000000        897.529751065272     
   8.44998000000000        874.816144770919     
   8.46092000000000        824.767633917813     
   8.47185000000000        789.599906096010     
   8.48278000000000        785.300971831933     
   8.49371000000000        792.634295494634     
   8.50464000000000        806.710019820861     
   8.51556000000000        822.754744195969     
   8.52648000000000        831.092233953411     
   8.53739000000000        825.827963731832     
   8.54831000000000        825.184570710049     
   8.55922000000000        838.468394983289     
   8.57012000000000        875.484650852948     
   8.58103000000000        917.634101647574     
   8.59193000000000        956.360421772785     
   8.60282000000000        970.902350588627     
   8.61372000000000        963.542288243075     
   8.62461000000000        955.826882434573     
   8.63549000000000        957.889190911566     
   8.64638000000000        976.736703941683     
   8.65726000000000        1010.81048707086     
   8.66814000000000        1053.17726604968     
   8.67901000000000        1095.13800396819     
   8.68988000000000        1123.24260487935     
   8.70075000000000        1129.29353451406     
   8.71161000000000        1121.71879452905     
   8.72248000000000        1124.85634235230     
   8.73333000000000        1136.15913780522     
   8.74419000000000        1141.68293049573     
   8.75504000000000        1127.07479549133     
   8.76589000000000        1097.13146486233     
   8.77674000000000        1051.02230549652     
   8.78758000000000        1004.29531415355     
   8.79842000000000        971.247432542964     
   8.80926000000000        956.056139520240     
   8.82009000000000        949.594819502632     
   8.83092000000000        940.247495248610     
   8.84175000000000        931.420509594595     
   8.85257000000000        907.461154789662     
   8.86339000000000        883.272331264281     
   8.87421000000000        857.110813559905     
   8.88502000000000        831.843503187799     
   8.89583000000000        823.088948932217     
   8.90664000000000        828.710524324522     
   8.91745000000000        836.698898462502     
   8.92825000000000        837.611555267434     
   8.93905000000000        834.399314531088     
   8.94984000000000        833.508425352975     
   8.96063000000000        835.723801197704     
   8.97142000000000        837.124147008672     
   8.98221000000000        838.191488604408     
   8.99299000000000        833.676709177271     
   9.00377000000000        824.001328151220     
   9.01455000000000        815.347241578274     
   9.02532000000000        801.440623430754     
   9.03609000000000        774.623028993545     
   9.04686000000000        753.488597336757     
   9.05762000000000        744.322715814956     
   9.06838000000000        746.092470898504     
   9.07914000000000        750.182287525979     
   9.08989000000000        740.251703949992     
   9.10064000000000        718.984476993042     
   9.11139000000000        701.565276354354     
   9.12214000000000        682.057889776170     
   9.13288000000000        653.096646657607     
   9.14362000000000        622.212626265255     
   9.15435000000000        598.207567327590     
   9.16508000000000        577.334199973675     
   9.17581000000000        559.364405071539     
   9.18654000000000        549.006978669805     
   9.19726000000000        537.593640996796     
   9.20798000000000        522.756414710100     
   9.21870000000000        513.549623606332     
   9.22941000000000        509.498249994574     
   9.24012000000000        508.900627267300     
   9.25082000000000        507.391432698853     
   9.26153000000000        509.449077469084     
   9.27223000000000        518.437652886921     
   9.28293000000000        529.226480147769     
   9.29362000000000        536.410123171755     
   9.30431000000000        540.670143667973     
   9.31500000000000        535.512061933095     
   9.32568000000000        524.541428252965     
   9.33636000000000        522.917003610901     
   9.34704000000000        529.951441770336     
   9.35772000000000        536.719856791781     
   9.36839000000000        537.184368842845     
   9.37906000000000        533.932012972400     
   9.38972000000000        531.055739593476     
   9.40038000000000        528.613059606915     
   9.41104000000000        529.436094844215     
   9.42170000000000        526.619050613718     
   9.43235000000000        520.150310647480     
   9.44300000000000        516.706458934366     
   9.45365000000000        517.420835494495     
   9.46429000000000        516.951774684407     
   9.47493000000000        514.123744569647     
   9.48557000000000        512.722375890763     
   9.49620000000000        510.588016632935     
   9.50683000000000        509.383765641892     
   9.51746000000000        509.123348912872     
   9.52808000000000        510.798552171004     
   9.53871000000000        511.033687196789     
   9.54932000000000        510.600618204071     
   9.55994000000000        513.416106970862     
   9.57055000000000        514.578860490654     
   9.58116000000000        516.554119928988     
   9.59176000000000        522.484011528934     
   9.60237000000000        530.467195495083     
   9.61296000000000        537.657644156257     
   9.62356000000000        552.971290176380     
   9.63415000000000        570.999511982464     
   9.64474000000000        582.240040137002     
   9.65533000000000        587.994240583771     
   9.66591000000000        590.722227276131     
   9.67649000000000        589.713364381663     
   9.68707000000000        584.483943348415     
   9.69764000000000        574.479235473776     
   9.70821000000000        572.113400166723     
   9.71878000000000        583.684971271430     
   9.72934000000000        604.607536439525     
   9.73990000000000        625.497353648130     
   9.75046000000000        643.273239351724     
   9.76102000000000        662.655437432352     
   9.77157000000000        681.546034397107     
   9.78212000000000        695.646506809056     
   9.79266000000000        705.707436514870     
   9.80320000000000        709.158446028267     
   9.81374000000000        705.391573867173     
   9.82428000000000        700.901651234325     
   9.83481000000000        699.520618713601     
   9.84534000000000        702.072100209298     
   9.85586000000000        711.452324002032     
   9.86639000000000        717.121195283438     
   9.87691000000000        707.252448136069     
   9.88742000000000        690.131365836285     
   9.89794000000000        678.361288503201     
   9.90845000000000        670.306390442862     
   9.91895000000000        657.162889089896     
   9.92946000000000        638.351141217640     
   9.93996000000000        624.259021224472     
   9.95046000000000        621.510301080168     
   9.96095000000000        631.157825847680     
   9.97144000000000        646.119904993497     
   9.98193000000000        657.411621164465     
   9.99242000000000        666.616202341555     
   10.0029000000000        674.468088654308     
   10.0133800000000        675.468646460301     
   10.0238500000000        667.029719766080     
   10.0343200000000        648.217953534297     
   10.0447900000000        625.865880674146     
   10.0552600000000        609.522407940639     
   10.0657200000000        600.756911338259     
   10.0761800000000        598.851130383579     
   10.0866400000000        605.942259762678     
   10.0970900000000        619.384376849791     
   10.1075400000000        634.876087713759     
   10.1179900000000        651.540375494924     
   10.1284300000000        668.695709827620     
   10.1388700000000        687.160435147762     
   10.1493100000000        701.413570979420     
   10.1597400000000        703.601072798663     
   10.1701700000000        704.744305906896     
   10.1806000000000        715.510670064595     
   10.1910300000000        725.892353175189     
   10.2014500000000        730.356700664119     
   10.2118700000000        732.010235328696     
   10.2222800000000        732.171976031742     
   10.2326900000000        729.209885743948     
   10.2431000000000        722.325944747878     
   10.2535100000000        707.313590888508     
   10.2639100000000        688.732868718883     
   10.2743100000000        674.742627940460     
   10.2847100000000        669.042861815649     
   10.2951000000000        669.532020134731     
   10.3054900000000        669.906715966567     
   10.3158800000000        667.933112957442     
   10.3262600000000        667.103269270713     
   10.3366400000000        664.435506840008     
   10.3470200000000        658.920074449480     
   10.3573900000000        655.149971339453     
   10.3677600000000        651.577137420352     
   10.3781300000000        641.481397257822     
   10.3884900000000        622.469119196563     
   10.3988600000000        597.674517385746     
   10.4092100000000        573.534059380202     
   10.4195700000000        555.674813805955     
   10.4299200000000        545.561808416216     
   10.4402700000000        541.317348618699     
   10.4506100000000        539.643445799445     
   10.4609600000000        536.800271397916     
   10.4713000000000        534.472222353441     
   10.4816300000000        536.801111511847     
   10.4919600000000        544.244672088488     
   10.5022900000000        551.926724168913     
   10.5126200000000        556.229775816939     
   10.5229400000000        558.821226768924     
   10.5332600000000        560.796950128213     
   10.5435800000000        564.275870656837     
   10.5539000000000        569.510244589464     
   10.5642100000000        572.322674102019     
   10.5745100000000        570.706067834669     
   10.5848200000000        566.057819257357     
   10.5951200000000        557.907646897329     
   10.6054200000000        547.410507032729     
   10.6157100000000        536.116297610851     
   10.6260000000000        523.780635161419     
   10.6362900000000        512.121916835530     
   10.6465800000000        500.654690077339     
   10.6568600000000        489.881422874874     
   10.6671400000000        483.853560248793     
   10.6774100000000        483.573134602753     
   10.6876900000000        487.773199909348     
   10.6979600000000        495.629550586624     
   10.7082200000000        505.416035111457     
   10.7184900000000        518.773533132786     
   10.7287500000000        535.603072025892     
   10.7390000000000        551.872029562291     
   10.7492600000000        564.626609837825     
   10.7595100000000        574.108257857950     
   10.7697500000000        583.346059245291     
   10.7800000000000        595.042345265130     
   10.7902400000000        604.957778828973     
   10.8004800000000        611.064622639973     
   10.8107100000000        616.771907324711     
   10.8209400000000        623.623541538095     
   10.8311700000000        631.188962080399     
   10.8414000000000        641.413591560705     
   10.8516200000000        657.662517185691     
   10.8618400000000        678.516076083406     
   10.8720500000000        696.880119330969     
   10.8822700000000        711.391775268499     
   10.8924800000000        724.151411802456     
   10.9026800000000        738.083764403145     
   10.9128800000000        755.972472005589     
   10.9230800000000        777.537877911501     
   10.9332800000000        799.087711229363     
   10.9434700000000        816.084980917911     
   10.9536600000000        826.581970802690     
   10.9638500000000        828.475327141112     
   10.9740400000000        819.987507422628     
   10.9842200000000        808.719255814752     
   10.9943900000000        804.445967542028     
   11.0045700000000        809.070324166113     
   11.0147400000000        819.264049957285     
   11.0249100000000        832.268377475203     
   11.0350700000000        845.185498333341     
   11.0452300000000        855.257857535930     
   11.0553900000000        860.793718247642     
   11.0655500000000        862.002346437694     
   11.0757000000000        861.960875019376     
   11.0858500000000        864.523625793851     
   11.0960000000000        870.787082271394     
   11.1061400000000        877.069403889016     
   11.1162800000000        879.364565228059     
   11.1264200000000        880.404579951599     
   11.1365500000000        886.983480658805     
   11.1466800000000        898.128745765769     
   11.1568100000000        906.774675439086     
   11.1669300000000        913.431687740059     
   11.1770500000000        921.644443785129     
   11.1871700000000        928.926591182688     
   11.1972800000000        933.645453375872     
   11.2073900000000        937.341594493277     
   11.2175000000000        940.465636996867     
   11.2276100000000        947.000173774164     
   11.2377100000000        961.336075479680     
   11.2478100000000        984.485345785770     
   11.2579000000000        1011.42628297206     
   11.2679900000000        1032.37893007034     
   11.2780800000000        1042.54690219222     
   11.2881700000000        1046.00980679547     
   11.2982500000000        1047.74628714605     
   11.3083300000000        1052.30711953110     
   11.3184100000000        1062.70399028801     
   11.3284800000000        1076.30269924904     
   11.3385500000000        1090.19349604523     
   11.3486200000000        1103.80365961688     
   11.3586800000000        1116.15891216599     
   11.3687400000000        1127.09999710136     
   11.3788000000000        1135.51776002006     
   11.3888500000000        1141.16394673083     
   11.3989000000000        1145.75958584799     
   11.4089500000000        1149.15069943238     
   11.4189900000000        1149.86596001389     
   11.4290400000000        1148.83524153614     
   11.4390700000000        1148.27933413343     
   11.4491100000000        1149.78500975624     
   11.4591400000000        1155.17534697838     
   11.4691700000000        1166.21733592873     
   11.4792000000000        1181.18769046566     
   11.4892200000000        1195.17748569359     
   11.4992400000000        1207.20407445913     
   11.5092500000000        1217.73663910344     
   11.5192700000000        1226.04714638878     
   11.5292800000000        1232.73119095400     
   11.5392800000000        1239.89997606848     
   11.5492900000000        1248.35777914846     
   11.5592900000000        1257.27271769506     
   11.5692800000000        1265.93081765802     
   11.5792800000000        1275.87100375938     
   11.5892700000000        1287.45122318529     
   11.5992600000000        1296.48333010229     
   11.6092400000000        1301.30586621806     
   11.6192200000000        1304.42123359957     
   11.6292000000000        1309.65666831687     
   11.6391700000000        1319.96387923277     
   11.6491500000000        1334.93147674929     
   11.6591200000000        1353.73651051417     
   11.6690800000000        1375.25386164055     
   11.6790400000000        1396.52664199934     
   11.6890000000000        1415.57691561030     
   11.6989600000000        1432.14769120092     
   11.7089100000000        1446.68704422690     
   11.7188600000000        1457.94237234916     
   11.7288100000000        1463.75997653718     
   11.7387500000000        1464.65336091821     
   11.7486900000000        1461.97043146536     
   11.7586300000000        1456.44001791462     
   11.7685600000000        1449.58370591353     
   11.7784900000000        1441.91933374187     
   11.7884200000000        1432.34058707370     
   11.7983400000000        1423.18450532604     
   11.8082600000000        1418.54768120156     
   11.8181800000000        1417.55231607002     
   11.8281000000000        1415.34932753908     
   11.8380100000000        1408.91799352330     
   11.8479200000000        1398.82383081090     
   11.8578200000000        1388.06681401428     
   11.8677200000000        1379.47182471328     
   11.8776200000000        1373.38447384134     
   11.8875200000000        1368.29722944743     
   11.8974100000000        1361.90465123847     
   11.9073000000000        1351.82767895685     
   11.9171900000000        1338.53312887300     
   11.9270700000000        1326.27605848490     
   11.9369500000000        1318.91098590502     
   11.9468300000000        1315.61105797584     
   11.9567000000000        1310.94538826770     
   11.9665700000000        1301.13504639218     
   11.9764400000000        1287.48780253734     
   11.9863000000000        1275.03466204176     
   11.9961600000000        1268.68678132179     
   12.0060200000000        1269.73545058983     
   12.0158700000000        1277.29109720497     
   12.0257300000000        1290.55483234696     
   12.0355700000000        1309.07475726740     
   12.0454200000000        1330.84053653767     
   12.0552600000000        1352.15918056024     
   12.0651000000000        1372.66134295234     
   12.0749400000000        1393.47692580129     
   12.0847700000000        1412.20479630429     
   12.0946000000000        1426.99665068913     
   12.1044200000000        1437.98262577152     
   12.1142500000000        1445.61000237173     
   12.1240700000000        1452.63927384568     
   12.1338800000000        1460.97691134472     
   12.1437000000000        1468.96563923947     
   12.1535100000000        1475.82854179026     
   12.1633100000000        1483.32604524241     
   12.1731200000000        1493.37244821964     
   12.1829200000000        1506.55448081182     
   12.1927200000000        1522.91332745539     
   12.2025100000000        1542.41683195199     
   12.2123000000000        1562.40897564314     
   12.2220900000000        1579.72956582143     
   12.2318700000000        1595.32508232876     
   12.2416600000000        1611.93354816602     
   12.2514300000000        1628.67872676604     
   12.2612100000000        1642.50144930093     
   12.2709800000000        1651.79183675077     
   12.2807500000000        1656.28763509351     
   12.2905200000000        1657.10286814910     
   12.3002800000000        1659.07749662455     
   12.3100400000000        1666.90891116501     
   12.3198000000000        1679.23557944497     
   12.3295500000000        1688.92232442033     
   12.3393000000000        1691.55280211524     
   12.3490500000000        1689.99487154078     
   12.3587900000000        1688.41414107613     
   12.3685300000000        1687.71083482563     
   12.3782700000000        1686.95493116224     
   12.3880000000000        1686.65038912826     
   12.3977300000000        1688.18729353613     
   12.4074600000000        1691.44374658166     
   12.4171800000000        1694.79399929319     
   12.4269100000000        1697.92721919029     
   12.4366200000000        1701.54774724125     
   12.4463400000000        1704.19049788528     
   12.4560500000000        1702.29052592131     
   12.4657600000000        1692.81900083667     
   12.4754700000000        1676.31508043943     
   12.4851700000000        1657.38359176439     
   12.4948700000000        1640.67324950145     
   12.5045600000000        1628.55226565403     
   12.5142600000000        1620.86640678138     
   12.5239500000000        1616.94339192660     
   12.5336300000000        1616.96194535925     
   12.5433200000000        1620.54893765905     
   12.5530000000000        1626.95434474974     
   12.5626800000000        1635.74220892191     
   12.5723500000000        1645.74014112543     
   12.5820200000000        1656.06839660155     
   12.5916900000000        1667.46161818736     
   12.6013500000000        1680.78061266075     
   12.6110100000000        1695.92192724975     
   12.6206700000000        1712.25957597494     
   12.6303300000000        1729.16593159528     
   12.6399800000000        1746.86755839189     
   12.6496300000000        1764.93544187835     
   12.6592700000000        1781.31869562616     
   12.6689200000000        1794.42525741576     
   12.6785500000000        1805.22674268869     
   12.6881900000000        1818.17081096682     
   12.6978200000000        1838.68509687040     
   12.7074500000000        1868.39092754595     
   12.7170800000000        1903.70400114982     
   12.7267000000000        1940.47578222243     
   12.7363200000000        1976.80123960310     
   12.7459400000000        2010.54370082820     
   12.7555500000000        2038.16233425971     
   12.7651600000000        2056.75679522181     
   12.7747700000000        2066.01184928790     
   12.7843800000000        2069.22119833476     
   12.7939800000000        2071.48085703099     
   12.8035800000000        2075.65795365108     
   12.8131700000000        2081.34226621091     
   12.8227600000000        2086.75829530383     
   12.8323500000000        2091.61732425485     
   12.8419400000000        2097.93622869071     
   12.8515200000000        2107.02448856934     
   12.8611000000000        2118.26571445134     
   12.8706700000000        2131.20574844080     
   12.8802500000000        2146.12555147215     
   12.8898100000000        2162.38021552462     
   12.8993800000000        2178.79522160064     
   12.9089400000000        2195.69047477728     
   12.9185000000000        2214.22986462701     
   12.9280600000000        2233.34668007635     
   12.9376100000000        2249.09125024235     
   12.9471700000000        2257.63685724771     
   12.9567100000000        2258.81226729078     
   12.9662600000000        2255.78274518601     
   12.9758000000000        2251.86349421033     
   12.9853400000000        2249.23106284313     
   12.9948700000000        2249.30917592871     
   13.0044000000000        2252.15322830874     
   13.0139300000000        2256.91946962576     
   13.0234600000000        2263.32298397591     
   13.0329800000000        2271.36485180517     
   13.0425000000000        2280.12764762956     
   13.0520100000000        2287.88752519064     
   13.0615200000000        2294.05243595277     
   13.0710300000000        2300.46348968526     
   13.0805400000000        2309.58737529287     
   13.0900400000000        2321.48635943579     
   13.0995400000000        2333.90615593340     
   13.1090400000000        2345.49936963520     
   13.1185300000000        2356.74056372327     
   13.1280200000000        2366.54015059813     
   13.1375100000000        2371.28862132309     
   13.1469900000000        2368.20983595601     
   13.1564700000000        2357.29064062809     
   13.1659500000000        2341.53140536241     
   13.1754300000000        2326.15604249745     
   13.1849000000000        2315.76399919759     
   13.1943700000000        2312.05849756241     
   13.2038300000000        2314.19756696324     
   13.2132900000000        2319.69513267925     
   13.2227500000000        2325.14290692832     
   13.2322100000000        2327.25122706195     
   13.2416600000000        2323.62206091500     
   13.2511100000000        2314.30139797874     
   13.2605500000000        2302.59144837032     
   13.2700000000000        2293.25034012593     
   13.2794400000000        2290.62862925805     
   13.2888700000000        2297.09789776658     
   13.2983100000000        2311.63231938990     
   13.3077400000000        2329.82586162748     
   13.3171600000000        2347.32188064389     
   13.3265900000000        2362.60175830478     
   13.3360100000000        2375.37530369349     
   13.3454300000000        2384.37000966722     
   13.3548400000000        2387.59278779289     
   13.3642500000000        2384.20814996696     
   13.3736600000000        2375.05794856658     
   13.3830600000000        2361.30416384125     
   13.3924700000000        2344.09558549039     
   13.4018600000000        2325.56471320350     
   13.4112600000000        2307.68660315650     
   13.4206500000000        2291.32879308487     
   13.4300400000000        2277.28439029185     
   13.4394300000000        2267.44121545779     
   13.4488100000000        2263.47742900547     
   13.4581900000000        2265.32483041513     
   13.4675600000000        2271.03954536039     
   13.4769400000000        2278.12143282650     
   13.4863100000000        2285.78682050174     
   13.4956700000000        2295.66380862446     
   13.5050400000000        2309.99012370313     
   13.5144000000000        2329.17596021443     
   13.5237600000000        2350.69935666757     
   13.5331100000000        2370.01195481555     
   13.5424600000000        2383.99400254637     
   13.5518100000000        2393.75802304477     
   13.5611500000000        2403.83942458768     
   13.5704900000000        2418.68869863182     
   13.5798300000000        2439.30375555218     
   13.5891700000000        2462.48610417537     
   13.5985000000000        2483.15917206898     
   13.6078300000000        2497.80499481185     
   13.6171500000000        2505.81027554735     
   13.6264800000000        2508.57362465271     
   13.6358000000000        2508.23246917989     
   13.6451100000000        2506.88908230422     
   13.6544200000000        2505.98826019745     
   13.6637300000000        2506.84757657353     
   13.6730400000000        2511.23805691434     
   13.6823400000000        2520.48447628732     
   13.6916400000000        2534.38954317901     
   13.7009400000000        2550.70330141006     
   13.7102400000000        2565.49288050425     
   13.7195300000000        2575.52142625033     
   13.7288100000000        2580.30285640454     
   13.7381000000000        2580.75161285094     
   13.7473800000000        2576.66871204006     
   13.7566600000000        2566.52347470554     
   13.7659300000000        2549.42011173703     
   13.7752000000000        2526.81392875215     
   13.7844700000000        2502.24622559883     
   13.7937400000000        2478.90316557163     
   13.8030000000000        2457.84707256532     
   13.8122600000000        2438.91719824799     
   13.8215200000000        2421.98762242987     
   13.8307700000000        2406.57634274482     
   13.8400200000000        2391.74373716149     
   13.8492600000000        2376.84699175789     
   13.8585100000000        2361.62426192494     
   13.8677500000000        2345.80770196691     
   13.8769800000000        2328.75166984979     
   13.8862200000000        2310.10489749730     
   13.8954500000000        2290.80950219556     
   13.9046800000000        2272.71262075133     
   13.9139000000000        2257.48350145319     
   13.9231200000000        2245.30301072095     
   13.9323400000000        2234.58899905717     
   13.9415500000000        2223.24452383059     
   13.9507700000000        2210.60440138654     
   13.9599700000000        2198.13187390204     
   13.9691800000000        2187.50235628577     
   13.9783800000000        2178.51965293622     
   13.9875800000000        2168.96740789145     
   13.9967800000000        2156.83003890695     
   14.0059700000000        2142.06642879771     
   14.0151600000000        2126.28039081244     
   14.0243400000000        2111.19735308199     
   14.0335300000000        2097.44735018385     
   14.0427100000000        2084.75078825408     
   14.0518800000000        2072.18959739013     
   14.0610600000000        2058.13176689867     
   14.0702300000000        2040.52770798840     
   14.0794000000000        2018.07252078620     
   14.0885600000000        1991.49217443253     
   14.0977200000000        1963.22853696483     
   14.1068800000000        1936.35256414766     
   14.1160300000000        1913.13614561385     
   14.1251800000000        1893.89228471057     
   14.1343300000000        1877.37539682728     
   14.1434800000000        1862.18089252679     
   14.1526200000000        1847.91339746676     
   14.1617600000000        1835.01651088084     
   14.1708900000000        1823.88407295610     
   14.1800300000000        1814.27583707558     
   14.1891500000000        1805.68604489245     
   14.1982800000000        1797.58930998104     
   14.2074000000000        1789.48420055591     
   14.2165200000000        1780.68256574895     
   14.2256400000000        1770.65803274246     
   14.2347500000000        1759.58473608078     
   14.2438600000000        1748.41956481946     
   14.2529700000000        1738.69635510801     
   14.2620700000000        1732.16334910283     
   14.2711800000000        1730.24217026276     
   14.2802700000000        1733.50055230887     
   14.2893700000000        1741.34546573803     
   14.2984600000000        1752.11922845595     
   14.3075500000000        1763.62761908129     
   14.3166300000000        1773.94793639168     
   14.3257100000000        1782.20898047236     
   14.3347900000000        1788.19297400857     
   14.3438700000000        1791.35800413096     
   14.3529400000000        1790.89693002775     
   14.3620100000000        1786.66030557240     
   14.3710700000000        1779.18718947466     
   14.3801400000000        1768.91843738273     
   14.3892000000000        1756.15882623528     
   14.3982500000000        1741.37709212342     
   14.4073100000000        1725.09632009107     
   14.4163600000000        1707.91158834069     
   14.4254000000000        1690.75860323785     
   14.4344500000000        1674.96937047224     
   14.4434900000000        1661.79383712287     
   14.4525200000000        1651.68064627078     
   14.4615600000000        1644.06263488659     
   14.4705900000000        1637.70247825618     
   14.4796200000000        1631.36329875695     
   14.4886400000000        1624.26017024153     
   14.4976600000000        1615.89664010967     
   14.5066800000000        1606.01332435153     
   14.5157000000000        1594.65615394202     
   14.5247100000000        1582.13492991458     
   14.5337200000000        1568.87766276626     
   14.5427200000000        1555.41191458019     
   14.5517300000000        1542.21631161138     
   14.5607300000000        1529.99466062940     
   14.5697200000000        1519.73524896498     
   14.5787100000000        1512.25376077772     
   14.5877000000000        1507.44317420749     
   14.5966900000000        1504.07693712012     
   14.6056700000000        1500.62243386490     
   14.6146600000000        1496.43961676396     
   14.6236300000000        1492.17805994600     
   14.6326100000000        1488.80897221800     
   14.6415800000000        1486.52586604467     
   14.6505400000000        1484.57189732025     
   14.6595100000000        1482.04864481260     
   14.6684700000000        1478.48056197607     
   14.6774300000000        1473.66153854503     
   14.6863800000000        1467.67531414090     
   14.6953400000000        1461.18174579902     
   14.7042800000000        1455.27730375090     
   14.7132300000000        1450.71240421557     
   14.7221700000000        1447.56728267342     
   14.7311100000000        1445.37443500234     
   14.7400500000000        1443.40561629170     
   14.7489800000000        1440.61506214862     
   14.7579100000000        1435.53737975363     
   14.7668400000000        1426.80403425524     
   14.7757600000000        1414.02464286419     
   14.7846800000000        1397.94576251140     
   14.7936000000000        1379.95544058259     
   14.8025100000000        1361.61571995883     
   14.8114200000000        1344.37200187699     
   14.8203300000000        1329.37825717791     
   14.8292300000000        1317.24510354847     
   14.8381300000000        1307.98641754619     
   14.8470300000000        1301.29715854185     
   14.8559300000000        1296.74893639096     
   14.8648200000000        1293.79295191430     
   14.8737100000000        1291.62799827240     
   14.8825900000000        1289.25312937422     
   14.8914700000000        1285.77958306882     
   14.9003500000000        1280.77863063214     
   14.9092300000000        1274.30269262373     
   14.9181000000000        1266.63738672196     
   14.9269700000000        1258.00683826373     
   14.9358400000000        1248.53790760698     
   14.9447000000000        1238.38281901200     
   14.9535600000000        1227.74356971215     
   14.9624200000000        1216.88701412836     
   14.9712700000000        1206.17746743628     
   14.9801200000000        1196.07039562387     
   14.9889700000000        1187.12166966566     
   14.9978100000000        1179.90347255342     
   15.0066500000000        1174.80796717601     
   15.0154900000000        1171.84344285310     
   15.0243300000000        1170.47859511519     
   15.0331600000000        1169.74669639137     
   15.0419900000000        1168.66118388414     
   15.0508100000000        1166.73487095569     
   15.0596300000000        1164.12406117379     
   15.0684500000000        1161.29004155141     
   15.0772700000000        1158.55412607878     
   15.0860800000000        1155.91104346142     
   15.0948900000000        1153.11509139126     
   15.1037000000000        1149.95360754801     
   15.1125000000000        1146.49079428974     
   15.1213000000000        1143.06442597334     
   15.1301000000000        1140.07823840257     
   15.1388900000000        1137.78591197028     
   15.1476800000000        1136.24937232891     
   15.1564700000000        1135.44763883616     
   15.1652500000000        1135.36313625578     
   15.1740300000000        1136.05605755989     
   15.1828100000000        1137.72667543401     
   15.1915800000000        1140.66194771831     
   15.2003500000000        1145.07945186908     
   15.2091200000000        1150.94010913596     
   15.2178900000000        1157.86354515468     
   15.2266500000000        1165.18099803228     
   15.2354100000000        1172.16709692121     
   15.2441600000000        1178.28849510212     
   15.2529200000000        1183.41251527941     
   15.2616700000000        1187.74360456370     
   15.2704100000000        1191.79882583130     
   15.2791500000000        1196.39701745322     
   15.2878900000000        1202.57909995908     
   15.2966300000000        1211.30830307710     
   15.3053600000000        1223.03492777052     
   15.3140900000000        1237.51964489199     
   15.3228200000000        1253.99218524533     
   15.3315400000000        1271.64429460754     
   15.3402600000000        1290.18771200327     
   15.3489800000000        1309.86877561588     
   15.3577000000000        1331.01783504374     
   15.3664100000000        1353.39511259900     
   15.3751200000000        1375.94864015325     
   15.3838200000000        1396.87938850315     
   15.3925200000000        1414.27281764734     
   15.4012200000000        1426.57604764534     
   15.4099200000000        1432.91600936931     
   15.4186100000000        1433.12650189766     
   15.4273000000000        1427.65618729562     
   15.4359800000000        1417.47518807811     
   15.4446700000000        1403.97716751370     
   15.4533400000000        1388.93135329842     
   15.4620200000000        1373.91808013504     
   15.4706900000000        1360.04892284575     
   15.4793600000000        1347.69459750812     
   15.4880300000000        1336.84228580287     
   15.4966900000000        1327.46149881023     
   15.5053500000000        1319.58775327603     
   15.5140100000000        1313.19771568797     
   15.5226700000000        1307.99125192504     
   15.5313200000000        1303.40885160808     
   15.5399600000000        1298.84766627326     
   15.5486100000000        1293.84430426280     
   15.5572500000000        1288.11657446039     
   15.5658900000000        1281.45216895679     
   15.5745200000000        1273.72128918983     
   15.5831600000000        1264.88905994161     
   15.5917900000000        1255.13741626103     
   15.6004100000000        1244.77817247623     
   15.6090300000000        1234.12056296919     
   15.6176500000000        1223.36855403666     
   15.6262700000000        1212.61126395023     
   15.6348800000000        1201.90479010830     
   15.6434900000000        1191.22469777085     
   15.6521000000000        1180.41967942304     
   15.6607000000000        1169.19035556653     
   15.6693000000000        1157.15904511045     
   15.6779000000000        1144.08274615563     
   15.6864900000000        1129.99337763188     
   15.6950800000000        1115.16332464192     
   15.7036700000000        1100.03242759943     
   15.7122600000000        1085.03261256023     
   15.7208400000000        1070.53927112932     
   15.7294100000000        1056.88325081378     
   15.7379900000000        1044.39013833331     
   15.7465600000000        1033.42843101647     
   15.7551300000000        1024.19377768850     
   15.7637000000000        1016.69312514439     
   15.7722600000000        1010.74946947955     
   15.7808200000000        1006.03351220420     
   15.7893700000000        1002.10686368717     
   15.7979300000000        998.364129327758     
   15.8064700000000        994.090725358540     
   15.8150200000000        988.576723891709     
   15.8235600000000        981.437605047614     
   15.8321000000000        972.782264436363     
   15.8406400000000        963.252782800498     
   15.8491800000000        953.772617416373     
   15.8577100000000        945.185731099463     
   15.8662300000000        938.015720432684     
   15.8747600000000        932.500962518374     
   15.8832800000000        928.752471918639     
   15.8918000000000        926.760051564289     
   15.9003100000000        926.433973691669     
   15.9088200000000        927.608109106140     
   15.9173300000000        930.056727222181     
   15.9258400000000        933.517832652492     
   15.9343400000000        937.721526738247     
   15.9428400000000        942.381179443336     
   15.9513300000000        947.096019923404     
   15.9598300000000        951.361764055967     
   15.9683100000000        954.667007548910     
   15.9768000000000        956.767661516631     
   15.9852800000000        957.793877834045     
   15.9937600000000        958.238359726049     
   16.0022400000000        958.720906447008     
   16.0107100000000        959.715114807350     
   16.0191800000000        961.389710790468     
   16.0276500000000        963.613549172232     
   16.0361200000000        966.057850477132     
   16.0445800000000        968.281780563394     
   16.0530300000000        969.778291081982     
   16.0614900000000        970.030212766112     
   16.0699400000000        968.639784089885     
   16.0783900000000        965.468086352599     
   16.0868300000000        960.645136753178     
   16.0952800000000        954.410672327205     
   16.1037100000000        947.000445773116     
   16.1121500000000        938.482168668732     
   16.1205800000000        928.884952297030     
   16.1290100000000        918.209331511919     
   16.1374400000000        906.511301934578     
   16.1458600000000        893.895165867616     
   16.1542800000000        880.442804372049     
   16.1627000000000        866.261450870009     
   16.1711100000000        851.512578665024     
   16.1795200000000        836.362536784680     
   16.1879300000000        821.022208988263     
   16.1963300000000        805.762946898001     
   16.2047300000000        790.905367730331     
   16.2131300000000        776.891582863950     
   16.2215200000000        764.206672078207     
   16.2299100000000        753.176680821443     
   16.2383000000000        743.878109171952     
   16.2466900000000        736.074090809931     
   16.2550700000000        729.272159060255     
   16.2634500000000        722.818731927641     
   16.2718200000000        716.105674027209     
   16.2802000000000        708.713322886370     
   16.2885600000000        700.575913058297     
   16.2969300000000        691.818238285735     
   16.3052900000000        682.694756286715     
   16.3136500000000        673.377887278349     
   16.3220100000000        663.979641138484     
   16.3303600000000        654.618871655454     
   16.3387100000000        645.451889326596     
   16.3470600000000        636.707643817654     
   16.3554000000000        628.637660677078     
   16.3637400000000        621.429149362859     
   16.3720800000000        615.172803897118     
   16.3804200000000        609.776558228750     
   16.3887500000000        604.933544996928     
   16.3970700000000        600.173163046867     
   16.4054000000000        594.993051401193     
   16.4137200000000        589.009098017158     
   16.4220400000000        581.966941942521     
   16.4303500000000        573.817843041910     
   16.4386700000000        564.727767645478     
   16.4469700000000        555.168088207283     
   16.4552800000000        545.691777139338     
   16.4635800000000        536.867354769010     
   16.4718800000000        529.012627743647     
   16.4801800000000        522.179708503214     
   16.4884700000000        516.235428982694     
   16.4967600000000        511.002537744178     
   16.5050500000000        506.402860956278     
   16.5133300000000        502.461498690945     
   16.5216100000000        499.217593505767     
   16.5298900000000        496.652148667698     
   16.5381600000000        494.632511518163     
   16.5464300000000        492.912055308836     
   16.5547000000000        491.196178680634     
   16.5629700000000        489.208630043571     
   16.5712300000000        486.736465582700     
   16.5794900000000        483.628480066178     
   16.5877400000000        479.803080066484     
   16.5959900000000        475.236637052703     
   16.6042400000000        469.980911977167     
   16.6124900000000        464.151475479027     
   16.6207300000000        457.915056864752     
   16.6289700000000        451.447185812716     
   16.6372000000000        444.939804632538     
   16.6454400000000        438.530570363855     
   16.6536700000000        432.334062177341     
   16.6618900000000        426.403762403114     
   16.6701200000000        420.771372372867     
   16.6783400000000        415.521023569319     
   16.6865500000000        410.752126448925     
   16.6947700000000        406.562834613035     
   16.7029800000000        403.045125766976     
   16.7111900000000        400.212246589406     
   16.7193900000000        397.997846462153     
   16.7275900000000        396.231611818155     
   16.7357900000000        394.658926776489     
   16.7439800000000        392.978561890800     
   16.7521800000000        390.899903317036     
   16.7603600000000        388.234792194271     
   16.7685500000000        384.922912659017     
   16.7767300000000        381.086829446102     
   16.7849100000000        376.981659104017     
   16.7930900000000        372.951834188659     
   16.8012600000000        369.350960667216     
   16.8094300000000        366.444322183185     
   16.8175900000000        364.361760730256     
   16.8257600000000        363.057988458986     
   16.8339200000000        362.350200067088     
   16.8420700000000        361.966879626475     
   16.8502300000000        361.638724920200     
   16.8583800000000        361.183111851431     
   16.8665300000000        360.549472805016     
   16.8746700000000        359.812211775868     
   16.8828100000000        359.106321543102     
   16.8909500000000        358.549189780764     
   16.8990800000000        358.172179114999     
   16.9072100000000        357.883959084668     
   16.9153400000000        357.480024331383     
   16.9234700000000        356.691907355309     
   16.9315900000000        355.264326099721     
   16.9397100000000        353.018455068689     
   16.9478200000000        349.893522015845     
   16.9559400000000        345.929868104818     
   16.9640500000000        341.281917756870     
   16.9721500000000        336.172155151479     
   16.9802600000000        330.854117746852     
   16.9883600000000        325.609358005651     
   16.9964500000000        320.662394973080     
   17.0045500000000        316.150379407672     
   17.0126400000000        312.143130104914     
   17.0207200000000        308.608884013191     
   17.0288100000000        305.443974565606     
   17.0368900000000        302.543045596650     
   17.0449700000000        299.820965287286     
   17.0530400000000        297.255877339413     
   17.0611100000000        294.858360490333     
   17.0691800000000        292.636570280244     
