   7.15970000000000        313.166922865111     
   7.17100000000000        313.469807984918     
   7.18231000000000        313.503013343748     
   7.19360000000000        305.504457166690     
   7.20490000000000        295.777056190681     
   7.21619000000000        288.463398308524     
   7.22748000000000        283.433619183500     
   7.23877000000000        286.251010387305     
   7.25005000000000        284.605469912104     
   7.26133000000000        279.485790488102     
   7.27261000000000        268.006076208559     
   7.28388000000000        260.509752392026     
   7.29515000000000        254.862993299511     
   7.30642000000000        260.276166516948     
   7.31768000000000        263.509094238490     
   7.32894000000000        267.634114317677     
   7.34020000000000        275.173391628422     
   7.35146000000000        291.184717756425     
   7.36271000000000        304.618759418874     
   7.37396000000000        318.484326963797     
   7.38520000000000        317.911474618663     
   7.39644000000000        305.551073833651     
   7.40768000000000        298.743311795429     
   7.41892000000000        291.985034989335     
   7.43015000000000        285.578191229995     
   7.44138000000000        286.557477462668     
   7.45261000000000        277.741134528272     
   7.46383000000000        267.944508358016     
   7.47505000000000        264.280607872693     
   7.48626000000000        258.522001723627     
   7.49748000000000        262.997980309871     
   7.50869000000000        268.138583924001     
   7.51990000000000        265.258808797571     
   7.53110000000000        263.404477543013     
   7.54230000000000        270.284276360455     
   7.55350000000000        276.867427347842     
   7.56469000000000        277.495883362138     
   7.57588000000000        276.616269439622     
   7.58707000000000        275.285697873383     
   7.59826000000000        280.277415815494     
   7.60944000000000        285.827937450766     
   7.62062000000000        295.733599549037     
   7.63179000000000        306.347491354676     
   7.64296000000000        303.779090009604     
   7.65413000000000        293.717959109275     
   7.66530000000000        285.032598315906     
   7.67646000000000        279.763675997035     
   7.68762000000000        284.159809086494     
   7.69878000000000        286.471640491193     
   7.70993000000000        277.431544381903     
   7.72108000000000        265.471344259309     
   7.73223000000000        261.100081570736     
   7.74337000000000        262.125178468940     
   7.75451000000000        258.932576264897     
   7.76565000000000        254.409221354700     
   7.77678000000000        249.870261685241     
   7.78791000000000        247.561072002263     
   7.79904000000000        248.167592578009     
   7.81017000000000        251.872701757801     
   7.82129000000000        255.577240811701     
   7.83241000000000        260.512276588849     
   7.84352000000000        264.919543681368     
   7.85463000000000        264.190114431557     
   7.86574000000000        260.891897802751     
   7.87685000000000        254.464483929272     
   7.88795000000000        250.280762510912     
   7.89905000000000        250.802936928518     
   7.91015000000000        248.416139382467     
   7.92124000000000        234.051748985652     
   7.93233000000000        223.505213891366     
   7.94342000000000        218.277197420999     
   7.95450000000000        213.390748153034     
   7.96558000000000        205.534135054743     
   7.97666000000000        192.231495840266     
   7.98773000000000        178.438455194278     
   7.99880000000000        169.078596113558     
   8.00987000000000        159.431031764341     
   8.02093000000000        151.837640973602     
   8.03200000000000        153.936947018254     
   8.04305000000000        157.915151445765     
   8.05411000000000        157.302444467029     
   8.06516000000000        159.486026583259     
   8.07621000000000        166.294244941681     
   8.08726000000000        173.326768291282     
   8.09830000000000        177.638898331915     
   8.10934000000000        181.469698992133     
   8.12037000000000        182.308875335991     
   8.13141000000000        180.535153973086     
   8.14244000000000        174.867683410618     
   8.15346000000000        169.159876710677     
   8.16449000000000        163.715609522599     
   8.17551000000000        157.437707876693     
   8.18652000000000        145.986916710169     
   8.19754000000000        132.299049277647     
   8.20855000000000        122.486720367113     
   8.21955000000000        117.212770803934     
   8.23056000000000        116.182201453752     
   8.24156000000000        117.988556469940     
   8.25256000000000        120.797293754714     
   8.26355000000000        121.570883404005     
   8.27454000000000        121.821125986693     
   8.28553000000000        124.063130927025     
   8.29652000000000        131.517117138380     
   8.30750000000000        144.762966949034     
   8.31848000000000        156.791847871951     
   8.32946000000000        165.637777493145     
   8.34043000000000        169.776909201979     
   8.35140000000000        173.232751889478     
   8.36236000000000        176.624099849925     
   8.37333000000000        181.512522916568     
   8.38429000000000        188.421508756326     
   8.39524000000000        197.117095403323     
   8.40620000000000        201.667380329527     
   8.41715000000000        203.931864609323     
   8.42810000000000        202.744197850298     
   8.43904000000000        202.962141558174     
   8.44998000000000        199.890809193132     
   8.46092000000000        194.793548622954     
   8.47185000000000        190.828497269104     
   8.48278000000000        189.234062313469     
   8.49371000000000        187.159801719619     
   8.50464000000000        184.017348610513     
   8.51556000000000        181.421308570613     
   8.52648000000000        180.656321509050     
   8.53739000000000        181.826050411792     
   8.54831000000000        183.427591925929     
   8.55922000000000        186.163572146301     
   8.57012000000000        192.693471994936     
   8.58103000000000        200.338595779887     
   8.59193000000000        207.032844202651     
   8.60282000000000        210.976759747196     
   8.61372000000000        214.908372296838     
   8.62461000000000        221.721951617607     
   8.63549000000000        228.002638054543     
   8.64638000000000        233.066825635074     
   8.65726000000000        237.663402297083     
   8.66814000000000        241.816744720068     
   8.67901000000000        246.826666217004     
   8.68988000000000        251.585353155306     
   8.70075000000000        253.721046549640     
   8.71161000000000        252.821498927555     
   8.72248000000000        252.384283801105     
   8.73333000000000        250.593282823982     
   8.74419000000000        245.397425356857     
   8.75504000000000        236.962349199381     
   8.76589000000000        228.956435128888     
   8.77674000000000        221.561997438791     
   8.78758000000000        214.710929218513     
   8.79842000000000        210.065095839590     
   8.80926000000000        207.805826906660     
   8.82009000000000        205.431818393292     
   8.83092000000000        200.966103586451     
   8.84175000000000        197.232940644241     
   8.85257000000000        191.660944253950     
   8.86339000000000        189.308856566641     
   8.87421000000000        189.308154817364     
   8.88502000000000        189.104498127257     
   8.89583000000000        189.972342844346     
   8.90664000000000        191.796369661421     
   8.91745000000000        193.441658847528     
   8.92825000000000        193.119446062697     
   8.93905000000000        191.887408023056     
   8.94984000000000        191.654363614999     
   8.96063000000000        193.144305645843     
   8.97142000000000        195.684457062833     
   8.98221000000000        197.744159145298     
   8.99299000000000        198.656369176309     
   9.00377000000000        198.637789251594     
   9.01455000000000        198.374463140816     
   9.02532000000000        198.024937086541     
   9.03609000000000        198.629592400429     
   9.04686000000000        205.930273388523     
   9.05762000000000        218.607643860475     
   9.06838000000000        233.198179254234     
   9.07914000000000        246.692964245179     
   9.08989000000000        251.593831051111     
   9.10064000000000        246.590422275629     
   9.11139000000000        239.702701021686     
   9.12214000000000        233.979983907085     
   9.13288000000000        229.051282031986     
   9.14362000000000        225.517031838068     
   9.15435000000000        217.430458162221     
   9.16508000000000        204.540146914530     
   9.17581000000000        196.523756392905     
   9.18654000000000        197.924975894932     
   9.19726000000000        198.299479548335     
   9.20798000000000        191.954605176158     
   9.21870000000000        185.331263001320     
   9.22941000000000        180.812648308194     
   9.24012000000000        176.888129200247     
   9.25082000000000        172.363902139877     
   9.26153000000000        169.491970752136     
   9.27223000000000        168.162545662012     
   9.28293000000000        170.358213275217     
   9.29362000000000        175.825894281920     
   9.30431000000000        180.144683414811     
   9.31500000000000        176.599672878136     
   9.32568000000000        172.849728296512     
   9.33636000000000        179.469221604603     
   9.34704000000000        194.431133541717     
   9.35772000000000        209.319769948309     
   9.36839000000000        218.024043032742     
   9.37906000000000        219.552793063346     
   9.38972000000000        220.259906462802     
   9.40038000000000        224.329466850844     
   9.41104000000000        231.203939179530     
   9.42170000000000        236.038045833329     
   9.43235000000000        238.445012224406     
   9.44300000000000        242.214761366191     
   9.45365000000000        250.038377987393     
   9.46429000000000        256.047206579091     
   9.47493000000000        258.663045506895     
   9.48557000000000        263.187606215341     
   9.49620000000000        263.908307732649     
   9.50683000000000        262.213500794125     
   9.51746000000000        257.009757712533     
   9.52808000000000        256.320919824445     
   9.53871000000000        264.903262277677     
   9.54932000000000        276.736507729810     
   9.55994000000000        291.918340864393     
   9.57055000000000        300.538734644098     
   9.58116000000000        299.170362856347     
   9.59176000000000        295.533726345084     
   9.60237000000000        295.952309759102     
   9.61296000000000        298.114912150003     
   9.62356000000000        305.885230590307     
   9.63415000000000        315.544934417444     
   9.64474000000000        319.100593142184     
   9.65533000000000        317.346261380659     
   9.66591000000000        317.813148235738     
   9.67649000000000        323.020363056241     
   9.68707000000000        329.513202906298     
   9.69764000000000        335.895589492492     
   9.70821000000000        344.844299423617     
   9.71878000000000        365.433100565164     
   9.72934000000000        394.277617863534     
   9.73990000000000        415.572274014123     
   9.75046000000000        423.763058179134     
   9.76102000000000        425.455335144453     
   9.77157000000000        429.849594049169     
   9.78212000000000        434.576874074891     
   9.79266000000000        433.893208165009     
   9.80320000000000        430.977367296666     
   9.81374000000000        426.467104642044     
   9.82428000000000        423.626650982878     
   9.83481000000000        426.602391064288     
   9.84534000000000        430.667224313115     
   9.85586000000000        434.944411341021     
   9.86639000000000        437.132098911143     
   9.87691000000000        423.240856238125     
   9.88742000000000        407.176268043764     
   9.89794000000000        410.497721063939     
   9.90845000000000        421.120218901241     
   9.91895000000000        424.037411690230     
   9.92946000000000        422.120794441778     
   9.93996000000000        414.523279664532     
   9.95046000000000        402.916637375811     
   9.96095000000000        390.866257935284     
   9.97144000000000        379.381960264282     
   9.98193000000000        368.604084966666     
   9.99242000000000        364.754826678436     
   10.0029000000000        369.873988646617     
   10.0133800000000        376.505553957139     
   10.0238500000000        380.511302698430     
   10.0343200000000        377.548022059912     
   10.0447900000000        371.447561587723     
   10.0552600000000        368.364552357137     
   10.0657200000000        367.382397373464     
   10.0761800000000        367.106547831701     
   10.0866400000000        368.709521848055     
   10.0970900000000        373.086212989010     
   10.1075400000000        378.805747015061     
   10.1179900000000        381.456591636444     
   10.1284300000000        381.103929229075     
   10.1388700000000        387.098473846036     
   10.1493100000000        398.095542630810     
   10.1597400000000        398.007767961049     
   10.1701700000000        392.240023938545     
   10.1806000000000        393.319189717520     
   10.1910300000000        395.141290447603     
   10.2014500000000        394.446747110887     
   10.2118700000000        400.776230099381     
   10.2222800000000        412.825283516974     
   10.2326900000000        419.735038949122     
   10.2431000000000        419.625230626399     
   10.2535100000000        416.187661346501     
   10.2639100000000        412.161267753686     
   10.2743100000000        409.088358162661     
   10.2847100000000        414.179275556011     
   10.2951000000000        428.331635828098     
   10.3054900000000        438.241579548875     
   10.3158800000000        439.530237319278     
   10.3262600000000        439.971314230181     
   10.3366400000000        436.616248165109     
   10.3470200000000        429.648497550401     
   10.3573900000000        428.752513926605     
   10.3677600000000        434.982168241813     
   10.3781300000000        438.869749435549     
   10.3884900000000        435.605310764580     
   10.3988600000000        428.132901025281     
   10.4092100000000        419.611139327814     
   10.4195700000000        414.203202478727     
   10.4299200000000        412.490266652666     
   10.4402700000000        411.781704492428     
   10.4506100000000        409.192840652192     
   10.4609600000000        403.715362475051     
   10.4713000000000        396.859969500700     
   10.4816300000000        391.212439553382     
   10.4919600000000        390.444089638869     
   10.5022900000000        394.092303120851     
   10.5126200000000        397.939845748434     
   10.5229400000000        400.146160897208     
   10.5332600000000        396.834615243633     
   10.5435800000000        389.574875940698     
   10.5539000000000        381.488077277578     
   10.5642100000000        372.887866421992     
   10.5745100000000        365.488613448730     
   10.5848200000000        360.765046447927     
   10.5951200000000        356.900392380773     
   10.6054200000000        354.862465053318     
   10.6157100000000        355.039124466064     
   10.6260000000000        357.108794779670     
   10.6362900000000        364.937461295599     
   10.6465800000000        374.089003529204     
   10.6568600000000        379.719631653998     
   10.6671400000000        383.551375668630     
   10.6774100000000        387.446028022952     
   10.6876900000000        392.794090572302     
   10.6979600000000        400.301759046624     
   10.7082200000000        410.488288366846     
   10.7184900000000        424.825253013071     
   10.7287500000000        440.340324365693     
   10.7390000000000        453.252776792940     
   10.7492600000000        464.067985559388     
   10.7595100000000        473.616176439858     
   10.7697500000000        484.276049420640     
   10.7800000000000        499.545285107344     
   10.7902400000000        514.399638567798     
   10.8004800000000        525.078850855766     
   10.8107100000000        533.501020963125     
   10.8209400000000        539.016251272801     
   10.8311700000000        541.903933763953     
   10.8414000000000        548.234383643433     
   10.8516200000000        562.078393925501     
   10.8618400000000        580.998063401330     
   10.8720500000000        596.870705212867     
   10.8822700000000        607.892306365532     
   10.8924800000000        616.271850884416     
   10.9026800000000        624.456251045814     
   10.9128800000000        635.904279626526     
   10.9230800000000        652.364457398364     
   10.9332800000000        670.512029756523     
   10.9434700000000        686.043477401017     
   10.9536600000000        698.275550050222     
   10.9638500000000        704.729054208334     
   10.9740400000000        698.449615706902     
   10.9842200000000        683.778523619998     
   10.9943900000000        671.162056359371     
   11.0045700000000        664.419635247805     
   11.0147400000000        664.334539689121     
   11.0249100000000        669.266408422711     
   11.0350700000000        674.262285919237     
   11.0452300000000        676.464187211047     
   11.0553900000000        678.308239021962     
   11.0655500000000        683.103139367592     
   11.0757000000000        692.312379743704     
   11.0858500000000        704.646268597588     
   11.0960000000000        716.685942037231     
   11.1061400000000        723.565729301467     
   11.1162800000000        723.428646086802     
   11.1264200000000        720.707514015215     
   11.1365500000000        722.547694391412     
   11.1466800000000        728.921086496640     
   11.1568100000000        734.242234429113     
   11.1669300000000        738.549731135179     
   11.1770500000000        743.856350566779     
   11.1871700000000        747.578756855163     
   11.1972800000000        748.471196883070     
   11.2073900000000        748.006976903543     
   11.2175000000000        744.392458395222     
   11.2276100000000        741.888551725993     
   11.2377100000000        748.078658200977     
   11.2478100000000        764.678775745659     
   11.2579000000000        785.327277717033     
   11.2679900000000        800.439702976786     
   11.2780800000000        807.647854130197     
   11.2881700000000        811.455947658471     
   11.2982500000000        815.436918228885     
   11.3083300000000        823.493812430642     
   11.3184100000000        836.348545576377     
   11.3284800000000        848.254624971572     
   11.3385500000000        856.202719484846     
   11.3486200000000        862.892417987070     
   11.3586800000000        871.710710558956     
   11.3687400000000        883.858972168962     
   11.3788000000000        895.896187568522     
   11.3888500000000        905.438362380717     
   11.3989000000000        913.008353555455     
   11.4089500000000        918.361099430400     
   11.4189900000000        921.937403105762     
   11.4290400000000        925.961842253238     
   11.4390700000000        931.046459692143     
   11.4491100000000        935.272023886605     
   11.4591400000000        940.640846109011     
   11.4691700000000        950.075418172609     
   11.4792000000000        961.688739971320     
   11.4892200000000        971.337984298512     
   11.4992400000000        978.391229414447     
   11.5092500000000        983.286827724310     
   11.5192700000000        985.455632765341     
   11.5292800000000        986.918047006789     
   11.5392800000000        990.507990180574     
   11.5492900000000        996.157964737837     
   11.5592900000000        1001.57771676870     
   11.5692800000000        1005.04203972553     
   11.5792800000000        1009.20228989120     
   11.5892700000000        1015.96424152759     
   11.5992600000000        1022.04209212890     
   11.6092400000000        1025.96213419217     
   11.6192200000000        1028.87064894566     
   11.6292000000000        1031.28194004402     
   11.6391700000000        1033.49611506595     
   11.6491500000000        1035.20778451658     
   11.6591200000000        1038.24392422507     
   11.6690800000000        1044.16295085080     
   11.6790400000000        1050.79755575410     
   11.6890000000000        1054.91947140032     
   11.6989600000000        1055.77851172593     
   11.7089100000000        1056.37579030276     
   11.7188600000000        1058.40177870077     
   11.7288100000000        1059.26832245613     
   11.7387500000000        1057.46413616759     
   11.7486900000000        1053.39277701542     
   11.7586300000000        1045.16249333542     
   11.7685600000000        1032.36693690500     
   11.7784900000000        1016.67719060621     
   11.7884200000000        997.213937099401     
   11.7983400000000        979.019800669169     
   11.8082600000000        970.654430542277     
   11.8181800000000        972.249602835063     
   11.8281000000000        977.211745660955     
   11.8380100000000        977.965571292634     
   11.8479200000000        971.238820255905     
   11.8578200000000        959.626786591758     
   11.8677200000000        947.072257849069     
   11.8776200000000        935.329757514732     
   11.8875200000000        924.354280137843     
   11.8974100000000        914.949567006590     
   11.9073000000000        907.601615014779     
   11.9171900000000        901.373379784180     
   11.9270700000000        895.108546382842     
   11.9369500000000        889.582806824561     
   11.9468300000000        885.662518730132     
   11.9567000000000        880.455218771205     
   11.9665700000000        870.310375035661     
   11.9764400000000        854.161742020490     
   11.9863000000000        834.315531341432     
   11.9961600000000        816.727759973474     
   12.0060200000000        806.433779366750     
   12.0158700000000        803.248213518268     
   12.0257300000000        804.694114284615     
   12.0355700000000        810.479631484125     
   12.0454200000000        821.089988561061     
   12.0552600000000        835.394846380101     
   12.0651000000000        852.028965746075     
   12.0749400000000        869.830006634455     
   12.0847700000000        885.954466985739     
   12.0946000000000        898.592210898576     
   12.1044200000000        907.600136088297     
   12.1142500000000        912.485621338324     
   12.1240700000000        915.571323542937     
   12.1338800000000        921.125882515513     
   12.1437000000000        931.864814455923     
   12.1535100000000        948.138129233176     
   12.1633100000000        966.467434155808     
   12.1731200000000        983.127016028865     
   12.1829200000000        997.796915035704     
   12.1927200000000        1010.68986803134     
   12.2025100000000        1022.92759801442     
   12.2123000000000        1034.76778012638     
   12.2220900000000        1043.36657983883     
   12.2318700000000        1048.63175301120     
   12.2416600000000        1053.61606878895     
   12.2514300000000        1058.31392425286     
   12.2612100000000        1061.44172939691     
   12.2709800000000        1065.06266409078     
   12.2807500000000        1071.64110249219     
   12.2905200000000        1079.68562202398     
   12.3002800000000        1088.09749000564     
   12.3100400000000        1097.83291117289     
   12.3198000000000        1106.53335313762     
   12.3295500000000        1108.66869880442     
   12.3393000000000        1103.87293231667     
   12.3490500000000        1098.27570313182     
   12.3587900000000        1096.33103833726     
   12.3685300000000        1097.22344394819     
   12.3782700000000        1097.55232284024     
   12.3880000000000        1096.54328479873     
   12.3977300000000        1096.92069463225     
   12.4074600000000        1100.06245619408     
   12.4171800000000        1104.00053840844     
   12.4269100000000        1105.87464020957     
   12.4366200000000        1104.36173169797     
   12.4463400000000        1098.97864512489     
   12.4560500000000        1087.74766583727     
   12.4657600000000        1068.56847550419     
   12.4754700000000        1042.84868226479     
   12.4851700000000        1016.78900634140     
   12.4948700000000        996.598483964640     
   12.5045600000000        985.368313875868     
   12.5142600000000        982.966182081467     
   12.5239500000000        986.492353449212     
   12.5336300000000        991.211446064529     
   12.5433200000000        993.001491491596     
   12.5530000000000        990.761189751494     
   12.5626800000000        986.070214795937     
   12.5723500000000        981.023055968073     
   12.5820200000000        977.281777588206     
   12.5916900000000        975.974575057248     
   12.6013500000000        976.684159650301     
   12.6110100000000        978.810634980651     
   12.6206700000000        982.934382100648     
   12.6303300000000        988.279076782185     
   12.6399800000000        993.126076883791     
   12.6496300000000        995.954141249476     
   12.6592700000000        993.887710073930     
   12.6689200000000        984.781367314080     
   12.6785500000000        971.929926334211     
   12.6881900000000        962.227043558924     
   12.6978200000000        960.922377003572     
   12.7074500000000        970.069031006746     
   12.7170800000000        988.507093568748     
   12.7267000000000        1012.29997471819     
   12.7363200000000        1036.45303455096     
   12.7459400000000        1056.26633594194     
   12.7555500000000        1068.21135333978     
   12.7651600000000        1071.12278219149     
   12.7747700000000        1066.51043146374     
   12.7843800000000        1058.04684147435     
   12.7939800000000        1051.00285978165     
   12.8035800000000        1049.58514076573     
   12.8131700000000        1054.35737584627     
   12.8227600000000        1062.45956291768     
   12.8323500000000        1070.68243882129     
   12.8419400000000        1078.22585125662     
   12.8515200000000        1085.49197858492     
   12.8611000000000        1092.40126713050     
   12.8706700000000        1098.95997963524     
   12.8802500000000        1105.72460797180     
   12.8898100000000        1113.00734258247     
   12.8993800000000        1120.97141153101     
   12.9089400000000        1130.91273137223     
   12.9185000000000        1144.43488289109     
   12.9280600000000        1161.20918601065     
   12.9376100000000        1178.33632875016     
   12.9471700000000        1192.26429333926     
   12.9567100000000        1201.73273855516     
   12.9662600000000        1208.34585790959     
   12.9758000000000        1213.77228491497     
   12.9853400000000        1218.50762819504     
   12.9948700000000        1222.80833358666     
   13.0044000000000        1226.05958984244     
   13.0139300000000        1226.67566416113     
   13.0234600000000        1224.57415106628     
   13.0329800000000        1221.78317971200     
   13.0425000000000        1219.66622769437     
   13.0520100000000        1218.18360857233     
   13.0615200000000        1217.47929899047     
   13.0710300000000        1218.71822843993     
   13.0805400000000        1223.39644681819     
   13.0900400000000        1232.37151393596     
   13.0995400000000        1246.16771974948     
   13.1090400000000        1265.15707733293     
   13.1185300000000        1288.22608599881     
   13.1280200000000        1312.14929936657     
   13.1375100000000        1333.24876676724     
   13.1469900000000        1349.23579063097     
   13.1564700000000        1359.72406362435     
   13.1659500000000        1366.01141191250     
   13.1754300000000        1370.31881956922     
   13.1849000000000        1374.60727158428     
   13.1943700000000        1379.97827056026     
   13.2038300000000        1387.24651353438     
   13.2132900000000        1396.71444979489     
   13.2227500000000        1406.27583603537     
   13.2322100000000        1411.96907580435     
   13.2416600000000        1410.92585600460     
   13.2511100000000        1403.39769110213     
   13.2605500000000        1392.60892963829     
   13.2700000000000        1382.51914416721     
   13.2794400000000        1375.87169722187     
   13.2888700000000        1373.13587396902     
   13.2983100000000        1372.46586738555     
   13.3077400000000        1370.71666990541     
   13.3171600000000        1366.39835016220     
   13.3265900000000        1361.16080152901     
   13.3360100000000        1357.24180836350     
   13.3454300000000        1354.70801316213     
   13.3548400000000        1351.50867709219     
   13.3642500000000        1345.67986762767     
   13.3736600000000        1337.22491507594     
   13.3830600000000        1327.47650120464     
   13.3924700000000        1318.32646489545     
   13.4018600000000        1312.36737412334     
   13.4112600000000        1310.55377656895     
   13.4206500000000        1310.63023326168     
   13.4300400000000        1310.25727233136     
   13.4394300000000        1309.76988288437     
   13.4488100000000        1310.36960290735     
   13.4581900000000        1311.96122716804     
   13.4675600000000        1313.36587394343     
   13.4769400000000        1313.55529034607     
   13.4863100000000        1313.17363157655     
   13.4956700000000        1314.95028327961     
   13.5050400000000        1321.24720570547     
   13.5144000000000        1330.99183967683     
   13.5237600000000        1339.60864892140     
   13.5331100000000        1341.97353227566     
   13.5424600000000        1336.22519771447     
   13.5518100000000        1324.57452033008     
   13.5611500000000        1311.30893049903     
   13.5704900000000        1300.63633621527     
   13.5798300000000        1295.26738484435     
   13.5891700000000        1295.78445047478     
   13.5985000000000        1300.92629312019     
   13.6078300000000        1308.83407549979     
   13.6171500000000        1318.43412224980     
   13.6264800000000        1329.37426972891     
   13.6358000000000        1340.81502827783     
   13.6451100000000        1351.26696737300     
   13.6544200000000        1359.43007795240     
   13.6637300000000        1364.93915468338     
   13.6730400000000        1368.55717351674     
   13.6823400000000        1371.58897950963     
   13.6916400000000        1375.11122404297     
   13.7009400000000        1379.53452614405     
   13.7102400000000        1384.12417084015     
   13.7195300000000        1387.46871086249     
   13.7288100000000        1389.07949165815     
   13.7381000000000        1389.77695019289     
   13.7473800000000        1390.07790655457     
   13.7566600000000        1388.85893163772     
   13.7659300000000        1384.44125493701     
   13.7752000000000        1377.03644260596     
   13.7844700000000        1369.37609821445     
   13.7937400000000        1364.85919558737     
   13.8030000000000        1365.73791238389     
   13.8122600000000        1372.76181194663     
   13.8215200000000        1385.47980872809     
   13.8307700000000        1402.63556047388     
   13.8400200000000        1422.78070929215     
   13.8492600000000        1444.44601439358     
   13.8585100000000        1465.72894410337     
   13.8677500000000        1483.88647264194     
   13.8769800000000        1496.51978356613     
   13.8862200000000        1502.80612889030     
   13.8954500000000        1503.76487165520     
   13.9046800000000        1501.50842246279     
   13.9139000000000        1498.04394441031     
   13.9231200000000        1494.46754757705     
   13.9323400000000        1490.82480647264     
   13.9415500000000        1487.07778502197     
   13.9507700000000        1484.56376453438     
   13.9599700000000        1485.71828660252     
   13.9691800000000        1491.64384828010     
   13.9783800000000        1500.63980082291     
   13.9875800000000        1509.44251029965     
   13.9967800000000        1515.38225886604     
   14.0059700000000        1517.98751118009     
   14.0151600000000        1519.20058457264     
   14.0243400000000        1521.41491688660     
   14.0335300000000        1525.47603559282     
   14.0427100000000        1530.72002899795     
   14.0518800000000        1535.76394207140     
   14.0610600000000        1538.62078863204     
   14.0702300000000        1536.83843500408     
   14.0794000000000        1528.72965780258     
   14.0885600000000        1514.77710958529     
   14.0977200000000        1497.42552734605     
   14.1068800000000        1479.85924407777     
   14.1160300000000        1464.83353108863     
   14.1251800000000        1453.42794400193     
   14.1343300000000        1444.57791860536     
   14.1434800000000        1436.18944753795     
   14.1526200000000        1427.04223135088     
   14.1617600000000        1417.26732271525     
   14.1708900000000        1407.34875151615     
   14.1800300000000        1397.61680011781     
   14.1891500000000        1388.99747332377     
   14.1982800000000        1382.82803684555     
   14.2074000000000        1379.69554253998     
   14.2165200000000        1378.64732802679     
   14.2256400000000        1378.05032584078     
   14.2347500000000        1377.07609019040     
   14.2438600000000        1376.48484758472     
   14.2529700000000        1378.32235991571     
   14.2620700000000        1384.87377916477     
   14.2711800000000        1397.67894986490     
   14.2802700000000        1417.03626684856     
   14.2893700000000        1442.14849428024     
   14.2984600000000        1470.76700064762     
   14.3075500000000        1499.60765247427     
   14.3166300000000        1525.61500376776     
   14.3257100000000        1547.72644458291     
   14.3347900000000        1566.43671712684     
   14.3438700000000        1581.75059756768     
   14.3529400000000        1592.32250548190     
   14.3620100000000        1596.71699639963     
   14.3710700000000        1594.46821581514     
   14.3801400000000        1585.93477111531     
   14.3892000000000        1571.98557453595     
   14.3982500000000        1553.88031923302     
   14.4073100000000        1532.95104352346     
   14.4163600000000        1510.65476598468     
   14.4254000000000        1488.74041456620     
   14.4344500000000        1469.12927193504     
   14.4434900000000        1453.40429955170     
   14.4525200000000        1442.07809033621     
   14.4615600000000        1434.44911084953     
   14.4705900000000        1429.19377115334     
   14.4796200000000        1425.30303812760     
   14.4886400000000        1422.35648598979     
   14.4976600000000        1419.88660504944     
   14.5066800000000        1417.12817037226     
   14.5157000000000        1413.25817565720     
   14.5247100000000        1407.67263414705     
   14.5337200000000        1400.35126422088     
   14.5427200000000        1392.27317117790     
   14.5517300000000        1385.25822599347     
   14.5607300000000        1381.46362087378     
   14.5697200000000        1382.50680497194     
   14.5787100000000        1388.52451039507     
   14.5877000000000        1397.79402977441     
   14.5966900000000        1407.46107521828     
   14.6056700000000        1415.06586262186     
   14.6146600000000        1420.03416032954     
   14.6236300000000        1423.69666453155     
   14.6326100000000        1427.69186611884     
   14.6415800000000        1432.23458989688     
   14.6505400000000        1436.34145423549     
   14.6595100000000        1439.28407784037     
   14.6684700000000        1440.99823179565     
   14.6774300000000        1441.30438711578     
   14.6863800000000        1439.82378981788     
   14.6953400000000        1436.92086307906     
   14.7042800000000        1433.85709964403     
   14.7132300000000        1431.77456069865     
   14.7221700000000        1431.06690120389     
   14.7311100000000        1431.47598461484     
   14.7400500000000        1432.40294959443     
   14.7489800000000        1432.83641430196     
   14.7579100000000        1430.98038807660     
   14.7668400000000        1424.58986920013     
   14.7757600000000        1412.36819212909     
   14.7846800000000        1394.86512989410     
   14.7936000000000        1374.11684843693     
   14.8025100000000        1352.70550040783     
   14.8114200000000        1332.96701657749     
   14.8203300000000        1316.84137713524     
   14.8292300000000        1305.77555904664     
   14.8381300000000        1300.34511012792     
   14.8470300000000        1300.06431741101     
   14.8559300000000        1303.68255718248     
   14.8648200000000        1309.77940709270     
   14.8737100000000        1317.09641579998     
   14.8825900000000        1324.37004150745     
   14.8914700000000        1330.27371864615     
   14.9003500000000        1333.73653684845     
   14.9092300000000        1334.27391056338     
   14.9181000000000        1331.82824966688     
   14.9269700000000        1326.40417232426     
   14.9358400000000        1318.00422913899     
   14.9447000000000        1306.81963574407     
   14.9535600000000        1293.28811688896     
   14.9624200000000        1278.10559139665     
   14.9712700000000        1262.20914295292     
   14.9801200000000        1246.68234256022     
   14.9889700000000        1232.71958848558     
   14.9978100000000        1221.41593299612     
   15.0066500000000        1213.45571737179     
   15.0154900000000        1208.97914673319     
   15.0243300000000        1207.44776851937     
   15.0331600000000        1207.60911105888     
   15.0419900000000        1207.81451337216     
   15.0508100000000        1206.67421879282     
   15.0596300000000        1203.55249094410     
   15.0684500000000        1198.56124501715     
   15.0772700000000        1192.13564720832     
   15.0860800000000        1184.57040296221     
   15.0948900000000        1175.93805802884     
   15.1037000000000        1166.56864959567     
   15.1125000000000        1157.42160081358     
   15.1213000000000        1149.66112054802     
   15.1301000000000        1143.89717543822     
   15.1388900000000        1139.97993649888     
   15.1476800000000        1137.52744313049     
   15.1564700000000        1136.42235341288     
   15.1652500000000        1136.74216432883     
   15.1740300000000        1138.48788542012     
   15.1828100000000        1141.47244316693     
   15.1915800000000        1145.32281669014     
   15.2003500000000        1149.47676285269     
   15.2091200000000        1153.08891097395     
   15.2178900000000        1155.03542981647     
   15.2266500000000        1154.18146787677     
   15.2354100000000        1149.80791803044     
   15.2441600000000        1141.80428238110     
   15.2529200000000        1130.34403374407     
   15.2616700000000        1115.57945969999     
   15.2704100000000        1097.69303889405     
   15.2791500000000        1077.45248455005     
   15.2878900000000        1056.58578190813     
   15.2966300000000        1037.29192500238     
   15.3053600000000        1021.26893541416     
   15.3140900000000        1009.01352984145     
   15.3228200000000        1000.00878633425     
   15.3315400000000        993.367697683000     
   15.3402600000000        988.560518816577     
   15.3489800000000        985.750034144134     
   15.3577000000000        985.399120205426     
   15.3664100000000        987.540859463769     
   15.3751200000000        991.362583967011     
   15.3838200000000        995.458533223077     
   15.3925200000000        998.462680604055     
   15.4012200000000        999.387821470408     
   15.4099200000000        997.660775394184     
   15.4186100000000        993.178914412225     
   15.4273000000000        986.387676245004     
   15.4359800000000        978.223700900827     
   15.4446700000000        969.832995119831     
   15.4533400000000        962.375046235363     
   15.4620200000000        956.662902118306     
   15.4706900000000        953.011978655673     
   15.4793600000000        951.045302169854     
   15.4880300000000        949.813704885192     
   15.4966900000000        948.142396409233     
   15.5053500000000        945.145592882569     
   15.5140100000000        940.649968013536     
   15.5226700000000        935.260384745847     
   15.5313200000000        930.036999047825     
   15.5399600000000        925.925240316489     
   15.5486100000000        923.296175704151     
   15.5572500000000        921.857026830803     
   15.5658900000000        920.819028856174     
   15.5745200000000        919.199994267443     
   15.5831600000000        916.086943411467     
   15.5917900000000        910.901876862554     
   15.6004100000000        903.570818986535     
   15.6090300000000        894.525338091869     
   15.6176500000000        884.516686715843     
   15.6262700000000        874.309833846529     
   15.6348800000000        864.487826262567     
   15.6434900000000        855.386206410576     
   15.6521000000000        847.219551620781     
   15.6607000000000        840.179695429996     
   15.6693000000000        834.441725736830     
   15.6779000000000        830.160498023499     
   15.6864900000000        827.417239123300     
   15.6950800000000        826.107420873180     
   15.7036700000000        825.778479672793     
   15.7122600000000        825.580446427777     
   15.7208400000000        824.570325654472     
   15.7294100000000        822.217343476948     
   15.7379900000000        818.720045612060     
   15.7465600000000        814.958201464783     
   15.7551300000000        812.036336590373     
   15.7637000000000        810.753682757969     
   15.7722600000000        811.251927277699     
   15.7808200000000        813.026960995227     
   15.7893700000000        815.172758054413     
   15.7979300000000        816.635404830956     
   15.8064700000000        816.382054815665     
   15.8150200000000        813.629863057731     
   15.8235600000000        808.146504860731     
   15.8321000000000        800.464647569334     
   15.8406400000000        791.795628238616     
   15.8491800000000        783.563042188261     
   15.8577100000000        776.880109694796     
   15.8662300000000        772.280180495119     
   15.8747600000000        769.789077438089     
   15.8832800000000        769.125325950693     
   15.8918000000000        769.863618013614     
   15.9003100000000        771.635167229601     
   15.9088200000000        774.246125387827     
   15.9173300000000        777.642130746341     
   15.9258400000000        781.787428484863     
   15.9343400000000        786.548779973243     
   15.9428400000000        791.623209503810     
   15.9513300000000        796.438170657107     
   15.9598300000000        800.170519748453     
   15.9683100000000        801.858596629237     
   15.9768000000000        800.739232574596     
   15.9852800000000        796.526579796895     
   15.9937600000000        789.541633766693     
   16.0022400000000        780.578623733177     
   16.0107100000000        770.625982138765     
   16.0191800000000        760.579524943109     
   16.0276500000000        751.146026207339     
   16.0361200000000        742.737169938544     
   16.0445800000000        735.367834587586     
   16.0530300000000        728.615417398585     
   16.0614900000000        721.799495116848     
   16.0699400000000        714.382629343014     
   16.0783900000000        706.257086472275     
   16.0868300000000        697.905429556125     
   16.0952800000000        690.158740853749     
   16.1037100000000        683.869797906440     
   16.1121500000000        679.451692039262     
   16.1205800000000        676.829615387547     
   16.1290100000000        675.518725103459     
   16.1374400000000        674.903575387320     
   16.1458600000000        674.427862697849     
   16.1542800000000        673.628563940942     
   16.1627000000000        672.068297535869     
   16.1711100000000        669.284802643804     
   16.1795200000000        664.801576211512     
   16.1879300000000        658.231345588052     
   16.1963300000000        649.453150749077     
   16.2047300000000        638.755983054655     
   16.2131300000000        626.928064187027     
   16.2215200000000        615.125690224212     
   16.2299100000000        604.519765969311     
   16.2383000000000        596.019606412578     
   16.2466900000000        590.058859453173     
   16.2550700000000        586.533169371373     
   16.2634500000000        584.830272461321     
   16.2718200000000        584.020578652237     
   16.2802000000000        583.148161134848     
   16.2885600000000        581.563486991155     
   16.2969300000000        579.082637731501     
   16.3052900000000        575.958996301682     
   16.3136500000000        572.660042415675     
   16.3220100000000        569.661624600860     
   16.3303600000000        567.338701489501     
   16.3387100000000        565.964522298418     
   16.3470600000000        565.771161978849     
   16.3554000000000        566.963259593192     
   16.3637400000000        569.677789837908     
   16.3720800000000        573.873350481434     
   16.3804200000000        579.207948465547     
   16.3887500000000        585.013827636027     
   16.3970700000000        590.449253637268     
   16.4054000000000        594.693049745345     
   16.4137200000000        597.019739566746     
   16.4220400000000        596.877345076301     
   16.4303500000000        593.948641559142     
   16.4386700000000        588.276823518912     
   16.4469700000000        580.377397949715     
   16.4552800000000        571.050367649281     
   16.4635800000000        561.220382547847     
   16.4718800000000        551.575955357180     
   16.4801800000000        542.439938666803     
   16.4884700000000        533.791156349932     
   16.4967600000000        525.432372498573     
   16.5050500000000        517.261831867316     
   16.5133300000000        509.393336443189     
   16.5216100000000        502.071804431063     
   16.5298900000000        495.532376587089     
   16.5381600000000        489.833156254749     
   16.5464300000000        484.779112699746     
   16.5547000000000        480.019885261883     
   16.5629700000000        475.180114932460     
   16.5712300000000        469.972192312885     
   16.5794900000000        464.202034859126     
   16.5877400000000        457.763790835650     
   16.5959900000000        450.585182331475     
   16.6042400000000        442.652721990167     
   16.6124900000000        434.020140633892     
   16.6207300000000        424.828401626364     
   16.6289700000000        415.276038188057     
   16.6372000000000        405.650213569332     
   16.6454400000000        396.224055096920     
   16.6536700000000        387.284752494454     
   16.6618900000000        379.047041095679     
   16.6701200000000        371.678835973427     
   16.6783400000000        365.362040285021     
   16.6865500000000        360.199646296047     
   16.6947700000000        356.181917300487     
   16.7029800000000        353.193473172108     
   16.7111900000000        350.986677700643     
   16.7193900000000        349.234596151978     
   16.7275900000000        347.551345494187     
   16.7357900000000        345.536134981630     
   16.7439800000000        342.833771905179     
   16.7521800000000        339.204036439469     
   16.7603600000000        334.630077659305     
   16.7685500000000        329.290993660141     
   16.7767300000000        323.568198068158     
   16.7849100000000        317.893273187622     
   16.7930900000000        312.671043273513     
   16.8012600000000        308.220082076875     
   16.8094300000000        304.737744933781     
   16.8175900000000        302.318119088936     
   16.8257600000000        300.935689945481     
   16.8339200000000        300.482765557925     
   16.8420700000000        300.802680638414     
   16.8502300000000        301.763985528312     
   16.8583800000000        303.297511155268     
   16.8665300000000        305.400594354010     
   16.8746700000000        308.086593952744     
   16.8828100000000        311.342392616123     
   16.8909500000000        315.085723740446     
   16.8990800000000        319.153984522032     
   16.9072100000000        323.329775245318     
   16.9153400000000        327.339255517145     
   16.9234700000000        330.860834989236     
   16.9315900000000        333.528214403100     
   16.9397100000000        334.969068675038     
   16.9478200000000        334.846090862742     
   16.9559400000000        332.924483752024     
   16.9640500000000        329.140519859916     
   16.9721500000000        323.638522184778     
   16.9802600000000        316.742557746975     
   16.9883600000000        308.945318744073     
   16.9964500000000        300.772002335380     
   17.0045500000000        292.687412130317     
   17.0126400000000        285.094051872953     
   17.0207200000000        278.227768767289     
   17.0288100000000        272.155910961608     
   17.0368900000000        266.858738955590     
   17.0449700000000        262.239170439764     
   17.0530400000000        258.217698996099     
   17.0611100000000        254.731336792310     
   17.0691800000000        251.727294371882     
