   7.15970000000000        51.6140547323497     
   7.17100000000000        52.6296104921202     
   7.18231000000000        54.4643255872416     
   7.19360000000000        54.5729395206407     
   7.20490000000000        54.7938613429710     
   7.21619000000000        54.7923623268871     
   7.22748000000000        52.7855344657656     
   7.23877000000000        51.9149839408128     
   7.25005000000000        50.9926057879308     
   7.26133000000000        52.4804548171565     
   7.27261000000000        53.6955521316522     
   7.28388000000000        54.1329241525290     
   7.29515000000000        57.3600703669250     
   7.30642000000000        61.7152727306383     
   7.31768000000000        65.3862238908290     
   7.32894000000000        68.0251493317542     
   7.34020000000000        69.5364728117489     
   7.35146000000000        70.6666359764910     
   7.36271000000000        70.7289080327380     
   7.37396000000000        72.2175916545182     
   7.38520000000000        72.4800593620227     
   7.39644000000000        69.3650939215617     
   7.40768000000000        67.6590235012408     
   7.41892000000000        66.7862203817428     
   7.43015000000000        68.4414645265112     
   7.44138000000000        71.6608363743504     
   7.45261000000000        75.0158850647057     
   7.46383000000000        74.1125001317669     
   7.47505000000000        71.9144453257757     
   7.48626000000000        71.7803786052164     
   7.49748000000000        76.0714966597684     
   7.50869000000000        80.2101287484088     
   7.51990000000000        82.4753378320686     
   7.53110000000000        81.1098071328018     
   7.54230000000000        78.8346918605401     
   7.55350000000000        77.9671120375693     
   7.56469000000000        79.6153974797606     
   7.57588000000000        83.0847600694769     
   7.58707000000000        85.9576142614515     
   7.59826000000000        85.8001201349624     
   7.60944000000000        86.7199524708066     
   7.62062000000000        89.4344080196953     
   7.63179000000000        93.6272843975377     
   7.64296000000000        96.1928794065678     
   7.65413000000000        94.7309556993928     
   7.66530000000000        84.5924884157150     
   7.67646000000000        74.9879831933962     
   7.68762000000000        71.6832294005664     
   7.69878000000000        72.7459752451031     
   7.70993000000000        77.1482087434374     
   7.72108000000000        80.9840147741673     
   7.73223000000000        83.4218655106439     
   7.74337000000000        82.4690189187790     
   7.75451000000000        84.9550381532703     
   7.76565000000000        90.1387048030013     
   7.77678000000000        93.7131678191311     
   7.78791000000000        93.4749369172198     
   7.79904000000000        92.0484398756378     
   7.81017000000000        92.3976852492559     
   7.82129000000000        95.0762376456107     
   7.83241000000000        99.4692345337839     
   7.84352000000000        103.614262898464     
   7.85463000000000        103.989615986625     
   7.86574000000000        95.6089709540579     
   7.87685000000000        84.8313612552220     
   7.88795000000000        78.8915616173148     
   7.89905000000000        78.5709278272516     
   7.91015000000000        81.5087845598945     
   7.92124000000000        82.6391464510419     
   7.93233000000000        84.1318635458340     
   7.94342000000000        85.0618829711962     
   7.95450000000000        85.0020732232265     
   7.96558000000000        85.9692589018750     
   7.97666000000000        88.2029008349150     
   7.98773000000000        88.4972800905255     
   7.99880000000000        84.6779243878665     
   8.00987000000000        78.5731453184641     
   8.02093000000000        77.0560948183099     
   8.03200000000000        79.7066271301789     
   8.04305000000000        86.5904434884289     
   8.05411000000000        92.4755511403383     
   8.06516000000000        97.0477752452156     
   8.07621000000000        101.061518535587     
   8.08726000000000        101.865763307277     
   8.09830000000000        103.233877111312     
   8.10934000000000        106.074680663306     
   8.12037000000000        111.714639819766     
   8.13141000000000        116.189440838916     
   8.14244000000000        117.283668175120     
   8.15346000000000        117.893966186599     
   8.16449000000000        117.144916635253     
   8.17551000000000        113.832301173907     
   8.18652000000000        108.683116392852     
   8.19754000000000        104.376559031747     
   8.20855000000000        96.6158652983264     
   8.21955000000000        84.2444803351340     
   8.23056000000000        73.3496500752083     
   8.24156000000000        70.1897440614244     
   8.25256000000000        72.7230890645634     
   8.26355000000000        77.1651957238457     
   8.27454000000000        82.9298838870351     
   8.28553000000000        88.3923074169743     
   8.29652000000000        93.0516342332403     
   8.30750000000000        99.6408087786717     
   8.31848000000000        106.565298013246     
   8.32946000000000        113.842526074297     
   8.34043000000000        118.647760746601     
   8.35140000000000        120.790702698906     
   8.36236000000000        120.939321793607     
   8.37333000000000        119.764194755383     
   8.38429000000000        121.404425390624     
   8.39524000000000        126.929050063902     
   8.40620000000000        133.175582053773     
   8.41715000000000        137.836387774251     
   8.42810000000000        141.461564807063     
   8.43904000000000        144.024529413321     
   8.44998000000000        139.717406480119     
   8.46092000000000        129.248837178051     
   8.47185000000000        122.315503048039     
   8.48278000000000        122.167998116409     
   8.49371000000000        125.358139587541     
   8.50464000000000        130.180536106650     
   8.51556000000000        134.671222047898     
   8.52648000000000        136.693388159779     
   8.53739000000000        134.262167345153     
   8.54831000000000        133.007543777977     
   8.55922000000000        135.128466134383     
   8.57012000000000        141.751488016976     
   8.58103000000000        149.675484236076     
   8.59193000000000        157.605819268338     
   8.60282000000000        160.041625561862     
   8.61372000000000        155.952034505459     
   8.62461000000000        150.017804680488     
   8.63549000000000        146.843871805467     
   8.64638000000000        148.945677908344     
   8.65726000000000        155.821460633000     
   8.66814000000000        165.600286389557     
   8.67901000000000        175.159680787444     
   8.68988000000000        180.640586096880     
   8.70075000000000        180.855056326130     
   8.71161000000000        178.984435014027     
   8.72248000000000        179.880103791867     
   8.73333000000000        183.573772758198     
   8.74419000000000        187.339418243874     
   8.75504000000000        187.079406626703     
   8.76589000000000        182.361631275072     
   8.77674000000000        173.114668152627     
   8.78758000000000        163.670489505911     
   8.79842000000000        156.703969867434     
   8.80926000000000        153.159235732568     
   8.82009000000000        151.913043754532     
   8.83092000000000        150.815329741241     
   8.84175000000000        149.721942222279     
   8.85257000000000        145.532726050444     
   8.86339000000000        139.479045210965     
   8.87421000000000        131.522590086545     
   8.88502000000000        124.152387310069     
   8.89583000000000        120.816837514546     
   8.90664000000000        120.734023351099     
   8.91745000000000        121.617883349955     
   8.92825000000000        122.292821403725     
   8.93905000000000        122.516375395196     
   8.94984000000000        122.772906328265     
   8.96063000000000        123.076197983979     
   8.97142000000000        122.994030343828     
   8.98221000000000        123.002575805839     
   8.99299000000000        122.400217457671     
   9.00377000000000        121.287489103316     
   9.01455000000000        120.566826519221     
   9.02532000000000        118.404809272330     
   9.03609000000000        112.990579187320     
   9.04686000000000        106.875117759168     
   9.05762000000000        101.585725928626     
   9.06838000000000        98.2871387412756     
   9.07914000000000        96.0957329633759     
   9.08989000000000        93.4395315771990     
   9.10064000000000        90.9302755466530     
   9.11139000000000        90.0589038472721     
   9.12214000000000        88.7324095325576     
   9.13288000000000        85.1652825114098     
   9.14362000000000        80.8183146860292     
   9.15435000000000        78.3367493236554     
   9.16508000000000        76.7959875974362     
   9.17581000000000        75.2954899548539     
   9.18654000000000        74.3633361672044     
   9.19726000000000        73.0816965803207     
   9.20798000000000        71.9651959798044     
   9.21870000000000        72.0777519888206     
   9.22941000000000        73.0137690389783     
   9.24012000000000        74.1272639867871     
   9.25082000000000        74.4937791191227     
   9.26153000000000        75.1771307892008     
   9.27223000000000        76.9193152465781     
   9.28293000000000        78.9363152955004     
   9.29362000000000        80.1697363670569     
   9.30431000000000        81.3321576797728     
   9.31500000000000        81.4722499560595     
   9.32568000000000        79.7541434899684     
   9.33636000000000        78.6876521930719     
   9.34704000000000        78.5616254293084     
   9.35772000000000        78.1050754831119     
   9.36839000000000        76.7468986481183     
   9.37906000000000        75.7061211973955     
   9.38972000000000        75.8190790057490     
   9.40038000000000        76.2790180143970     
   9.41104000000000        77.2223232495570     
   9.42170000000000        77.7726614252566     
   9.43235000000000        77.9857095249380     
   9.44300000000000        78.9055271927718     
   9.45365000000000        80.0468968092314     
   9.46429000000000        80.7692352118598     
   9.47493000000000        81.0757164968607     
   9.48557000000000        80.6334643312642     
   9.49620000000000        80.1800660814141     
   9.50683000000000        80.4742721601362     
   9.51746000000000        81.5466902258742     
   9.52808000000000        82.3461539950316     
   9.53871000000000        81.7918717454927     
   9.54932000000000        80.4283089306067     
   9.55994000000000        78.8548806463320     
   9.57055000000000        77.9646102594814     
   9.58116000000000        79.2788609325162     
   9.59176000000000        82.3777839933629     
   9.60237000000000        85.6015600046376     
   9.61296000000000        88.6665664942188     
   9.62356000000000        93.4607765433499     
   9.63415000000000        98.9217893258693     
   9.64474000000000        103.126701233999     
   9.65533000000000        106.071308887938     
   9.66591000000000        107.218321503601     
   9.67649000000000        106.784256724256     
   9.68707000000000        105.161577373878     
   9.69764000000000        101.873953048569     
   9.70821000000000        100.473856117973     
   9.71878000000000        101.953964565784     
   9.72934000000000        105.716802710052     
   9.73990000000000        110.989138034448     
   9.75046000000000        116.858457494814     
   9.76102000000000        123.744064909357     
   9.77157000000000        130.125427624869     
   9.78212000000000        135.037318423333     
   9.79266000000000        139.530937514281     
   9.80320000000000        142.039796840306     
   9.81374000000000        142.022529966483     
   9.82428000000000        141.604014284048     
   9.83481000000000        141.437445955323     
   9.84534000000000        142.283219209505     
   9.85586000000000        145.282603645989     
   9.86639000000000        147.444830070426     
   9.87691000000000        146.865440226439     
   9.88742000000000        143.821490381331     
   9.89794000000000        139.165420594431     
   9.90845000000000        134.747162073231     
   9.91895000000000        130.467361102642     
   9.92946000000000        125.560484465781     
   9.93996000000000        123.348463906332     
   9.95046000000000        125.832341720541     
   9.96095000000000        132.512176536668     
   9.97144000000000        140.235108041223     
   9.98193000000000        146.067401385261     
   9.99242000000000        149.876759645511     
   10.0029000000000        151.959270307270     
   10.0133800000000        151.325664224827     
   10.0238500000000        147.736267352653     
   10.0343200000000        142.005630000100     
   10.0447900000000        135.867422399939     
   10.0552600000000        131.378772021795     
   10.0657200000000        128.955502100734     
   10.0761800000000        128.488551079031     
   10.0866400000000        130.765070788997     
   10.0970900000000        134.987935990830     
   10.1075400000000        140.032731512026     
   10.1179900000000        146.019971140813     
   10.1284300000000        152.387484017166     
   10.1388700000000        157.762338357459     
   10.1493100000000        160.733315628497     
   10.1597400000000        161.707623793344     
   10.1701700000000        163.271684834475     
   10.1806000000000        166.553948373649     
   10.1910300000000        169.070787203131     
   10.2014500000000        169.666091092101     
   10.2118700000000        167.812350553944     
   10.2222800000000        164.264916268657     
   10.2326900000000        160.502068491904     
   10.2431000000000        156.894789551119     
   10.2535100000000        151.782303175987     
   10.2639100000000        146.354272441168     
   10.2743100000000        142.786886470870     
   10.2847100000000        140.926501124270     
   10.2951000000000        139.637290473393     
   10.3054900000000        138.566346095865     
   10.3158800000000        137.553915128482     
   10.3262600000000        136.776571249169     
   10.3366400000000        135.940373823552     
   10.3470200000000        134.607353960045     
   10.3573900000000        133.085243189848     
   10.3677600000000        130.841401745768     
   10.3781300000000        126.758428380922     
   10.3884900000000        120.475301631172     
   10.3988600000000        112.090912256316     
   10.4092100000000        103.652612197649     
   10.4195700000000        96.9852883352227     
   10.4299200000000        92.7444910606317     
   10.4402700000000        90.5265548308297     
   10.4506100000000        89.5935958894157     
   10.4609600000000        89.2333214881426     
   10.4713000000000        89.9557845350210     
   10.4816300000000        92.0337808424822     
   10.4919600000000        94.6987162231355     
   10.5022900000000        96.6109555683285     
   10.5126200000000        97.1957593836265     
   10.5229400000000        97.4951118624953     
   10.5332600000000        98.5891470242673     
   10.5435800000000        100.606787302844     
   10.5539000000000        103.181272229158     
   10.5642100000000        105.154633734756     
   10.5745100000000        105.217272160182     
   10.5848200000000        103.365656951745     
   10.5951200000000        100.120964760546     
   10.6054200000000        95.7692114725412     
   10.6157100000000        90.8007931548280     
   10.6260000000000        85.3400972471851     
   10.6362900000000        78.9511680913597     
   10.6465800000000        72.0677961474730     
   10.6568600000000        66.0858736478211     
   10.6671400000000        62.3990064501612     
   10.6774100000000        60.9167870111842     
   10.6876900000000        60.7089815863878     
   10.6979600000000        61.3014778729223     
   10.7082200000000        62.2565005823211     
   10.7184900000000        63.8085418518196     
   10.7287500000000        65.9799169173225     
   10.7390000000000        67.9312189489264     
   10.7492600000000        68.8975271827251     
   10.7595100000000        68.9800635719368     
   10.7697500000000        68.6920465835604     
   10.7800000000000        68.5926661136584     
   10.7902400000000        68.8137340756273     
   10.8004800000000        69.1741421702107     
   10.8107100000000        69.4296774460983     
   10.8209400000000        69.5153511541931     
   10.8311700000000        69.1959330922876     
   10.8414000000000        68.6228713301257     
   10.8516200000000        68.6849342494032     
   10.8618400000000        69.4134529498852     
   10.8720500000000        70.1379855333588     
   10.8822700000000        70.7507347190646     
   10.8924800000000        71.5734842093600     
   10.9026800000000        73.1134559546174     
   10.9128800000000        75.3867920069905     
   10.9230800000000        77.8332793705181     
   10.9332800000000        79.8031609349505     
   10.9434700000000        80.7090307305379     
   10.9536600000000        80.2673650694897     
   10.9638500000000        78.7123466876495     
   10.9740400000000        76.6167902874355     
   10.9842200000000        74.9970490828431     
   10.9943900000000        74.4305767119056     
   11.0045700000000        74.4708830051219     
   11.0147400000000        74.5134297841016     
   11.0249100000000        74.5722286474112     
   11.0350700000000        74.8427354703544     
   11.0452300000000        75.1943066227363     
   11.0553900000000        75.0596200958519     
   11.0655500000000        74.1975566777622     
   11.0757000000000        72.8232295662129     
   11.0858500000000        71.5718755571288     
   11.0960000000000        71.0095213445177     
   11.1061400000000        71.0335812607185     
   11.1162800000000        71.0958114321148     
   11.1264200000000        71.2659137694141     
   11.1365500000000        72.1320430559626     
   11.1466800000000        73.5637209614976     
   11.1568100000000        74.7700109247816     
   11.1669300000000        75.6651359134185     
   11.1770500000000        76.7129129297423     
   11.1871700000000        77.8535254412291     
   11.1972800000000        78.8893178944714     
   11.2073900000000        79.7369286779465     
   11.2175000000000        80.5784631255433     
   11.2276100000000        81.9339103943511     
   11.2377100000000        84.0286425515245     
   11.2478100000000        86.8730383750119     
   11.2579000000000        90.1735510948552     
   11.2679900000000        93.1047681507278     
   11.2780800000000        95.1296432987222     
   11.2881700000000        96.5475895161839     
   11.2982500000000        97.5794265357063     
   11.3083300000000        98.4680292205249     
   11.3184100000000        99.6208012394945     
   11.3284800000000        101.046579514580     
   11.3385500000000        102.682587048770     
   11.3486200000000        104.439786355120     
   11.3586800000000        106.039861706206     
   11.3687400000000        107.367275907902     
   11.3788000000000        108.299505421532     
   11.3888500000000        108.801980401753     
   11.3989000000000        109.165502634727     
   11.4089500000000        109.432304663730     
   11.4189900000000        109.252570299622     
   11.4290400000000        108.346986265557     
   11.4390700000000        106.938931132839     
   11.4491100000000        105.907456186906     
   11.4591400000000        105.942420104673     
   11.4691700000000        107.093150105195     
   11.4792000000000        108.880661377556     
   11.4892200000000        110.598130335587     
   11.4992400000000        112.052893312020     
   11.5092500000000        113.405108753180     
   11.5192700000000        114.830414753712     
   11.5292800000000        116.225823314046     
   11.5392800000000        117.515910425977     
   11.5492900000000        118.898540849615     
   11.5592900000000        120.601976201078     
   11.5692800000000        122.672883897133     
   11.5792800000000        125.027182603002     
   11.5892700000000        127.460795081749     
   11.5992600000000        129.566351315222     
   11.6092400000000        131.060867507534     
   11.6192200000000        131.924122094992     
   11.6292000000000        132.681036997011     
   11.6391700000000        134.040007952586     
   11.6491500000000        136.223586728394     
   11.6591200000000        139.061306886981     
   11.6690800000000        142.055503540461     
   11.6790400000000        144.703243953609     
   11.6890000000000        147.050606329506     
   11.6989600000000        149.368675480889     
   11.7089100000000        151.755608815762     
   11.7188600000000        154.065386356952     
   11.7288100000000        156.213786537454     
   11.7387500000000        158.380257477535     
   11.7486900000000        160.624471301960     
   11.7586300000000        162.953578506567     
   11.7685600000000        165.260159503457     
   11.7784900000000        167.248956409342     
   11.7884200000000        168.767238361647     
   11.7983400000000        169.722797457258     
   11.8082600000000        170.197684130072     
   11.8181800000000        170.080626980985     
   11.8281000000000        168.942070517902     
   11.8380100000000        166.982206062760     
   11.8479200000000        164.960931208312     
   11.8578200000000        163.650575969712     
   11.8677200000000        163.215726184755     
   11.8776200000000        163.104144792109     
   11.8875200000000        162.807802610116     
   11.8974100000000        162.158345519785     
   11.9073000000000        161.017861901206     
   11.9171900000000        159.473434974965     
   11.9270700000000        158.168481686496     
   11.9369500000000        157.704539995488     
   11.9468300000000        158.003599486752     
   11.9567000000000        158.415602327764     
   11.9665700000000        158.513539933604     
   11.9764400000000        158.559974058257     
   11.9863000000000        159.248801120566     
   11.9961600000000        160.943614309992     
   12.0060200000000        163.286498789781     
   12.0158700000000        166.041056418764     
   12.0257300000000        169.421173481649     
   12.0355700000000        173.475898788372     
   12.0454200000000        177.937118834691     
   12.0552600000000        182.491713417710     
   12.0651000000000        187.276371515676     
   12.0749400000000        192.352139583348     
   12.0847700000000        197.149846580149     
   12.0946000000000        201.284910259615     
   12.1044200000000        204.811883313412     
   12.1142500000000        208.029972538359     
   12.1240700000000        211.404522001778     
   12.1338800000000        214.838626499607     
   12.1437000000000        217.387875072088     
   12.1535100000000        218.499226436663     
   12.1633100000000        218.765032061394     
   12.1731200000000        219.095192695963     
   12.1829200000000        219.915110118758     
   12.1927200000000        221.459413826059     
   12.2025100000000        223.948547481719     
   12.2123000000000        227.005232959409     
   12.2220900000000        229.964546219727     
   12.2318700000000        232.654745882599     
   12.2416600000000        235.310089744187     
   12.2514300000000        237.859726724239     
   12.2612100000000        239.958267342160     
   12.2709800000000        241.251740986921     
   12.2807500000000        241.360623879569     
   12.2905200000000        240.487995542143     
   12.3002800000000        239.785883619875     
   12.3100400000000        240.152691927625     
   12.3198000000000        241.409471542642     
   12.3295500000000        242.517041807874     
   12.3393000000000        242.751290396337     
   12.3490500000000        242.492428444028     
   12.3587900000000        242.401345644671     
   12.3685300000000        242.595456225342     
   12.3782700000000        242.811921171730     
   12.3880000000000        242.913736696761     
   12.3977300000000        242.936235310399     
   12.4074600000000        242.962784406274     
   12.4171800000000        242.988647193302     
   12.4269100000000        243.222977747535     
   12.4366200000000        243.997529339140     
   12.4463400000000        245.063288427023     
   12.4560500000000        245.732144769084     
   12.4657600000000        245.509534917233     
   12.4754700000000        244.515109004441     
   12.4851700000000        243.344657068447     
   12.4948700000000        242.429726739515     
   12.5045600000000        241.787730733064     
   12.5142600000000        241.202275433204     
   12.5239500000000        240.740354612753     
   12.5336300000000        240.938755036368     
   12.5433200000000        242.217088650402     
   12.5530000000000        244.614755557289     
   12.5626800000000        247.894822609586     
   12.5723500000000        251.466559602850     
   12.5820200000000        254.884736923084     
   12.5916900000000        258.304081386907     
   12.6013500000000        261.982962353452     
   12.6110100000000        265.796052781572     
   12.6206700000000        269.479478028817     
   12.6303300000000        273.049428140603     
   12.6399800000000        276.740734786815     
   12.6496300000000        280.567493053506     
   12.6592700000000        284.426225746113     
   12.6689200000000        288.300187632918     
   12.6785500000000        292.203005518954     
   12.6881900000000        296.418752422537     
   12.6978200000000        301.352299288249     
   12.7074500000000        306.992717814602     
   12.7170800000000        312.898413165838     
   12.7267000000000        318.929991614585     
   12.7363200000000        325.299127074608     
   12.7459400000000        331.750450016283     
   12.7555500000000        337.577991013881     
   12.7651600000000        342.322107054978     
   12.7747700000000        345.965494904811     
   12.7843800000000        348.889364612042     
   12.7939800000000        351.513159172328     
   12.8035800000000        353.802974966770     
   12.8131700000000        355.493234612655     
   12.8227600000000        356.542714273538     
   12.8323500000000        357.333532741567     
   12.8419400000000        358.510796329833     
   12.8515200000000        360.457767853794     
   12.8611000000000        363.165475799231     
   12.8706700000000        366.485370973234     
   12.8802500000000        370.221538585138     
   12.8898100000000        373.984966249518     
   12.8993800000000        377.415434591158     
   12.9089400000000        380.597432128104     
   12.9185000000000        383.863804432688     
   12.9280600000000        387.109086403124     
   12.9376100000000        389.737630235469     
   12.9471700000000        391.239175049434     
   12.9567100000000        391.628274279969     
   12.9662600000000        391.289118941444     
   12.9758000000000        390.641788896417     
   12.9853400000000        390.175083362594     
   12.9948700000000        390.405722855777     
   13.0044000000000        391.556463570208     
   13.0139300000000        393.563974623433     
   13.0234600000000        396.179993691257     
   13.0329800000000        398.897947884886     
   13.0425000000000        401.124844044918     
   13.0520100000000        402.471656039999     
   13.0615200000000        403.044435892386     
   13.0710300000000        403.475300295045     
   13.0805400000000        404.385746647489     
   13.0900400000000        405.681578672042     
   13.0995400000000        406.632407989295     
   13.1090400000000        406.897930896161     
   13.1185300000000        406.942648477245     
   13.1280200000000        407.002214666491     
   13.1375100000000        406.511668099914     
   13.1469900000000        404.815096533717     
   13.1564700000000        401.719871294493     
   13.1659500000000        397.660775807396     
   13.1754300000000        393.675301304170     
   13.1849000000000        390.854758180929     
   13.1943700000000        389.671112070909     
   13.2038300000000        389.801049702048     
   13.2132900000000        390.406936299774     
   13.2227500000000        390.693957627947     
   13.2322100000000        390.204212172647     
   13.2416600000000        388.673035223301     
   13.2511100000000        386.182513719922     
   13.2605500000000        383.328457460980     
   13.2700000000000        380.925180875248     
   13.2794400000000        379.763008132575     
   13.2888700000000        380.346672087150     
   13.2983100000000        382.567371879595     
   13.3077400000000        385.714342051799     
   13.3171600000000        389.024969000329     
   13.3265900000000        392.023050360163     
   13.3360100000000        394.381745566252     
   13.3454300000000        395.845076484550     
   13.3548400000000        396.289791319069     
   13.3642500000000        395.827223024132     
   13.3736600000000        394.673049345844     
   13.3830600000000        392.851082117002     
   13.3924700000000        390.251807987010     
   13.4018600000000        386.994658917690     
   13.4112600000000        383.493553888592     
   13.4206500000000        380.290110681279     
   13.4300400000000        377.806998896205     
   13.4394300000000        376.305371803104     
   13.4488100000000        375.880964355096     
   13.4581900000000        376.441653041211     
   13.4675600000000        377.654919790405     
   13.4769400000000        379.124240701392     
   13.4863100000000        380.829013053729     
   13.4956700000000        383.189566835528     
   13.5050400000000        386.705626657402     
   13.5144000000000        391.535672688620     
   13.5237600000000        397.242538202463     
   13.5331100000000        402.910779010189     
   13.5424600000000        407.840547788166     
   13.5518100000000        412.145084939825     
   13.5611500000000        416.557238253240     
   13.5704900000000        421.740653526274     
   13.5798300000000        427.707612880290     
   13.5891700000000        433.714046282448     
   13.5985000000000        438.749685575544     
   13.6078300000000        442.232660548964     
   13.6171500000000        444.156240700787     
   13.6264800000000        444.822203001112     
   13.6358000000000        444.674584444006     
   13.6451100000000        444.248871480321     
   13.6544200000000        443.994898313432     
   13.6637300000000        444.285392047517     
   13.6730400000000        445.485721270612     
   13.6823400000000        447.816496775427     
   13.6916400000000        451.209580053850     
   13.7009400000000        455.168022749233     
   13.7102400000000        458.828820238389     
   13.7195300000000        461.530763575055     
   13.7288100000000        463.228846405503     
   13.7381000000000        464.090900685518     
   13.7473800000000        463.982325550624     
   13.7566600000000        462.563048957240     
   13.7659300000000        459.683009707382     
   13.7752000000000        455.608672172551     
   13.7844700000000        450.927214922685     
   13.7937400000000        446.078484892897     
   13.8030000000000        441.064562940022     
   13.8122600000000        435.762691692993     
   13.8215200000000        430.236567230884     
   13.8307700000000        424.608170083507     
   13.8400200000000        418.979753288195     
   13.8492600000000        413.543037320079     
   13.8585100000000        408.520711211480     
   13.8677500000000        404.011186127227     
   13.8769800000000        399.797362988481     
   13.8862200000000        395.572229369987     
   13.8954500000000        391.343162061891     
   13.9046800000000        387.443599073775     
   13.9139000000000        384.278873492449     
   13.9231200000000        381.934447469229     
   13.9323400000000        380.025553152850     
   13.9415500000000        377.950670454561     
   13.9507700000000        375.347774674295     
   13.9599700000000        372.371477473996     
   13.9691800000000        369.419711791405     
   13.9783800000000        366.643804214267     
   13.9875800000000        363.763828961827     
   13.9967800000000        360.496649975062     
   14.0059700000000        356.889751978554     
   14.0151600000000        353.192697711364     
   14.0243400000000        349.646864550158     
   14.0335300000000        346.352458291248     
   14.0427100000000        343.284594976322     
   14.0518800000000        340.316784427280     
   14.0610600000000        337.231267392822     
   14.0702300000000        333.761403128457     
   14.0794000000000        329.702500752315     
   14.0885600000000        325.052408074031     
   14.0977200000000        320.031528709024     
   14.1068800000000        315.055397512186     
   14.1160300000000        310.504135579954     
   14.1251800000000        306.457684555846     
   14.1343300000000        302.790389243420     
   14.1434800000000        299.415832036370     
   14.1526200000000        296.383671325166     
   14.1617600000000        293.797757227287     
   14.1708900000000        291.740875809922     
   14.1800300000000        290.174290585263     
   14.1891500000000        288.885020768164     
   14.1982800000000        287.527483358741     
   14.2074000000000        285.795078082905     
   14.2165200000000        283.530274050272     
   14.2256400000000        280.782138797023     
   14.2347500000000        277.768957668048     
   14.2438600000000        274.748273887201     
   14.2529700000000        271.965040487673     
   14.2620700000000        269.690584815479     
   14.2711800000000        268.205178061811     
   14.2802700000000        267.681066018991     
   14.2893700000000        268.061062705952     
   14.2984600000000        269.109200118471     
   14.3075500000000        270.505960316501     
   14.3166300000000        271.935751140840     
   14.3257100000000        273.171351375773     
   14.3347900000000        274.065920750618     
   14.3438700000000        274.493118499520     
   14.3529400000000        274.396755728338     
   14.3620100000000        273.903588010767     
   14.3710700000000        273.224276411655     
   14.3801400000000        272.470506333868     
   14.3892000000000        271.702194165003     
   14.3982500000000        271.002406300791     
   14.4073100000000        270.389816244181     
   14.4163600000000        269.782376366762     
   14.4254000000000        269.127717133745     
   14.4344500000000        268.499291458199     
   14.4434900000000        268.036937382787     
   14.4525200000000        267.819599501807     
   14.4615600000000        267.783389208733     
   14.4705900000000        267.734349508943     
   14.4796200000000        267.430983294517     
   14.4886400000000        266.658617444810     
   14.4976600000000        265.306780644736     
   14.5066800000000        263.441798624315     
   14.5157000000000        261.271556964099     
   14.5247100000000        259.028546790001     
   14.5337200000000        256.871235273448     
   14.5427200000000        254.851053744835     
   14.5517300000000        252.878908223622     
   14.5607300000000        250.820655280825     
   14.5697200000000        248.671097513947     
   14.5787100000000        246.632599524733     
   14.5877000000000        244.956922456105     
   14.5966900000000        243.729644618331     
   14.6056700000000        242.865460156562     
   14.6146600000000        242.289920395383     
   14.6236300000000        242.063506250757     
   14.6326100000000        242.274779898359     
   14.6415800000000        242.855504121967     
   14.6505400000000        243.532117522981     
   14.6595100000000        243.983700291363     
   14.6684700000000        244.035309337952     
   14.6774300000000        243.732115421322     
   14.6863800000000        243.278666988362     
   14.6953400000000        242.922617508214     
   14.7042800000000        242.846727167323     
   14.7132300000000        243.110674161110     
   14.7221700000000        243.663485326697     
   14.7311100000000        244.383239149932     
   14.7400500000000        245.082039496499     
   14.7489800000000        245.484178664363     
   14.7579100000000        245.297357580674     
   14.7668400000000        244.394154136369     
   14.7757600000000        242.914665277030     
   14.7846800000000        241.129079697140     
   14.7936000000000        239.240969559874     
   14.8025100000000        237.357439182348     
   14.8114200000000        235.576285111237     
   14.8203300000000        233.995797911711     
   14.8292300000000        232.639034447343     
   14.8381300000000        231.481195075913     
   14.8470300000000        230.556821887479     
   14.8559300000000        229.948540733727     
   14.8648200000000        229.663036058409     
   14.8737100000000        229.545470624833     
   14.8825900000000        229.344752984796     
   14.8914700000000        228.855800094972     
   14.9003500000000        227.978189217611     
   14.9092300000000        226.679899389145     
   14.9181000000000        224.987478187078     
   14.9269700000000        222.999406038061     
   14.9358400000000        220.873031141294     
   14.9447000000000        218.766455279666     
   14.9535600000000        216.770723032265     
   14.9624200000000        214.911569217301     
   14.9712700000000        213.205058373639     
   14.9801200000000        211.698056777491     
   14.9889700000000        210.469597421813     
   14.9978100000000        209.599333882153     
   15.0066500000000        209.116888301257     
   15.0154900000000        208.954445242777     
   15.0243300000000        208.952014386967     
   15.0331600000000        208.943728146214     
   15.0419900000000        208.869496118081     
   15.0508100000000        208.833581073833     
   15.0596300000000        209.046726259250     
   15.0684500000000        209.690420376381     
   15.0772700000000        210.837404191045     
   15.0860800000000        212.467280457188     
   15.0948900000000        214.486348263000     
   15.1037000000000        216.701145959950     
   15.1125000000000        218.849684869339     
   15.1213000000000        220.732697168544     
   15.1301000000000        222.311269900419     
   15.1388900000000        223.680732260683     
   15.1476800000000        224.959200834438     
   15.1564700000000        226.211908894151     
   15.1652500000000        227.463754888356     
   15.1740300000000        228.743528634779     
   15.1828100000000        230.100942569901     
   15.1915800000000        231.600319273265     
   15.2003500000000        233.312225981271     
   15.2091200000000        235.302579844363     
   15.2178900000000        237.618399822066     
   15.2266500000000        240.242845253086     
   15.2354100000000        243.084815567224     
   15.2441600000000        246.038599889521     
   15.2529200000000        249.114338561968     
   15.2616700000000        252.446070827541     
   15.2704100000000        256.233947134312     
   15.2791500000000        260.646512858837     
   15.2878900000000        265.764972138218     
   15.2966300000000        271.574583715259     
   15.3053600000000        277.939409007880     
   15.3140900000000        284.609298898363     
   15.3228200000000        291.255196156105     
   15.3315400000000        297.608386796639     
   15.3402600000000        303.608417132172     
   15.3489800000000        309.375429469952     
   15.3577000000000        315.086450851867     
   15.3664100000000        320.829707525056     
   15.3751200000000        326.541799041842     
   15.3838200000000        331.939687171234     
   15.3925200000000        336.582047824180     
   15.4012200000000        339.995548326648     
   15.4099200000000        341.856075508152     
   15.4186100000000        342.074481466636     
   15.4273000000000        340.768120678388     
   15.4359800000000        338.190037875510     
   15.4446700000000        334.687719751836     
   15.4533400000000        330.713025142504     
   15.4620200000000        326.690185792158     
   15.4706900000000        322.929321177553     
   15.4793600000000        319.548087648358     
   15.4880300000000        316.584044947161     
   15.4966900000000        314.093396365201     
   15.5053500000000        312.130622066142     
   15.5140100000000        310.656934812228     
   15.5226700000000        309.457970513986     
   15.5313200000000        308.200464483407     
   15.5399600000000        306.610187364307     
   15.5486100000000        304.609202181839     
   15.5572500000000        302.303126377314     
   15.5658900000000        299.838849388429     
   15.5745200000000        297.336644311903     
   15.5831600000000        294.888724082945     
   15.5917900000000        292.609904749066     
   15.6004100000000        290.591370959240     
   15.6090300000000        288.833272661634     
   15.6176500000000        287.229591114400     
   15.6262700000000        285.638260188440     
   15.6348800000000        283.967770619805     
   15.6434900000000        282.173993763953     
   15.6521000000000        280.200337386851     
   15.6607000000000        277.933605183484     
   15.6693000000000        275.226900803716     
   15.6779000000000        271.986793350993     
   15.6864900000000        268.240898824469     
   15.6950800000000        264.139173004720     
   15.7036700000000        259.935060340901     
   15.7122600000000        255.920298287011     
   15.7208400000000        252.351843547841     
   15.7294100000000        249.374884832770     
   15.7379900000000        246.994515937248     
   15.7465600000000        245.115399411652     
   15.7551300000000        243.582586566521     
   15.7637000000000        242.265373519272     
   15.7722600000000        241.098927346578     
   15.7808200000000        240.070242844390     
   15.7893700000000        239.176004819873     
   15.7979300000000        238.372929920634     
   15.8064700000000        237.581401071832     
   15.8150200000000        236.709265896434     
   15.8235600000000        235.695683521194     
   15.8321000000000        234.517839501295     
   15.8406400000000        233.208045479777     
   15.8491800000000        231.853281550294     
   15.8577100000000        230.561617839800     
   15.8662300000000        229.421588872109     
   15.8747600000000        228.502516036545     
   15.8832800000000        227.876356475495     
   15.8918000000000        227.601970275676     
   15.9003100000000        227.706181801688     
   15.9088200000000        228.168733500469     
   15.9173300000000        228.931061799671     
   15.9258400000000        229.926801482855     
   15.9343400000000        231.113911952609     
   15.9428400000000        232.480787158880     
   15.9513300000000        234.011603287756     
   15.9598300000000        235.677539608185     
   15.9683100000000        237.443348650992     
   15.9768000000000        239.327460610535     
   15.9852800000000        241.396707478041     
   15.9937600000000        243.763620910538     
   16.0022400000000        246.528599662012     
   16.0107100000000        249.723216633239     
   16.0191800000000        253.284483610160     
   16.0276500000000        257.041567125979     
   16.0361200000000        260.757124582598     
   16.0445800000000        264.183488141507     
   16.0530300000000        267.115001845072     
   16.0614900000000        269.403579557795     
   16.0699400000000        270.947356851770     
   16.0783900000000        271.708876424061     
   16.0868300000000        271.676858898757     
   16.0952800000000        270.827591897262     
   16.1037100000000        269.114870216768     
   16.1121500000000        266.488583538138     
   16.1205800000000        262.972226872090     
   16.1290100000000        258.674605807644     
   16.1374400000000        253.775793598506     
   16.1458600000000        248.473792496983     
   16.1542800000000        242.927270571176     
   16.1627000000000        237.274553396616     
   16.1711100000000        231.651979190757     
   16.1795200000000        226.180740630860     
   16.1879300000000        220.982270241047     
   16.1963300000000        216.168741548628     
   16.2047300000000        211.817504755463     
   16.2131300000000        207.979412931366     
   16.2215200000000        204.660260099606     
   16.2299100000000        201.793313575050     
   16.2383000000000        199.253311798472     
   16.2466900000000        196.875578447431     
   16.2550700000000        194.495838521953     
   16.2634500000000        191.977257658164     
   16.2718200000000        189.249003503909     
   16.2802000000000        186.302333289238     
   16.2885600000000        183.201805519465     
   16.2969300000000        180.001754099128     
   16.3052900000000        176.743936143721     
   16.3136500000000        173.421454378626     
   16.3220100000000        170.023133141955     
   16.3303600000000        166.567715959931     
   16.3387100000000        163.103257185520     
   16.3470600000000        159.706153927090     
   16.3554000000000        156.456933848217     
   16.3637400000000        153.408229261503     
   16.3720800000000        150.582401991614     
   16.3804200000000        147.953518312533     
   16.3887500000000        145.445848898439     
   16.3970700000000        142.951929847375     
   16.4054000000000        140.379965677529     
   16.4137200000000        137.714570139283     
   16.4220400000000        135.001367259038     
   16.4303500000000        132.338772958226     
   16.4386700000000        129.834109670850     
   16.4469700000000        127.605448468154     
   16.4552800000000        125.726832779794     
   16.4635800000000        124.233424827718     
   16.4718800000000        123.087683446755     
   16.4801800000000        122.205025057967     
   16.4884700000000        121.497846097249     
   16.4967600000000        120.916689045043     
   16.5050500000000        120.459890244565     
   16.5133300000000        120.143876175698     
   16.5216100000000        119.970831653560     
   16.5298900000000        119.921307845462     
   16.5381600000000        119.962271401048     
   16.5464300000000        120.058797171180     
   16.5547000000000        120.179898225516     
   16.5629700000000        120.296095042460     
   16.5712300000000        120.371654303130     
   16.5794900000000        120.361024243724     
   16.5877400000000        120.216064912487     
   16.5959900000000        119.901027129194     
   16.6042400000000        119.402557028955     
   16.6124900000000        118.726025349093     
   16.6207300000000        117.885074544129     
   16.6289700000000        116.891088084741     
   16.6372000000000        115.756162946156     
   16.6454400000000        114.487271619426     
   16.6536700000000        113.098074969972     
   16.6618900000000        111.605771733453     
   16.6701200000000        110.036948974034     
   16.6783400000000        108.443922565007     
   16.6865500000000        106.892736314796     
   16.6947700000000        105.454926480045     
   16.7029800000000        104.204115673180     
   16.7111900000000        103.189055686571     
   16.7193900000000        102.433008685564     
   16.7275900000000        101.927526041116     
   16.7357900000000        101.639438255293     
   16.7439800000000        101.514667129784     
   16.7521800000000        101.483616143667     
   16.7603600000000        101.471510086661     
   16.7685500000000        101.415598229678     
   16.7767300000000        101.289442148273     
   16.7849100000000        101.119071588016     
   16.7930900000000        100.977367463732     
   16.8012600000000        100.953493429833     
   16.8094300000000        101.111939906189     
   16.8175900000000        101.462257312650     
   16.8257600000000        101.952112708980     
   16.8339200000000        102.474731584313     
   16.8420700000000        102.894898840914     
   16.8502300000000        103.079518855544     
   16.8583800000000        102.931491439016     
   16.8665300000000        102.421335304650     
   16.8746700000000        101.592976048381     
   16.8828100000000        100.538137230126     
   16.8909500000000        99.3592527755169     
   16.8990800000000        98.1335213903530     
   16.9072100000000        96.8859837414260     
   16.9153400000000        95.5925963889051     
   16.9234700000000        94.1993227773059     
   16.9315900000000        92.6579829928347     
   16.9397100000000        90.9502428421347     
   16.9478200000000        89.1062552295660     
   16.9559400000000        87.1863388601245     
   16.9640500000000        85.2807447482748     
   16.9721500000000        83.4789091783402     
   16.9802600000000        81.8556498564861     
   16.9883600000000        80.4712294522444     
   16.9964500000000        79.3491151452417     
   17.0045500000000        78.4763947339637     
   17.0126400000000        77.8149920613835     
   17.0207200000000        77.3043052987775     
   17.0288100000000        76.8782446613003     
   17.0368900000000        76.4841930730503     
   17.0449700000000        76.0898790453210     
   17.0530400000000        75.6858434024371     
   17.0611100000000        75.2727171280981     
   17.0691800000000        74.8487572844510     
