   7.15970000000000       0.446446030021567     
   7.17100000000000       0.430850357798780     
   7.18231000000000       0.558219189472166     
   7.19360000000000       0.711142485557839     
   7.20490000000000       0.750952435046053     
   7.21619000000000       0.733795259797915     
   7.22748000000000       0.672237922058806     
   7.23877000000000       0.679265847807084     
   7.25005000000000       0.754065848262954     
   7.26133000000000       0.753475024297149     
   7.27261000000000       0.793992853116304     
   7.28388000000000       0.749521285341662     
   7.29515000000000       0.812326570073948     
   7.30642000000000       0.945648795099035     
   7.31768000000000        1.08394335620425     
   7.32894000000000        1.23260361227879     
   7.34020000000000        1.21148837448461     
   7.35146000000000        1.18731381506280     
   7.36271000000000        1.21760011404697     
   7.37396000000000        1.08089460683976     
   7.38520000000000       0.898631496956248     
   7.39644000000000       0.688617223839255     
   7.40768000000000       0.608337016677493     
   7.41892000000000       0.709819466311053     
   7.43015000000000       0.928263657031760     
   7.44138000000000        1.01092685714590     
   7.45261000000000       0.982118675887848     
   7.46383000000000       0.813856113128325     
   7.47505000000000       0.686277681967543     
   7.48626000000000       0.613667145660476     
   7.49748000000000       0.617251821592241     
   7.50869000000000       0.606849724406020     
   7.51990000000000       0.714773806996348     
   7.53110000000000       0.882083014094208     
   7.54230000000000       0.998743058991107     
   7.55350000000000        1.08303722538940     
   7.56469000000000        1.31194358402858     
   7.57588000000000        1.41998907570097     
   7.58707000000000        1.35518996582382     
   7.59826000000000        1.29532253562429     
   7.60944000000000        1.30637051998926     
   7.62062000000000        1.26518143520509     
   7.63179000000000        1.17307015087268     
   7.64296000000000        1.04488231566886     
   7.65413000000000       0.962499611561999     
   7.66530000000000       0.808081256970783     
   7.67646000000000       0.675014040962410     
   7.68762000000000       0.562973392630541     
   7.69878000000000       0.531606201889643     
   7.70993000000000       0.548179694092644     
   7.72108000000000       0.609472677672023     
   7.73223000000000       0.683629033424068     
   7.74337000000000       0.663946493862492     
   7.75451000000000       0.678536981924051     
   7.76565000000000       0.741549157847581     
   7.77678000000000       0.779518219868734     
   7.78791000000000       0.759336483659180     
   7.79904000000000       0.747004350693712     
   7.81017000000000       0.749298198967393     
   7.82129000000000       0.758368772423779     
   7.83241000000000       0.793851182076277     
   7.84352000000000       0.817758891545168     
   7.85463000000000       0.821838572466381     
   7.86574000000000       0.774632753311777     
   7.87685000000000       0.719528671104118     
   7.88795000000000       0.691436666983170     
   7.89905000000000       0.713815507817217     
   7.91015000000000       0.742024783983828     
   7.92124000000000       0.743090813233428     
   7.93233000000000       0.767845375056678     
   7.94342000000000       0.793872224922808     
   7.95450000000000       0.802527358416957     
   7.96558000000000       0.853876612728552     
   7.97666000000000       0.940862669427754     
   7.98773000000000       0.965985974041142     
   7.99880000000000       0.910354095031301     
   8.00987000000000       0.863681096571149     
   8.02093000000000       0.858600144994759     
   8.03200000000000       0.859497197878107     
   8.04305000000000       0.874766794047554     
   8.05411000000000       0.884185610054184     
   8.06516000000000       0.905776219514609     
   8.07621000000000       0.954855003242261     
   8.08726000000000       0.973590673215887     
   8.09830000000000       0.959756093740284     
   8.10934000000000       0.973606334012907     
   8.12037000000000        1.03489106284024     
   8.13141000000000        1.09427068243579     
   8.14244000000000        1.12988738132346     
   8.15346000000000        1.15697902688657     
   8.16449000000000        1.14419440478799     
   8.17551000000000        1.14501864817317     
   8.18652000000000        1.17354871106131     
   8.19754000000000        1.16114855926445     
   8.20855000000000        1.11934697765974     
   8.21955000000000        1.01964810657623     
   8.23056000000000       0.887858115124395     
   8.24156000000000       0.800625319510014     
   8.25256000000000       0.774675217449806     
   8.26355000000000       0.814169114830055     
   8.27454000000000       0.847458262342670     
   8.28553000000000       0.847403418514286     
   8.29652000000000       0.844225425368683     
   8.30750000000000       0.874411019300597     
   8.31848000000000       0.928489978619418     
   8.32946000000000        1.00725362184789     
   8.34043000000000        1.08172709719913     
   8.35140000000000        1.17327304437457     
   8.36236000000000        1.23043248153455     
   8.37333000000000        1.21105542483256     
   8.38429000000000        1.18177091916394     
   8.39524000000000        1.25156465055103     
   8.40620000000000        1.36402096002650     
   8.41715000000000        1.51675255301021     
   8.42810000000000        1.63378152406979     
   8.43904000000000        1.67323856787755     
   8.44998000000000        1.75161466868496     
   8.46092000000000        1.75487194892822     
   8.47185000000000        1.67494500781990     
   8.48278000000000        1.69507030903475     
   8.49371000000000        1.90463908401305     
   8.50464000000000        1.92104356421926     
   8.51556000000000        1.74793456026685     
   8.52648000000000        1.63371489026363     
   8.53739000000000        1.50707750819766     
   8.54831000000000        1.49042387777900     
   8.55922000000000        1.52772762570387     
   8.57012000000000        1.55576611316231     
   8.58103000000000        1.58232348676174     
   8.59193000000000        1.62161511060185     
   8.60282000000000        1.65931258431879     
   8.61372000000000        1.61741830989422     
   8.62461000000000        1.53019116046979     
   8.63549000000000        1.47496373217886     
   8.64638000000000        1.50896486786532     
   8.65726000000000        1.56164552459927     
   8.66814000000000        1.70418927071728     
   8.67901000000000        1.91860507705516     
   8.68988000000000        2.02937074654239     
   8.70075000000000        2.05628280208263     
   8.71161000000000        2.15203161287668     
   8.72248000000000        2.25848696794332     
   8.73333000000000        2.28752557512335     
   8.74419000000000        2.23978128648302     
   8.75504000000000        2.11331698643650     
   8.76589000000000        2.00728170467757     
   8.77674000000000        1.94814856996954     
   8.78758000000000        1.97800634934849     
   8.79842000000000        1.99643391477899     
   8.80926000000000        2.05145525390117     
   8.82009000000000        2.17933983350859     
   8.83092000000000        2.31194976663878     
   8.84175000000000        2.55110244874624     
   8.85257000000000        2.84130318567453     
   8.86339000000000        2.75805987949574     
   8.87421000000000        2.63190353124551     
   8.88502000000000        2.72971028757191     
   8.89583000000000        2.77682576600732     
   8.90664000000000        2.73157450275248     
   8.91745000000000        2.59697802923360     
   8.92825000000000        2.62123547317446     
   8.93905000000000        2.93114855583281     
   8.94984000000000        3.25846296156985     
   8.96063000000000        3.45615529378160     
   8.97142000000000        3.64763144001168     
   8.98221000000000        3.89306490407552     
   8.99299000000000        4.11111436550039     
   9.00377000000000        4.27526323988535     
   9.01455000000000        4.29935728828093     
   9.02532000000000        4.31807338725783     
   9.03609000000000        4.38996271376786     
   9.04686000000000        4.18143644352935     
   9.05762000000000        3.81545384185037     
   9.06838000000000        3.57665345730673     
   9.07914000000000        3.39587132932887     
   9.08989000000000        3.24617549425264     
   9.10064000000000        3.20152849721828     
   9.11139000000000        3.41269790648064     
   9.12214000000000        3.87120170322377     
   9.13288000000000        4.30991528759068     
   9.14362000000000        4.48435179929992     
   9.15435000000000        4.84507850832328     
   9.16508000000000        5.37033128324996     
   9.17581000000000        5.74036957808047     
   9.18654000000000        5.96752839053512     
   9.19726000000000        5.92602082489369     
   9.20798000000000        6.06321348559518     
   9.21870000000000        6.50292522345537     
   9.22941000000000        7.03318466397728     
   9.24012000000000        7.10667365721491     
   9.25082000000000        6.80605181201534     
   9.26153000000000        6.50331633856054     
   9.27223000000000        6.31318503051246     
   9.28293000000000        6.26158977429813     
   9.29362000000000        6.14031407224827     
   9.30431000000000        6.17631639243202     
   9.31500000000000        6.30611023296032     
   9.32568000000000        6.22969954944096     
   9.33636000000000        6.31147077096964     
   9.34704000000000        6.67675223237885     
   9.35772000000000        7.19872676132257     
   9.36839000000000        7.43585033466601     
   9.37906000000000        7.48308528786587     
   9.38972000000000        7.87809483443170     
   9.40038000000000        8.57245335672820     
   9.41104000000000        9.11855679059089     
   9.42170000000000        9.29122183874639     
   9.43235000000000        9.46151860488131     
   9.44300000000000        10.0187263899375     
   9.45365000000000        10.6361859790526     
   9.46429000000000        11.1382780366999     
   9.47493000000000        11.3950105031822     
   9.48557000000000        11.0925606926463     
   9.49620000000000        10.3942346896068     
   9.50683000000000        9.89226374125623     
   9.51746000000000        9.91373737946905     
   9.52808000000000        9.86322228317361     
   9.53871000000000        9.42000253220931     
   9.54932000000000        8.80904313162596     
   9.55994000000000        8.36370218359718     
   9.57055000000000        8.45559263161202     
   9.58116000000000        9.12932375220407     
   9.59176000000000        10.1263121216213     
   9.60237000000000        10.7477203303765     
   9.61296000000000        10.8576353216254     
   9.62356000000000        11.1277768768146     
   9.63415000000000        11.5682900862070     
   9.64474000000000        11.7528256598697     
   9.65533000000000        11.6811378705902     
   9.66591000000000        11.3010603467492     
   9.67649000000000        10.6963807806203     
   9.68707000000000        9.92691807562105     
   9.69764000000000        8.91435929833968     
   9.70821000000000        8.32311615667114     
   9.71878000000000        8.37930489852880     
   9.72934000000000        8.70103451278781     
   9.73990000000000        9.10340782891064     
   9.75046000000000        9.43947008033953     
   9.76102000000000        10.0613882495774     
   9.77157000000000        11.0221468404256     
   9.78212000000000        11.7691150773238     
   9.79266000000000        12.2910537279169     
   9.80320000000000        12.7834798020081     
   9.81374000000000        13.1977297805318     
   9.82428000000000        13.7071770412615     
   9.83481000000000        14.1944092168365     
   9.84534000000000        14.4727645764470     
   9.85586000000000        14.3735844131413     
   9.86639000000000        13.5201105014131     
   9.87691000000000        12.2984087831166     
   9.88742000000000        11.1149436685506     
   9.89794000000000        10.1400737204339     
   9.90845000000000        9.45312135388968     
   9.91895000000000        8.86139301366509     
   9.92946000000000        8.15544310729142     
   9.93996000000000        7.47154590386960     
   9.95046000000000        7.08365327401350     
   9.96095000000000        7.00977602771820     
   9.97144000000000        6.95309266179105     
   9.98193000000000        6.89231732681168     
   9.99242000000000        6.97940506913997     
   10.0029000000000        7.17853416022605     
   10.0133800000000        7.27710974566749     
   10.0238500000000        7.32193230395917     
   10.0343200000000        7.42697974532418     
   10.0447900000000        7.59241676578325     
   10.0552600000000        7.85166100633838     
   10.0657200000000        7.94128696668439     
   10.0761800000000        7.63512685881150     
   10.0866400000000        7.24075712159942     
   10.0970900000000        7.02735957847414     
   10.1075400000000        7.20479047553738     
   10.1179900000000        7.70178511417604     
   10.1284300000000        8.22388973816814     
   10.1388700000000        8.70502794594088     
   10.1493100000000        9.09119885472825     
   10.1597400000000        9.46581969133057     
   10.1701700000000        9.93069917012826     
   10.1806000000000        10.4135364522632     
   10.1910300000000        10.5962143756673     
   10.2014500000000        10.4232356943361     
   10.2118700000000        9.96912379739974     
   10.2222800000000        9.47664559618482     
   10.2326900000000        9.13592360528745     
   10.2431000000000        9.05150280818551     
   10.2535100000000        9.12668159655220     
   10.2639100000000        9.21299251785230     
   10.2743100000000        9.20200566933746     
   10.2847100000000        9.08114201449692     
   10.2951000000000        8.92835075233029     
   10.3054900000000        8.71268218005210     
   10.3158800000000        8.45218564903282     
   10.3262600000000        8.09718440348613     
   10.3366400000000        7.70550932828462     
   10.3470200000000        7.48497594353497     
   10.3573900000000        7.45748700921636     
   10.3677600000000        7.48959706747292     
   10.3781300000000        7.49104873176729     
   10.3884900000000        7.42174363330646     
   10.3988600000000        7.28298555971508     
   10.4092100000000        7.23468520431451     
   10.4195700000000        7.31954593579494     
   10.4299200000000        7.45698651542610     
   10.4402700000000        7.60625512368482     
   10.4506100000000        7.82600203996254     
   10.4609600000000        8.14486503066225     
   10.4713000000000        8.65196046797217     
   10.4816300000000        9.30738614121016     
   10.4919600000000        9.92310910726317     
   10.5022900000000        10.3469158777054     
   10.5126200000000        10.5578328272174     
   10.5229400000000        10.7672404341320     
   10.5332600000000        11.0785769727753     
   10.5435800000000        11.4596866030656     
   10.5539000000000        11.8108872242767     
   10.5642100000000        11.8515836995628     
   10.5745100000000        11.3945172107365     
   10.5848200000000        10.5297288153499     
   10.5951200000000        9.44198813168947     
   10.6054200000000        8.34597211527993     
   10.6157100000000        7.44678912174646     
   10.6260000000000        6.72235778067756     
   10.6362900000000        6.03378031162221     
   10.6465800000000        5.28283698138171     
   10.6568600000000        4.51981980525957     
   10.6671400000000        3.87435745962301     
   10.6774100000000        3.43231489995146     
   10.6876900000000        3.20709511806766     
   10.6979600000000        3.16724752461296     
   10.7082200000000        3.27437206224049     
   10.7184900000000        3.53472488814148     
   10.7287500000000        3.92409493190729     
   10.7390000000000        4.36258419463817     
   10.7492600000000        4.81260765764145     
   10.7595100000000        5.23944259957505     
   10.7697500000000        5.66142783091550     
   10.7800000000000        6.17651326306829     
   10.7902400000000        6.77213250599496     
   10.8004800000000        7.07208132964039     
   10.8107100000000        6.94535056131996     
   10.8209400000000        6.67171586872460     
   10.8311700000000        6.34512834072675     
   10.8414000000000        5.94371465924141     
   10.8516200000000        5.47640364717779     
   10.8618400000000        4.98157012963880     
   10.8720500000000        4.55736732359810     
   10.8822700000000        4.22793362927287     
   10.8924800000000        3.97424713260013     
   10.9026800000000        3.81425824740012     
   10.9128800000000        3.74534664134544     
   10.9230800000000        3.77252823723836     
   10.9332800000000        3.86687476896782     
   10.9434700000000        3.94956738036352     
   10.9536600000000        3.95636555736741     
   10.9638500000000        3.90908950307752     
   10.9740400000000        3.85381652486568     
   10.9842200000000        3.78686844715314     
   10.9943900000000        3.68582058968953     
   11.0045700000000        3.54934331344766     
   11.0147400000000        3.39306069053489     
   11.0249100000000        3.26590279390974     
   11.0350700000000        3.19792060532235     
   11.0452300000000        3.16957180334497     
   11.0553900000000        3.14541323817571     
   11.0655500000000        3.08684775807169     
   11.0757000000000        3.01821479942303     
   11.0858500000000        2.98862846608252     
   11.0960000000000        3.02555167715017     
   11.1061400000000        3.13870484442724     
   11.1162800000000        3.34085795591663     
   11.1264200000000        3.68979154790039     
   11.1365500000000        4.24412250688952     
   11.1466800000000        4.94552960736281     
   11.1568100000000        5.48969698078363     
   11.1669300000000        5.63627005042803     
   11.1770500000000        5.58627050955804     
   11.1871700000000        5.62229983163894     
   11.1972800000000        5.88580682922987     
   11.2073900000000        6.28768358644590     
   11.2175000000000        6.52652627391159     
   11.2276100000000        6.54579116276123     
   11.2377100000000        6.55653213993286     
   11.2478100000000        6.64801138120351     
   11.2579000000000        6.81822235316663     
   11.2679900000000        7.08019093760281     
   11.2780800000000        7.47690698663031     
   11.2881700000000        8.01905461380302     
   11.2982500000000        8.66025560001656     
   11.3083300000000        9.43274077214503     
   11.3184100000000        10.3777575526486     
   11.3284800000000        11.4926480089255     
   11.3385500000000        12.8750074051509     
   11.3486200000000        14.3188965758687     
   11.3586800000000        15.1065101514718     
   11.3687400000000        15.1571931973603     
   11.3788000000000        15.2700127508023     
   11.3888500000000        16.0162648016172     
   11.3989000000000        17.4976000955065     
   11.4089500000000        19.3438799236091     
   11.4189900000000        20.9645151155155     
   11.4290400000000        21.9464352774481     
   11.4390700000000        21.5745705782582     
   11.4491100000000        19.7244795367749     
   11.4591400000000        17.8250174610673     
   11.4691700000000        17.0870670057145     
   11.4792000000000        17.6723910641111     
   11.4892200000000        18.8904472351536     
   11.4992400000000        19.5812473375096     
   11.5092500000000        19.2572126429521     
   11.5192700000000        18.0905596623654     
   11.5292800000000        16.4583389526872     
   11.5392800000000        15.1582438844734     
   11.5492900000000        14.6844637491894     
   11.5592900000000        15.0038589127876     
   11.5692800000000        15.6721364151740     
   11.5792800000000        15.9434955796579     
   11.5892700000000        15.5908732422587     
   11.5992600000000        15.1864423350091     
   11.6092400000000        15.0931037519683     
   11.6192200000000        15.2336919461240     
   11.6292000000000        15.4701405556875     
   11.6391700000000        15.8154414718523     
   11.6491500000000        16.4065986351622     
   11.6591200000000        17.3510491224980     
   11.6690800000000        18.6222048443123     
   11.6790400000000        20.1561173669742     
   11.6890000000000        22.0317586264581     
   11.6989600000000        24.3388605658034     
   11.7089100000000        26.9246089153577     
   11.7188600000000        29.5002218195595     
   11.7288100000000        31.9589521079419     
   11.7387500000000        34.4492847135615     
   11.7486900000000        36.8275184856557     
   11.7586300000000        38.5328702371667     
   11.7685600000000        39.6430665174147     
   11.7784900000000        40.9796266992154     
   11.7884200000000        43.1114936268196     
   11.7983400000000        45.8926790405146     
   11.8082600000000        48.4646117529889     
   11.8181800000000        49.8751302465814     
   11.8281000000000        49.9241172802287     
   11.8380100000000        48.8983561193154     
   11.8479200000000        47.1154803631195     
   11.8578200000000        45.3264857726246     
   11.8677200000000        44.3346711843807     
   11.8776200000000        44.2551344025812     
   11.8875200000000        44.9249366646133     
   11.8974100000000        45.9742134945508     
   11.9073000000000        46.3240166739830     
   11.9171900000000        45.1061800116972     
   11.9270700000000        42.6302710099813     
   11.9369500000000        39.9764450286154     
   11.9468300000000        38.2799346269197     
   11.9567000000000        38.0804357984890     
   11.9665700000000        38.8433255232023     
   11.9764400000000        39.4207362462649     
   11.9863000000000        38.9834180254589     
   11.9961600000000        37.1983418932873     
   12.0060200000000        34.3094039706719     
   12.0158700000000        31.2201668947082     
   12.0257300000000        28.8351158142883     
   12.0355700000000        27.5349012160623     
   12.0454200000000        27.2247578660826     
   12.0552600000000        27.5462787124461     
   12.0651000000000        27.9245207970168     
   12.0749400000000        27.9578827455893     
   12.0847700000000        27.8462642634720     
   12.0946000000000        28.0209304030019     
   12.1044200000000        28.6756539862136     
   12.1142500000000        29.8291381497282     
   12.1240700000000        31.4507518837988     
   12.1338800000000        33.3975266798259     
   12.1437000000000        35.3363911230101     
   12.1535100000000        36.9881533224724     
   12.1633100000000        38.4305837740751     
   12.1731200000000        39.8418961847953     
   12.1829200000000        41.0840824086291     
   12.1927200000000        42.1690454927033     
   12.2025100000000        43.5376937292173     
   12.2123000000000        45.2606365330367     
   12.2220900000000        46.7899392471913     
   12.2318700000000        47.6571472764139     
   12.2416600000000        47.6515234109283     
   12.2514300000000        46.4598572113282     
   12.2612100000000        44.2596169178646     
   12.2709800000000        42.0525443307161     
   12.2807500000000        40.5167975197669     
   12.2905200000000        39.3551833040471     
   12.3002800000000        37.9422656095597     
   12.3100400000000        36.0078076712503     
   12.3198000000000        33.4972782602730     
   12.3295500000000        30.5183389092120     
   12.3393000000000        27.5790065978351     
   12.3490500000000        25.2480691387237     
   12.3587900000000        23.6662616786333     
   12.3685300000000        22.6213118829551     
   12.3782700000000        21.8548300420532     
   12.3880000000000        21.2176970787937     
   12.3977300000000        20.7071481828247     
   12.4074600000000        20.4031708374999     
   12.4171800000000        20.3799480792233     
   12.4269100000000        20.6111911258664     
   12.4366200000000        21.0333541698402     
   12.4463400000000        21.6961548175478     
   12.4560500000000        22.7241172511608     
   12.4657600000000        24.1548981145145     
   12.4754700000000        25.7760258848000     
   12.4851700000000        27.0513968111157     
   12.4948700000000        27.5801097048078     
   12.5045600000000        27.5582012534841     
   12.5142600000000        27.4877631589535     
   12.5239500000000        27.8782608156195     
   12.5336300000000        29.1155894512666     
   12.5433200000000        31.2945403758433     
   12.5530000000000        34.1572947244410     
   12.5626800000000        37.0957553945845     
   12.5723500000000        39.2439568011519     
   12.5820200000000        39.9897081524423     
   12.5916900000000        39.4734998010647     
   12.6013500000000        38.3550876441821     
   12.6110100000000        37.3083087070125     
   12.6206700000000        36.8750093965041     
   12.6303300000000        37.2171260601698     
   12.6399800000000        37.8848515392969     
   12.6496300000000        38.2084274164542     
   12.6592700000000        38.0337475380247     
   12.6689200000000        37.6093129746844     
   12.6785500000000        37.0485612638524     
   12.6881900000000        36.4589445226984     
   12.6978200000000        36.1352955592031     
   12.7074500000000        36.2830559995653     
   12.7170800000000        36.8420669549365     
   12.7267000000000        37.6226271078797     
   12.7363200000000        38.3379381431323     
   12.7459400000000        38.6325175355221     
   12.7555500000000        38.3475214372655     
   12.7651600000000        37.7629620657883     
   12.7747700000000        37.4112074263975     
   12.7843800000000        37.5376922128733     
   12.7939800000000        37.8775220970407     
   12.8035800000000        37.9714912576392     
   12.8131700000000        37.4971055720962     
   12.8227600000000        36.3960990474388     
   12.8323500000000        34.8355855737924     
   12.8419400000000        33.0673527994249     
   12.8515200000000        31.3605899797801     
   12.8611000000000        30.0162385995072     
   12.8706700000000        29.3183086359443     
   12.8802500000000        29.4078887387478     
   12.8898100000000        30.2346786484255     
   12.8993800000000        31.5786976903388     
   12.9089400000000        33.0748661840932     
   12.9185000000000        34.3003111426087     
   12.9280600000000        34.9535916616077     
   12.9376100000000        35.0377858510400     
   12.9471700000000        34.8336358699560     
   12.9567100000000        34.5889239631172     
   12.9662600000000        34.2875274018197     
   12.9758000000000        33.9656591370055     
   12.9853400000000        33.9407868826479     
   12.9948700000000        34.4746258580234     
   13.0044000000000        35.5224693315844     
   13.0139300000000        36.8090638160721     
   13.0234600000000        38.0641535218333     
   13.0329800000000        39.1489737465841     
   13.0425000000000        39.8581891353743     
   13.0520100000000        39.9700470318339     
   13.0615200000000        39.6097714239624     
   13.0710300000000        39.0972106280462     
   13.0805400000000        38.5231579500796     
   13.0900400000000        37.8154007152598     
   13.0995400000000        37.0460072743112     
   13.1090400000000        36.4277159492156     
   13.1185300000000        36.0373033093525     
   13.1280200000000        35.7093357816068     
   13.1375100000000        35.3131062900583     
   13.1469900000000        34.9058852359818     
   13.1564700000000        34.5290846704137     
   13.1659500000000        34.0560298898271     
   13.1754300000000        33.3211612463120     
   13.1849000000000        32.2895633929628     
   13.1943700000000        31.0456021035437     
   13.2038300000000        29.6532244844067     
   13.2132900000000        28.1057748852761     
   13.2227500000000        26.4802370560062     
   13.2322100000000        24.9429198084780     
   13.2416600000000        23.5470543789296     
   13.2511100000000        22.2065417438088     
   13.2605500000000        20.8727497015103     
   13.2700000000000        19.5629116510107     
   13.2794400000000        18.3270951881026     
   13.2888700000000        17.2481341774398     
   13.2983100000000        16.4026828486320     
   13.3077400000000        15.7876839151775     
   13.3171600000000        15.2751562770897     
   13.3265900000000        14.6848103661471     
   13.3360100000000        13.9549307793017     
   13.3454300000000        13.1949063121078     
   13.3548400000000        12.5461678996016     
   13.3642500000000        12.0565488835275     
   13.3736600000000        11.6866474655994     
   13.3830600000000        11.3773530805674     
   13.3924700000000        11.0977457105336     
   13.4018600000000        10.8435695561993     
   13.4112600000000        10.6126003582477     
   13.4206500000000        10.3991542362660     
   13.4300400000000        10.2089733377815     
   13.4394300000000        10.0743932212001     
   13.4488100000000        10.0322454857149     
   13.4581900000000        10.0984457484731     
   13.4675600000000        10.2610086498722     
   13.4769400000000        10.4752421631792     
   13.4863100000000        10.6777322348544     
   13.4956700000000        10.8231464768894     
   13.5050400000000        10.8885388867247     
   13.5144000000000        10.8595473543469     
   13.5237600000000        10.7381102930977     
   13.5331100000000        10.5559813377280     
   13.5424600000000        10.3760504706604     
   13.5518100000000        10.2781101727966     
   13.5611500000000        10.3313279159052     
   13.5704900000000        10.5699035089704     
   13.5798300000000        10.9721858319926     
   13.5891700000000        11.4480155743173     
   13.5985000000000        11.8764200565590     
   13.6078300000000        12.1904877371328     
   13.6171500000000        12.3982019738924     
   13.6264800000000        12.5136568553118     
   13.6358000000000        12.5176456936694     
   13.6451100000000        12.4033884208170     
   13.6544200000000        12.2061296094728     
   13.6637300000000        12.0008080676409     
   13.6730400000000        11.8832073284280     
   13.6823400000000        11.9179761415583     
   13.6916400000000        12.0938284961879     
   13.7009400000000        12.3254036725472     
   13.7102400000000        12.5006512834568     
   13.7195300000000        12.5448943474597     
   13.7288100000000        12.4441865713429     
   13.7381000000000        12.1997767728505     
   13.7473800000000        11.8024330193937     
   13.7566600000000        11.2737310477102     
   13.7659300000000        10.6837045774173     
   13.7752000000000        10.1082904020431     
   13.7844700000000        9.59860090357756     
   13.7937400000000        9.17013730083631     
   13.8030000000000        8.81078971323898     
   13.8122600000000        8.50369081693846     
   13.8215200000000        8.24333365787180     
   13.8307700000000        8.02934385136582     
   13.8400200000000        7.86033862657430     
   13.8492600000000        7.73981489055705     
   13.8585100000000        7.67652166372559     
   13.8677500000000        7.67639791341072     
   13.8769800000000        7.73210753579336     
   13.8862200000000        7.81804243766831     
   13.8954500000000        7.89325125661730     
   13.9046800000000        7.92623641755986     
   13.9139000000000        7.92334017002921     
   13.9231200000000        7.92023274735736     
   13.9323400000000        7.94688891457126     
   13.9415500000000        8.01104377590117     
   13.9507700000000        8.10891346877206     
   13.9599700000000        8.24215678760526     
   13.9691800000000        8.42280314470398     
   13.9783800000000        8.65626103643867     
   13.9875800000000        8.92777827048429     
   13.9967800000000        9.21126594876409     
   14.0059700000000        9.49885831852265     
   14.0151600000000        9.81728064449797     
   14.0243400000000        10.2137666163457     
   14.0335300000000        10.7405172815961     
   14.0427100000000        11.4395856550324     
   14.0518800000000        12.3391213856480     
   14.0610600000000        13.4510606372045     
   14.0702300000000        14.7458361768879     
   14.0794000000000        16.1335197787854     
   14.0885600000000        17.4602225951013     
   14.0977200000000        18.5589863664102     
   14.1068800000000        19.3162031710288     
   14.1160300000000        19.7493840686076     
   14.1251800000000        20.0389317133671     
   14.1343300000000        20.4673226011082     
   14.1434800000000        21.3021099071002     
   14.1526200000000        22.7078171526732     
   14.1617600000000        24.7300915330750     
   14.1708900000000        27.2999716432904     
   14.1800300000000        30.2444473106798     
   14.1891500000000        33.2222523803317     
   14.1982800000000        35.7545141366055     
   14.2074000000000        37.3675557654598     
   14.2165200000000        37.9114441117023     
   14.2256400000000        37.6559621162295     
   14.2347500000000        37.0681636464562     
   14.2438600000000        36.4833808031229     
   14.2529700000000        35.9873367227997     
   14.2620700000000        35.5532557293558     
   14.2711800000000        35.2218303842380     
   14.2802700000000        35.0744525442547     
   14.2893700000000        35.0539350511810     
   14.2984600000000        34.9531623459528     
   14.3075500000000        34.6180040206949     
   14.3166300000000        34.1090458513654     
   14.3257100000000        33.5935871822216     
   14.3347900000000        33.0850805725228     
   14.3438700000000        32.3617341806524     
   14.3529400000000        31.1816291652079     
   14.3620100000000        29.5242662093530     
   14.3710700000000        27.6111573082878     
   14.3801400000000        25.7543407928197     
   14.3892000000000        24.2367800726946     
   14.3982500000000        23.2221403902189     
   14.4073100000000        22.7349577122389     
   14.4163600000000        22.6649846621994     
   14.4254000000000        22.7743189433354     
   14.4344500000000        22.7669970526287     
   14.4434900000000        22.4296451688843     
   14.4525200000000        21.7430421369593     
   14.4615600000000        20.8466089510721     
   14.4705900000000        19.9281653232772     
   14.4796200000000        19.1192668542889     
   14.4886400000000        18.4623273065799     
   14.4976600000000        17.9446900812245     
   14.5066800000000        17.5721756623157     
   14.5157000000000        17.3929755219476     
   14.5247100000000        17.4610790020459     
   14.5337200000000        17.7935268445777     
   14.5427200000000        18.3557301204472     
   14.5517300000000        19.0802372028720     
   14.5607300000000        19.9026930398345     
   14.5697200000000        20.8044215961566     
   14.5787100000000        21.8256811448344     
   14.5877000000000        23.0589541880337     
   14.5966900000000        24.6207532201287     
   14.6056700000000        26.5955189433217     
   14.6146600000000        29.0068715756195     
   14.6236300000000        31.7962055954192     
   14.6326100000000        34.8609565105688     
   14.6415800000000        38.0292453732252     
   14.6505400000000        41.1249019976608     
   14.6595100000000        44.0309196267793     
   14.6684700000000        46.6887098126307     
   14.6774300000000        49.1099385466225     
   14.6863800000000        51.3515603538103     
   14.6953400000000        53.4748415764680     
   14.7042800000000        55.4326406016552     
   14.7132300000000        57.0710897004181     
   14.7221700000000        58.2150858425815     
   14.7311100000000        58.8446969077696     
   14.7400500000000        59.1501307741738     
   14.7489800000000        59.4431605638881     
   14.7579100000000        59.9771604815416     
   14.7668400000000        60.7877086062365     
   14.7757600000000        61.6560983520523     
   14.7846800000000        62.2369283214206     
   14.7936000000000        62.2441249362642     
   14.8025100000000        61.5379892378865     
   14.8114200000000        60.0653986365528     
   14.8203300000000        57.8073962373702     
   14.8292300000000        54.8384071234761     
   14.8381300000000        51.3904527669876     
   14.8470300000000        47.8327127129174     
   14.8559300000000        44.5525553152867     
   14.8648200000000        41.8293177974779     
   14.8737100000000        39.7403961795944     
   14.8825900000000        38.1815032129839     
   14.8914700000000        36.9443947448877     
   14.9003500000000        35.8105495398025     
   14.9092300000000        34.5894865314521     
   14.9181000000000        33.1370114454700     
   14.9269700000000        31.3668040771035     
   14.9358400000000        29.2734049307322     
   14.9447000000000        26.9408527284982     
   14.9535600000000        24.5161095331666     
   14.9624200000000        22.1728533375916     
   14.9712700000000        20.0560475330038     
   14.9801200000000        18.2405346193951     
   14.9889700000000        16.7432334631474     
   14.9978100000000        15.5457212104260     
   15.0066500000000        14.6127023705143     
   15.0154900000000        13.9103539616536     
   15.0243300000000        13.4109786767283     
   15.0331600000000        13.0964183841772     
   15.0419900000000        12.9580504731977     
   15.0508100000000        12.9975188523730     
   15.0596300000000        13.2239311640634     
   15.0684500000000        13.6510654284363     
   15.0772700000000        14.2927067067694     
   15.0860800000000        15.1538616276755     
   15.0948900000000        16.2199978574342     
   15.1037000000000        17.4381430539391     
   15.1125000000000        18.7104203678817     
   15.1213000000000        19.9226596240958     
   15.1301000000000        20.9916134025846     
   15.1388900000000        21.9057443841756     
   15.1476800000000        22.7159783865413     
   15.1564700000000        23.4774121153814     
   15.1652500000000        24.2097395971732     
   15.1740300000000        24.9070715197943     
   15.1828100000000        25.5637821154151     
   15.1915800000000        26.1854715863969     
   15.2003500000000        26.7752382336973     
   15.2091200000000        27.3087466612439     
   15.2178900000000        27.7364189018879     
   15.2266500000000        28.0245019976258     
   15.2354100000000        28.2031192807055     
   15.2441600000000        28.3514999329741     
   15.2529200000000        28.5171527343199     
   15.2616700000000        28.6431321531650     
   15.2704100000000        28.5901681552611     
   15.2791500000000        28.2389507043158     
   15.2878900000000        27.5740199434822     
   15.2966300000000        26.6672465781380     
   15.3053600000000        25.5989260844931     
   15.3140900000000        24.4097650623343     
   15.3228200000000        23.1233672078496     
   15.3315400000000        21.7784073498806     
   15.3402600000000        20.4268712155376     
   15.3489800000000        19.1238998535356     
   15.3577000000000        17.9146493771507     
   15.3664100000000        16.8233249283327     
   15.3751200000000        15.8378538888227     
   15.3838200000000        14.9215016078175     
   15.3925200000000        14.0361340216480     
   15.4012200000000        13.1706515105353     
   15.4099200000000        12.3395933401767     
   15.4186100000000        11.5656805794524     
   15.4273000000000        10.8621392112195     
   15.4359800000000        10.2330538950316     
   15.4446700000000        9.67344974647530     
   15.4533400000000        9.17935262228432     
   15.4620200000000        8.74323006943878     
   15.4706900000000        8.36070724593573     
   15.4793600000000        8.02593513962300     
   15.4880300000000        7.73382584241082     
   15.4966900000000        7.47994447994963     
   15.5053500000000        7.25913298420581     
   15.5140100000000        7.06551118071635     
   15.5226700000000        6.89153634174305     
   15.5313200000000        6.72923737211944     
   15.5399600000000        6.57250890177820     
   15.5486100000000        6.41900891437926     
   15.5572500000000        6.27063716448671     
   15.5658900000000        6.13011661758610     
   15.5745200000000        6.00043554767432     
   15.5831600000000        5.88389654986027     
   15.5917900000000        5.78300771229618     
   15.6004100000000        5.69876161471120     
   15.6090300000000        5.62995001176538     
   15.6176500000000        5.57356938541937     
   15.6262700000000        5.52619544649095     
   15.6348800000000        5.48534074240031     
   15.6434900000000        5.44913926484388     
   15.6521000000000        5.41528847328837     
   15.6607000000000        5.38030755163249     
   15.6693000000000        5.34018119699085     
   15.6779000000000        5.29224078693535     
   15.6864900000000        5.23660195290604     
   15.6950800000000        5.17617758920607     
   15.7036700000000        5.11606464914034     
   15.7122600000000        5.06214674479251     
   15.7208400000000        5.01954204325156     
   15.7294100000000        4.99113405679451     
   15.7379900000000        4.97719132827777     
   15.7465600000000        4.97608422633213     
   15.7551300000000        4.98532416420050     
   15.7637000000000        5.00276549121911     
   15.7722600000000        5.02711612345691     
   15.7808200000000        5.05798408525927     
   15.7893700000000        5.09549301939909     
   15.7979300000000        5.14027400052705     
   15.8064700000000        5.19292536506651     
   15.8150200000000        5.25438046238769     
   15.8235600000000        5.32480699302439     
   15.8321000000000        5.40388718961118     
   15.8406400000000        5.49114747200037     
   15.8491800000000        5.58709921241117     
   15.8577100000000        5.69352396146699     
   15.8662300000000        5.81327648913927     
   15.8747600000000        5.95000538361931     
   15.8832800000000        6.10698719950765     
   15.8918000000000        6.28821068315381     
   15.9003100000000        6.49760015823036     
   15.9088200000000        6.73976442956453     
   15.9173300000000        7.01886863677569     
   15.9258400000000        7.33834737822065     
   15.9343400000000        7.70043378986977     
   15.9428400000000        8.10791535668675     
   15.9513300000000        8.56337752236716     
   15.9598300000000        9.07310939359637     
   15.9683100000000        9.64378125568764     
   15.9768000000000        10.2895702338904     
   15.9852800000000        11.0233017327160     
   15.9937600000000        11.8583482470749     
   16.0022400000000        12.8006107323944     
   16.0107100000000        13.8432189312865     
   16.0191800000000        14.9673325033961     
   16.0276500000000        16.1387921601285     
   16.0361200000000        17.3128889624808     
   16.0445800000000        18.4399889694842     
   16.0530300000000        19.4766435737623     
   16.0614900000000        20.3929578965063     
   16.0699400000000        21.1688237550214     
   16.0783900000000        21.7996492599281     
   16.0868300000000        22.2843430257674     
   16.0952800000000        22.6201634009311     
   16.1037100000000        22.7950253650985     
   16.1121500000000        22.7955272399526     
   16.1205800000000        22.6138917147492     
   16.1290100000000        22.2570142866161     
   16.1374400000000        21.7475084117641     
   16.1458600000000        21.1195542901032     
   16.1542800000000        20.4099455282798     
   16.1627000000000        19.6560383865898     
   16.1711100000000        18.8949368470093     
   16.1795200000000        18.1595335885623     
   16.1879300000000        17.4787397346017     
   16.1963300000000        16.8747929805512     
   16.2047300000000        16.3605012693845     
   16.2131300000000        15.9429562947553     
   16.2215200000000        15.6239705727589     
   16.2299100000000        15.3979280402566     
   16.2383000000000        15.2510771909137     
   16.2466900000000        15.1598185585700     
   16.2550700000000        15.0923396193629     
   16.2634500000000        15.0132430353368     
   16.2718200000000        14.8912102366874     
   16.2802000000000        14.7053762556185     
   16.2885600000000        14.4500070208976     
   16.2969300000000        14.1289487196525     
   16.3052900000000        13.7526886835990     
   16.3136500000000        13.3311756254140     
   16.3220100000000        12.8742013869138     
   16.3303600000000        12.3925089116294     
   16.3387100000000        11.8968881043232     
   16.3470600000000        11.3998074713763     
   16.3554000000000        10.9144096034758     
   16.3637400000000        10.4507533140463     
   16.3720800000000        10.0153725068997     
   16.3804200000000        9.60962797931406     
   16.3887500000000        9.23136936952351     
   16.3970700000000        8.87683147716756     
   16.4054000000000        8.54308454056590     
   16.4137200000000        8.23159999625493     
   16.4220400000000        7.94455401047220     
   16.4303500000000        7.68442043967435     
   16.4386700000000        7.45007892851777     
   16.4469700000000        7.23890240303128     
   16.4552800000000        7.04583713394803     
   16.4635800000000        6.86903518528542     
   16.4718800000000        6.70904866645011     
   16.4801800000000        6.56873745270336     
   16.4884700000000        6.45074374223568     
   16.4967600000000        6.35439314944518     
   16.5050500000000        6.27446012933592     
   16.5133300000000        6.20150892718430     
   16.5216100000000        6.12465187298187     
   16.5298900000000        6.03597028089777     
   16.5381600000000        5.93334407330720     
   16.5464300000000        5.81987946754679     
   16.5547000000000        5.70176284016120     
   16.5629700000000        5.58567696498665     
   16.5712300000000        5.47780904954911     
   16.5794900000000        5.38312985244650     
   16.5877400000000        5.30523047366235     
   16.5959900000000        5.24477428777367     
   16.6042400000000        5.19922107711838     
   16.6124900000000        5.16325436147109     
   16.6207300000000        5.13033369559155     
   16.6289700000000        5.09424794129215     
   16.6372000000000        5.05045340886320     
   16.6454400000000        4.99644548210741     
   16.6536700000000        4.93248395415087     
   16.6618900000000        4.86121692398718     
   16.6701200000000        4.78698463247595     
   16.6783400000000        4.71531519916952     
   16.6865500000000        4.65124177007151     
   16.6947700000000        4.59842714817723     
   16.7029800000000        4.55892840950897     
   16.7111900000000        4.53257557109451     
   16.7193900000000        4.51794936312559     
   16.7275900000000        4.51356232313963     
   16.7357900000000        4.51893480074593     
   16.7439800000000        4.53432624478422     
   16.7521800000000        4.55951491835463     
   16.7603600000000        4.59221119362173     
   16.7685500000000        4.62811325856143     
   16.7767300000000        4.66183734886942     
   16.7849100000000        4.68975225898399     
   16.7930900000000        4.71207105778212     
   16.8012600000000        4.73320287159043     
   16.8094300000000        4.75959129284698     
   16.8175900000000        4.79598864973525     
   16.8257600000000        4.84277533942262     
   16.8339200000000        4.89493044868101     
   16.8420700000000        4.94410144033816     
   16.8502300000000        4.98184102851306     
   16.8583800000000        5.00222268617903     
   16.8665300000000        5.00339047494692     
   16.8746700000000        4.98668618022973     
   16.8828100000000        4.95520610790719     
   16.8909500000000        4.91287590675732     
   16.8990800000000        4.86427369129246     
   16.9072100000000        4.81400499713293     
   16.9153400000000        4.76565943857488     
   16.9234700000000        4.72046935564399     
   16.9315900000000        4.67727752191701     
   16.9397100000000        4.63396766060567     
   16.9478200000000        4.59009079259926     
   16.9559400000000        4.54838486776832     
   16.9640500000000        4.51529018218450     
   16.9721500000000        4.49906263365409     
   16.9802600000000        4.50757961262877     
   16.9883600000000        4.54622202742947     
   16.9964500000000        4.61647089390407     
   17.0045500000000        4.71588275420768     
   17.0126400000000        4.83771702920881     
   17.0207200000000        4.97249380269028     
   17.0288100000000        5.10974931500072     
   17.0368900000000        5.23884484471198     
   17.0449700000000        5.35181054092243     
   17.0530400000000        5.44345905574756     
   17.0611100000000        5.51192330892930     
   17.0691800000000        5.55765384891168     
