   7.15970000000000        65.9127501444669     
   7.17100000000000        66.9681091142051     
   7.18231000000000        68.8125903583297     
   7.19360000000000        68.8977227487073     
   7.20490000000000        68.7904591465383     
   7.21619000000000        68.8358824170950     
   7.22748000000000        66.5335830447926     
   7.23877000000000        65.3578897388869     
   7.25005000000000        64.3503757422816     
   7.26133000000000        65.8305700858745     
   7.27261000000000        67.2402817151139     
   7.28388000000000        68.0805173453842     
   7.29515000000000        71.2066748504723     
   7.30642000000000        75.6281017836418     
   7.31768000000000        79.3652967740573     
   7.32894000000000        81.9831424540999     
   7.34020000000000        83.7737742235247     
   7.35146000000000        86.5301165299202     
   7.36271000000000        88.6320969356475     
   7.37396000000000        90.9798149360505     
   7.38520000000000        90.2473321399684     
   7.39644000000000        86.2200303745437     
   7.40768000000000        83.9053919104640     
   7.41892000000000        82.1533880757719     
   7.43015000000000        82.8408441462856     
   7.44138000000000        84.6690689620482     
   7.45261000000000        85.7336701798433     
   7.46383000000000        84.3695348135834     
   7.47505000000000        83.0569612670356     
   7.48626000000000        82.7573327405998     
   7.49748000000000        85.9646882614947     
   7.50869000000000        89.0544390896595     
   7.51990000000000        90.0395899223911     
   7.53110000000000        87.1392554289283     
   7.54230000000000        85.3173122135151     
   7.55350000000000        85.0223939746541     
   7.56469000000000        85.9667300424791     
   7.57588000000000        87.5772661601733     
   7.58707000000000        87.2451907549166     
   7.59826000000000        85.4580460944469     
   7.60944000000000        86.1490324499533     
   7.62062000000000        89.3546352026870     
   7.63179000000000        93.6430366810819     
   7.64296000000000        95.0325260216810     
   7.65413000000000        91.6805051825664     
   7.66530000000000        83.7561377420872     
   7.67646000000000        76.6874401339619     
   7.68762000000000        73.8399316562894     
   7.69878000000000        73.6927907609024     
   7.70993000000000        74.5242866313195     
   7.72108000000000        74.2480195660712     
   7.73223000000000        73.4955706275677     
   7.74337000000000        71.9316881750236     
   7.75451000000000        72.3897291081815     
   7.76565000000000        74.7032676228901     
   7.77678000000000        76.3916282038602     
   7.78791000000000        76.1240196522182     
   7.79904000000000        75.0687427432065     
   7.81017000000000        74.6086606148600     
   7.82129000000000        75.6331840364216     
   7.83241000000000        77.8978895304479     
   7.84352000000000        80.9076747008091     
   7.85463000000000        81.0461011370514     
   7.86574000000000        75.8415608465642     
   7.87685000000000        69.0492333365479     
   7.88795000000000        65.0779539212490     
   7.89905000000000        64.1198385420916     
   7.91015000000000        64.8569823867060     
   7.92124000000000        63.7904376441612     
   7.93233000000000        63.3836570651254     
   7.94342000000000        63.0865935987223     
   7.95450000000000        62.2847666381248     
   7.96558000000000        61.6024808996443     
   7.97666000000000        61.5452279406154     
   7.98773000000000        60.7496434488905     
   7.99880000000000        58.5144744566432     
   8.00987000000000        55.2493678728895     
   8.02093000000000        54.6184580286565     
   8.03200000000000        56.9774740407698     
   8.04305000000000        61.8634793451408     
   8.05411000000000        65.3741523064143     
   8.06516000000000        68.1186952677328     
   8.07621000000000        71.2451438169605     
   8.08726000000000        73.2421857082352     
   8.09830000000000        75.7041201644420     
   8.10934000000000        78.1773231315228     
   8.12037000000000        82.0613430217922     
   8.13141000000000        84.9072362779615     
   8.14244000000000        85.1608688672860     
   8.15346000000000        85.4091253186652     
   8.16449000000000        84.7708662704056     
   8.17551000000000        81.9209038054451     
   8.18652000000000        76.6738596259158     
   8.19754000000000        71.8914597149405     
   8.20855000000000        66.1216231257116     
   8.21955000000000        58.8716936050414     
   8.23056000000000        53.4897491757824     
   8.24156000000000        53.3988607709603     
   8.25256000000000        56.7483095498704     
   8.26355000000000        60.9291675367572     
   8.27454000000000        65.8141974496941     
   8.28553000000000        70.6202056977876     
   8.29652000000000        76.0673834246988     
   8.30750000000000        83.7119047639096     
   8.31848000000000        91.0535250364140     
   8.32946000000000        98.0628307772128     
   8.34043000000000        101.814338427342     
   8.35140000000000        103.573090159283     
   8.36236000000000        105.090506764334     
   8.37333000000000        107.283848386681     
   8.38429000000000        111.536559523544     
   8.39524000000000        117.852188143522     
   8.40620000000000        122.524118547538     
   8.41715000000000        124.841742663569     
   8.42810000000000        125.073813606481     
   8.43904000000000        125.771737820150     
   8.44998000000000        122.148664900026     
   8.46092000000000        114.095392426281     
   8.47185000000000        108.061166302797     
   8.48278000000000        106.861668725631     
   8.49371000000000        107.284778529529     
   8.50464000000000        108.673546753973     
   8.51556000000000        110.797594548611     
   8.52648000000000        112.691201994078     
   8.53739000000000        113.190787167563     
   8.54831000000000        114.112516950901     
   8.55922000000000        116.911995851239     
   8.57012000000000        123.820823112809     
   8.58103000000000        131.821262295125     
   8.59193000000000        139.222536936177     
   8.60282000000000        142.219041343751     
   8.61372000000000        142.181606337421     
   8.62461000000000        142.311877439728     
   8.63549000000000        143.314852269884     
   8.64638000000000        146.670175413453     
   8.65726000000000        152.780539086728     
   8.66814000000000        159.911666439713     
   8.67901000000000        166.722768117534     
   8.68988000000000        171.313764204244     
   8.70075000000000        172.646391051621     
   8.71161000000000        171.430226453408     
   8.72248000000000        171.473403453917     
   8.73333000000000        172.751921302976     
   8.74419000000000        172.822000580241     
   8.75504000000000        169.127301608654     
   8.76589000000000        163.302348796629     
   8.77674000000000        155.031303978467     
   8.78758000000000        146.961711048530     
   8.79842000000000        141.469620475145     
   8.80926000000000        139.000139663421     
   8.82009000000000        137.724800314398     
   8.83092000000000        135.559397142190     
   8.84175000000000        133.377412425952     
   8.85257000000000        128.793823071491     
   8.86339000000000        124.702681285586     
   8.87421000000000        120.553626142442     
   8.88502000000000        116.802396837547     
   8.89583000000000        115.791521620076     
   8.90664000000000        116.916461415338     
   8.91745000000000        118.546199004249     
   8.92825000000000        118.922062877179     
   8.93905000000000        118.523979696751     
   8.94984000000000        118.663248769257     
   8.96063000000000        119.561579326257     
   8.97142000000000        120.406376022652     
   8.98221000000000        120.532204780242     
   8.99299000000000        118.778998155282     
   9.00377000000000        116.117816794011     
   9.01455000000000        113.938072785838     
   9.02532000000000        110.156076140521     
   9.03609000000000        103.882357125562     
   9.04686000000000        99.0478195813181     
   9.05762000000000        96.8143504747215     
   9.06838000000000        96.3483948797794     
   9.07914000000000        95.8992297181798     
   9.08989000000000        93.4952005609890     
   9.10064000000000        89.6383955873589     
   9.11139000000000        86.6667905856962     
   9.12214000000000        82.8236308657951     
   9.13288000000000        77.2637602244556     
   9.14362000000000        71.6937381140784     
   9.15435000000000        67.5451873727909     
   9.16508000000000        64.4380186722113     
   9.17581000000000        61.9406211215622     
   9.18654000000000        60.3481885176061     
   9.19726000000000        58.4506468644224     
   9.20798000000000        55.6191933731588     
   9.21870000000000        52.9287961831970     
   9.22941000000000        50.7489684556291     
   9.24012000000000        50.2257839771641     
   9.25082000000000        50.5873180935874     
   9.26153000000000        51.6278479730215     
   9.27223000000000        53.5416287669032     
   9.28293000000000        55.2563759189986     
   9.29362000000000        56.4047773699588     
   9.30431000000000        57.1522727359184     
   9.31500000000000        56.6728409924270     
   9.32568000000000        55.1249416141555     
   9.33636000000000        54.5560128180119     
   9.34704000000000        54.9549760173488     
   9.35772000000000        55.4036930492955     
   9.36839000000000        55.7462897606537     
   9.37906000000000        56.0996026779250     
   9.38972000000000        56.2825473988964     
   9.40038000000000        55.8218369980373     
   9.41104000000000        55.1484247552427     
   9.42170000000000        53.4947771621394     
   9.43235000000000        51.3186185859732     
   9.44300000000000        49.6644110327524     
   9.45365000000000        48.3726830832575     
   9.46429000000000        46.6642120775955     
   9.47493000000000        45.2524026791641     
   9.48557000000000        44.7252237555199     
   9.49620000000000        44.6156274751487     
   9.50683000000000        44.5670057297328     
   9.51746000000000        44.4356746670807     
   9.52808000000000        44.5607695277099     
   9.53871000000000        44.5119084166179     
   9.54932000000000        44.2912698357191     
   9.55994000000000        44.0648950468960     
   9.57055000000000        43.6691532490291     
   9.58116000000000        43.6784527450440     
   9.59176000000000        44.1840171096249     
   9.60237000000000        45.0104175133521     
   9.61296000000000        46.1275177842839     
   9.62356000000000        48.1342479339587     
   9.63415000000000        50.6137543672646     
   9.64474000000000        52.8252891429439     
   9.65533000000000        54.5262889533949     
   9.66591000000000        55.4320047441833     
   9.67649000000000        55.5565484351654     
   9.68707000000000        55.2687475039989     
   9.69764000000000        54.5467995575172     
   9.70821000000000        54.4501022995966     
   9.71878000000000        55.2754578283143     
   9.72934000000000        57.0005008083526     
   9.73990000000000        59.4122645725151     
   9.75046000000000        62.4545285254328     
   9.76102000000000        65.8441358812751     
   9.77157000000000        68.3407176826340     
   9.78212000000000        69.9957729563087     
   9.79266000000000        71.5410689728372     
   9.80320000000000        72.2299885274048     
   9.81374000000000        71.8504596395901     
   9.82428000000000        71.1336192311013     
   9.83481000000000        70.5832900571349     
   9.84534000000000        70.7802317732654     
   9.85586000000000        72.4996576457259     
   9.86639000000000        74.5844759044221     
   9.87691000000000        75.4996053082439     
   9.88742000000000        75.0282770016372     
   9.89794000000000        73.6635834718180     
   9.90845000000000        72.1101945702133     
   9.91895000000000        70.3155245998728     
   9.92946000000000        68.2331885324273     
   9.93996000000000        67.5074876040337     
   9.95046000000000        69.0292052771190     
   9.96095000000000        72.5355744600726     
   9.97144000000000        76.6497679259400     
   9.98193000000000        79.8345279422048     
   9.99242000000000        81.9410276136463     
   10.0029000000000        83.1909077611809     
   10.0133800000000        83.0914674847762     
   10.0238500000000        81.2987416985073     
   10.0343200000000        78.0934159537085     
   10.0447900000000        74.4229090211280     
   10.0552600000000        71.5737104600684     
   10.0657200000000        70.1647517397185     
   10.0761800000000        70.1711611908030     
   10.0866400000000        71.6635953498531     
   10.0970900000000        74.0890965212415     
   10.1075400000000        76.6396893147901     
   10.1179900000000        79.4282906882098     
   10.1284300000000        82.4897078027350     
   10.1388700000000        85.2697758681775     
   10.1493100000000        86.8897524467626     
   10.1597400000000        87.0654978096705     
   10.1701700000000        87.2522364088580     
   10.1806000000000        88.5598515710332     
   10.1910300000000        89.8904239896468     
   10.2014500000000        90.5330833889474     
   10.2118700000000        90.3087085453762     
   10.2222800000000        89.4149056656605     
   10.2326900000000        88.2640334339966     
   10.2431000000000        86.7096087091757     
   10.2535100000000        83.8310760282418     
   10.2639100000000        80.6641287685218     
   10.2743100000000        78.7842372881111     
   10.2847100000000        78.1718501604555     
   10.2951000000000        77.9800272074086     
   10.3054900000000        77.8188921878829     
   10.3158800000000        77.6430943713549     
   10.3262600000000        77.8133387293309     
   10.3366400000000        77.9827819205070     
   10.3470200000000        77.6436355276918     
   10.3573900000000        76.9474144538239     
   10.3677600000000        75.6938387462580     
   10.3781300000000        73.3888033037371     
   10.3884900000000        69.9493524372586     
   10.3988600000000        65.6668989267202     
   10.4092100000000        61.4711604950180     
   10.4195700000000        58.2016723619194     
   10.4299200000000        56.1893321159540     
   10.4402700000000        55.3007059597949     
   10.4506100000000        55.1510033334362     
   10.4609600000000        55.2181611428106     
   10.4713000000000        55.5618842887410     
   10.4816300000000        56.5715044678800     
   10.4919600000000        58.0310226143165     
   10.5022900000000        59.2456619145785     
   10.5126200000000        59.7889174163202     
   10.5229400000000        59.9375776420709     
   10.5332600000000        60.3649804130515     
   10.5435800000000        61.3763441371138     
   10.5539000000000        62.8234590864257     
   10.5642100000000        64.1827810750801     
   10.5745100000000        65.0092612971981     
   10.5848200000000        65.3183281804781     
   10.5951200000000        65.1200674694343     
   10.6054200000000        64.4597570255931     
   10.6157100000000        63.3337252060610     
   10.6260000000000        61.5722283437080     
   10.6362900000000        59.3111341743342     
   10.6465800000000        56.8967289159569     
   10.6568600000000        54.7806079556064     
   10.6671400000000        53.6144643900653     
   10.6774100000000        53.4682233892065     
   10.6876900000000        53.9964694304365     
   10.6979600000000        54.9140023272860     
   10.7082200000000        55.8695612744807     
   10.7184900000000        57.1897597069113     
   10.7287500000000        58.9630402172789     
   10.7390000000000        60.5535042465262     
   10.7492600000000        61.4527336699622     
   10.7595100000000        61.8374247206025     
   10.7697500000000        62.1865919707651     
   10.7800000000000        62.7297054916617     
   10.7902400000000        62.9880986132936     
   10.8004800000000        62.9847578925406     
   10.8107100000000        63.2557807929440     
   10.8209400000000        63.9690048661936     
   10.8311700000000        64.8726987784595     
   10.8414000000000        66.1445534110481     
   10.8516200000000        68.3476234766364     
   10.8618400000000        71.1142653170850     
   10.8720500000000        73.3895028828136     
   10.8822700000000        75.1661894122966     
   10.8924800000000        77.0734244021052     
   10.9026800000000        79.8030719190126     
   10.9128800000000        83.3724385644157     
   10.9230800000000        86.9409354026679     
   10.9332800000000        89.7762918046434     
   10.9434700000000        91.4451714334269     
   10.9536600000000        91.8524538399831     
   10.9638500000000        91.1728257342748     
   10.9740400000000        89.6924903497772     
   10.9842200000000        88.5696114702717     
   10.9943900000000        88.7348891861480     
   11.0045700000000        89.8692473028422     
   11.0147400000000        91.3792189853501     
   11.0249100000000        93.2935061222662     
   11.0350700000000        95.5533897771755     
   11.0452300000000        97.7961821836181     
   11.0553900000000        99.4169817168051     
   11.0655500000000        99.9531540863294     
   11.0757000000000        99.5832345463509     
   11.0858500000000        99.1708398702160     
   11.0960000000000        99.4274304961724     
   11.1061400000000        100.064701973715     
   11.1162800000000        100.242578015151     
   11.1264200000000        100.054200022633     
   11.1365500000000        100.404644520705     
   11.1466800000000        101.191951065594     
   11.1568100000000        101.588977268192     
   11.1669300000000        101.863623274404     
   11.1770500000000        102.702855598732     
   11.1871700000000        103.654666381856     
   11.1972800000000        104.486718483239     
   11.2073900000000        105.441959465953     
   11.2175000000000        106.307463181774     
   11.2276100000000        107.444770446102     
   11.2377100000000        109.496233265635     
   11.2478100000000        112.776299005530     
   11.2579000000000        116.793804356753     
   11.2679900000000        120.195521544943     
   11.2780800000000        122.245803842309     
   11.2881700000000        123.410837559028     
   11.2982500000000        124.054215077608     
   11.3083300000000        124.633369198493     
   11.3184100000000        125.837450992752     
   11.3284800000000        127.661694187637     
   11.3385500000000        129.649101241962     
   11.3486200000000        131.348792126916     
   11.3586800000000        132.482255727682     
   11.3687400000000        133.340085672210     
   11.3788000000000        134.282955815817     
   11.3888500000000        135.477267504888     
   11.3989000000000        136.949842135769     
   11.4089500000000        138.225289641605     
   11.4189900000000        138.711043757806     
   11.4290400000000        138.493472862148     
   11.4390700000000        138.187853542215     
   11.4491100000000        138.574379898538     
   11.4591400000000        140.121663017626     
   11.4691700000000        142.805431287873     
   11.4792000000000        146.030422559707     
   11.4892200000000        148.850291583620     
   11.4992400000000        150.993202648412     
   11.5092500000000        152.741261834195     
   11.5192700000000        154.309997864130     
   11.5292800000000        155.556479550166     
   11.5392800000000        156.538201492732     
   11.5492900000000        157.624340946703     
   11.5592900000000        158.904449114908     
   11.5692800000000        160.125283375329     
   11.5792800000000        161.235741210313     
   11.5892700000000        162.243387964662     
   11.5992600000000        162.715599203386     
   11.6092400000000        162.460833116132     
   11.6192200000000        161.801458730759     
   11.6292000000000        161.445701882484     
   11.6391700000000        161.955246271291     
   11.6491500000000        163.239771465138     
   11.6591200000000        164.986359993593     
   11.6690800000000        166.978605608986     
   11.6790400000000        169.028102727633     
   11.6890000000000        171.067910000418     
   11.6989600000000        173.134651721233     
   11.7089100000000        175.381177114454     
   11.7188600000000        177.697507807301     
   11.7288100000000        179.772606907462     
   11.7387500000000        181.503433760867     
   11.7486900000000        182.734999278070     
   11.7586300000000        183.536794636733     
   11.7685600000000        184.183564347980     
   11.7784900000000        184.681448927155     
   11.7884200000000        184.929250977305     
   11.7983400000000        185.001868341614     
   11.8082600000000        185.112281326783     
   11.8181800000000        184.986230732375     
   11.8281000000000        183.985685137749     
   11.8380100000000        181.970197725899     
   11.8479200000000        179.305444528261     
   11.8578200000000        176.791857886264     
   11.8677200000000        175.064832769589     
   11.8776200000000        174.058036187137     
   11.8875200000000        173.570209780922     
   11.8974100000000        173.344677208194     
   11.9073000000000        172.832563201434     
   11.9171900000000        171.807755168939     
   11.9270700000000        170.768301285779     
   11.9369500000000        170.285827167429     
   11.9468300000000        170.145596343988     
   11.9567000000000        169.466500824283     
   11.9665700000000        167.981906060748     
   11.9764400000000        166.372708803868     
   11.9863000000000        165.580677317934     
   11.9961600000000        166.112750696058     
   12.0060200000000        167.785090084221     
   12.0158700000000        170.264592101947     
   12.0257300000000        173.365274740721     
   12.0355700000000        176.953172084312     
   12.0454200000000        180.822710773862     
   12.0552600000000        184.637151264567     
   12.0651000000000        188.487217868306     
   12.0749400000000        192.414717139373     
   12.0847700000000        195.761392922210     
   12.0946000000000        198.256594340507     
   12.1044200000000        200.318315321289     
   12.1142500000000        202.339747423542     
   12.1240700000000        204.697864879136     
   12.1338800000000        207.230598510413     
   12.1437000000000        209.002108335039     
   12.1535100000000        209.777601486609     
   12.1633100000000        210.432255735146     
   12.1731200000000        211.672284735231     
   12.1829200000000        213.558543899577     
   12.1927200000000        216.220879897647     
   12.2025100000000        219.816211384798     
   12.2123000000000        223.822815440957     
   12.2220900000000        227.714496164460     
   12.2318700000000        231.684951379009     
   12.2416600000000        236.121908591211     
   12.2514300000000        240.792950553380     
   12.2612100000000        245.128962093505     
   12.2709800000000        248.677547295438     
   12.2807500000000        251.170774206039     
   12.2905200000000        252.842894734773     
   12.3002800000000        254.726023499785     
   12.3100400000000        257.570466593188     
   12.3198000000000        260.997882231403     
   12.3295500000000        263.716558753745     
   12.3393000000000        264.936490480445     
   12.3490500000000        265.134922910492     
   12.3587900000000        265.094955021079     
   12.3685300000000        265.186557671803     
   12.3782700000000        265.463857521894     
   12.3880000000000        265.795473046935     
   12.3977300000000        265.805950109804     
   12.4074600000000        265.317428228099     
   12.4171800000000        264.557413935912     
   12.4269100000000        264.212117756825     
   12.4366200000000        265.045141734620     
   12.4463400000000        266.852287865160     
   12.4560500000000        268.476297875964     
   12.4657600000000        268.791948039907     
   12.4754700000000        267.644734460284     
   12.4851700000000        265.858408349456     
   12.4948700000000        264.182844054428     
   12.5045600000000        262.691376221214     
   12.5142600000000        261.055499411535     
   12.5239500000000        259.290220615325     
   12.5336300000000        258.009530508020     
   12.5433200000000        257.726299959791     
   12.5530000000000        258.604561783893     
   12.5626800000000        260.486226982352     
   12.5723500000000        262.750966341417     
   12.5820200000000        264.979301868525     
   12.5916900000000        267.504806323349     
   12.6013500000000        270.771316964555     
   12.6110100000000        274.613831128640     
   12.6206700000000        278.515721263832     
   12.6303300000000        282.352652067014     
   12.6399800000000        286.400471334638     
   12.6496300000000        290.617319139223     
   12.6592700000000        294.622915543945     
   12.6689200000000        298.108043763784     
   12.6785500000000        301.083303576348     
   12.6881900000000        304.208473251518     
   12.6978200000000        308.390836731154     
   12.7074500000000        313.778537259870     
   12.7170800000000        319.589727059868     
   12.7267000000000        325.300903440764     
   12.7363200000000        331.047694172214     
   12.7459400000000        336.738666062443     
   12.7555500000000        341.916417442584     
   12.7651600000000        346.280455335259     
   12.7747700000000        349.853720106988     
   12.7843800000000        353.127012490198     
   12.7939800000000        356.736964263139     
   12.8035800000000        360.690807211704     
   12.8131700000000        364.428076279560     
   12.8227600000000        367.530837020151     
   12.8323500000000        370.161195216758     
   12.8419400000000        372.894410867247     
   12.8515200000000        375.974570468132     
   12.8611000000000        379.201167315575     
   12.8706700000000        382.502609437439     
   12.8802500000000        386.072868283048     
   12.8898100000000        390.006342827773     
   12.8993800000000        394.329584360049     
   12.9089400000000        399.242597215631     
   12.9185000000000        404.828629762245     
   12.9280600000000        410.567438559657     
   12.9376100000000        415.486474548261     
   12.9471700000000        418.760081783690     
   12.9567100000000        420.276007024407     
   12.9662600000000        420.576035669598     
   12.9758000000000        420.327369373833     
   12.9853400000000        420.190827616821     
   12.9948700000000        420.768886478957     
   13.0044000000000        422.328161896174     
   13.0139300000000        424.797345749209     
   13.0234600000000        427.876586202706     
   13.0329800000000        431.020716087297     
   13.0425000000000        433.592701151397     
   13.0520100000000        435.108766924203     
   13.0615200000000        435.638462049178     
   13.0710300000000        435.936857352832     
   13.0805400000000        436.803010011118     
   13.0900400000000        438.245040768492     
   13.0995400000000        439.580448718893     
   13.1090400000000        440.455721841383     
   13.1185300000000        441.282515740972     
   13.1280200000000        442.300446066801     
   13.1375100000000        442.949971422526     
   13.1469900000000        442.446978469972     
   13.1564700000000        440.343996111836     
   13.1659500000000        436.896112246443     
   13.1754300000000        433.200992494606     
   13.1849000000000        430.590433632849     
   13.1943700000000        429.772575751804     
   13.2038300000000        430.550007762645     
   13.2132900000000        432.036997200657     
   13.2227500000000        433.221427812009     
   13.2322100000000        433.422999314001     
   13.2416600000000        432.210651087649     
   13.2511100000000        429.583914246572     
   13.2605500000000        426.226951504711     
   13.2700000000000        423.174054926880     
   13.2794400000000        421.461216580572     
   13.2888700000000        421.767691421308     
   13.2983100000000        424.027412246927     
   13.3077400000000        427.401085564991     
   13.3171600000000        430.963408997678     
   13.3265900000000        434.265674264541     
   13.3360100000000        437.097415874305     
   13.3454300000000        439.104382719318     
   13.3548400000000        439.808669316554     
   13.3642500000000        439.038288349155     
   13.3736600000000        437.090499509137     
   13.3830600000000        434.307187944421     
   13.3924700000000        430.839365811757     
   13.4018600000000        426.996648012154     
   13.4112600000000        423.363572660394     
   13.4206500000000        420.506907654442     
   13.4300400000000        418.680191444547     
   13.4394300000000        417.976021192584     
   13.4488100000000        418.381818661880     
   13.4581900000000        419.609183376283     
   13.4675600000000        420.968548443378     
   13.4769400000000        421.744311369964     
   13.4863100000000        421.955842805819     
   13.4956700000000        422.429752727117     
   13.5050400000000        424.090119374078     
   13.5144000000000        427.245619454829     
   13.5237600000000        431.228138001272     
   13.5331100000000        434.654447480809     
   13.5424600000000        436.511662470251     
   13.5518100000000        437.062060028411     
   13.5611500000000        437.476170707883     
   13.5704900000000        438.763491741404     
   13.5798300000000        441.069399219858     
   13.5891700000000        443.711459412375     
   13.5985000000000        445.829722530138     
   13.6078300000000        447.061801150847     
   13.6171500000000        447.589647272200     
   13.6264800000000        447.761570228356     
   13.6358000000000        447.890827724079     
   13.6451100000000        448.195435362737     
   13.6544200000000        448.693283261646     
   13.6637300000000        449.391856776895     
   13.6730400000000        450.567578847116     
   13.6823400000000        452.633893040951     
   13.6916400000000        455.813741260799     
   13.7009400000000        459.838875399182     
   13.7102400000000        463.913583078873     
   13.7195300000000        467.279252210392     
   13.7288100000000        469.747003567096     
   13.7381000000000        471.384771526979     
   13.7473800000000        471.949277860547     
   13.7566600000000        470.970264133365     
   13.7659300000000        468.300664930080     
   13.7752000000000        464.420131893380     
   13.7844700000000        460.168263275446     
   13.7937400000000        456.086979482756     
   13.8030000000000        452.096669179024     
   13.8122600000000        447.934280007483     
   13.8215200000000        443.583338816645     
   13.8307700000000        439.188902544605     
   13.8400200000000        434.931091184870     
   13.8492600000000        430.977072950726     
   13.8585100000000        427.382034662049     
   13.8677500000000        424.051124124321     
   13.8769800000000        420.680747515738     
   13.8862200000000        416.983341346809     
   13.8954500000000        413.056997379622     
   13.9046800000000        409.393999611461     
   13.9139000000000        406.577802661130     
   13.9231200000000        404.823812496976     
   13.9323400000000        403.791012497008     
   13.9415500000000        402.828570505305     
   13.9507700000000        401.461764140075     
   13.9599700000000        399.698774486374     
   13.9691800000000        397.811651997553     
   13.9783800000000        395.874804203597     
   13.9875800000000        393.591496110810     
   13.9967800000000        390.703434329598     
   14.0059700000000        387.378897560990     
   14.0151600000000        384.079660805522     
   14.0243400000000        381.170432572879     
   14.0335300000000        378.681496016695     
   14.0427100000000        376.451677684651     
   14.0518800000000        374.281452375177     
   14.0610600000000        371.879820012067     
   14.0702300000000        368.834956149247     
   14.0794000000000        364.822363353750     
   14.0885600000000        359.846743231897     
   14.0977200000000        354.256259167802     
   14.1068800000000        348.669862117203     
   14.1160300000000        343.654554826090     
   14.1251800000000        339.326228176885     
   14.1343300000000        335.444799691427     
   14.1434800000000        331.812848158680     
   14.1526200000000        328.491597612204     
   14.1617600000000        325.677691622560     
   14.1708900000000        323.507101527787     
   14.1800300000000        321.906919353611     
   14.1891500000000        320.598286971170     
   14.1982800000000        319.171119131220     
   14.2074000000000        317.245592589594     
   14.2165200000000        314.587703146903     
   14.2256400000000        311.190524174860     
   14.2347500000000        307.258213671856     
   14.2438600000000        303.079213241477     
   14.2529700000000        298.977466920737     
   14.2620700000000        295.326249985021     
   14.2711800000000        292.478058306776     
   14.2802700000000        290.667273606493     
   14.2893700000000        289.914894321488     
   14.2984600000000        290.067946324670     
   14.3075500000000        290.807290326487     
   14.3166300000000        291.726400114943     
   14.3257100000000        292.461097127854     
   14.3347900000000        292.730872854304     
   14.3438700000000        292.332914832122     
   14.3529400000000        291.238477685044     
   14.3620100000000        289.679557759613     
   14.3710700000000        287.985077203130     
   14.3801400000000        286.322607471895     
   14.3892000000000        284.705104334847     
   14.3982500000000        283.102201347406     
   14.4073100000000        281.480116577657     
   14.4163600000000        279.842364735123     
   14.4254000000000        278.303603762703     
   14.4344500000000        277.093663760799     
   14.4434900000000        276.442660236595     
   14.4525200000000        276.430877633480     
   14.4615600000000        276.908438806664     
   14.4705900000000        277.534711786337     
   14.4796200000000        277.956370239382     
   14.4886400000000        277.927710627267     
   14.4976600000000        277.318122765151     
   14.5066800000000        276.105729589231     
   14.5157000000000        274.356679453456     
   14.5247100000000        272.174113251778     
   14.5337200000000        269.669338136784     
   14.5427200000000        266.966518291528     
   14.5517300000000        264.162576141111     
   14.5607300000000        261.388396995900     
   14.5697200000000        258.868819327347     
   14.5787100000000        256.869084632293     
   14.5877000000000        255.511596358067     
   14.5966900000000        254.659550227817     
   14.6056700000000        254.038083456435     
   14.6146600000000        253.486861178508     
   14.6236300000000        253.084325201032     
   14.6326100000000        253.005170153185     
   14.6415800000000        253.285521088613     
   14.6505400000000        253.720876392960     
   14.6595100000000        253.990861164344     
   14.6684700000000        253.834671801372     
   14.6774300000000        253.141865516307     
   14.6863800000000        251.994201052027     
   14.6953400000000        250.663688782982     
   14.7042800000000        249.503148904478     
   14.7132300000000        248.743333494109     
   14.7221700000000        248.417348904188     
   14.7311100000000        248.408751662983     
   14.7400500000000        248.532201245509     
   14.7489800000000        248.537729959415     
   14.7579100000000        248.131361443924     
   14.7668400000000        247.092782400075     
   14.7757600000000        245.395527411872     
   14.7846800000000        243.179454292009     
   14.7936000000000        240.646565668156     
   14.8025100000000        238.006094114914     
   14.8114200000000        235.447626037908     
   14.8203300000000        233.086141683478     
   14.8292300000000        230.903860177279     
   14.8381300000000        228.807561262156     
   14.8470300000000        226.773086305771     
   14.8559300000000        224.889602179400     
   14.8648200000000        223.263372499174     
   14.8737100000000        221.887364802609     
   14.8825900000000        220.644826633884     
   14.8914700000000        219.407464431544     
   14.9003500000000        218.106530956853     
   14.9092300000000        216.710333835666     
   14.9181000000000        215.205757576096     
   14.9269700000000        213.606718448882     
   14.9358400000000        211.966119539716     
   14.9447000000000        210.358698958507     
   14.9535600000000        208.833755711559     
   14.9624200000000        207.392860430260     
   14.9712700000000        206.012296169551     
   14.9801200000000        204.683325461532     
   14.9889700000000        203.446511774108     
   14.9978100000000        202.389942749107     
   15.0066500000000        201.592792242477     
   15.0154900000000        201.050811766958     
   15.0243300000000        200.645522271633     
   15.0331600000000        200.196449793961     
   15.0419900000000        199.567155732420     
   15.0508100000000        198.764589974842     
   15.0596300000000        197.924423045724     
   15.0684500000000        197.193889662693     
   15.0772700000000        196.640348237011     
   15.0860800000000        196.261273143841     
   15.0948900000000        196.027487218235     
   15.1037000000000        195.903681385839     
   15.1125000000000        195.854082221580     
   15.1213000000000        195.859826012515     
   15.1301000000000        195.930364790335     
   15.1388900000000        196.081935648901     
   15.1476800000000        196.306868728025     
   15.1564700000000        196.571209907232     
   15.1652500000000        196.836965789292     
   15.1740300000000        197.093473077749     
   15.1828100000000        197.384299840374     
   15.1915800000000        197.807784161409     
   15.2003500000000        198.482648636302     
   15.2091200000000        199.492672131609     
   15.2178900000000        200.834086618693     
   15.2266500000000        202.384638974338     
   15.2354100000000        203.939569630559     
   15.2441600000000        205.307865544958     
   15.2529200000000        206.430027498386     
   15.2616700000000        207.398916629890     
   15.2704100000000        208.410123194778     
   15.2791500000000        209.671922847758     
   15.2878900000000        211.338521104605     
   15.2966300000000        213.477911722489     
   15.3053600000000        216.048879220150     
   15.3140900000000        218.902989989329     
   15.3228200000000        221.819297223130     
   15.3315400000000        224.603320581135     
   15.3402600000000        227.192171194084     
   15.3489800000000        229.651405028166     
   15.3577000000000        232.086556801835     
   15.3664100000000        234.533858366109     
   15.3751200000000        236.918658346253     
   15.3838200000000        239.050594861754     
   15.3925200000000        240.687966067828     
   15.4012200000000        241.617868552499     
   15.4099200000000        241.734792989729     
   15.4186100000000        241.058484007363     
   15.4273000000000        239.693138295184     
   15.4359800000000        237.787837488566     
   15.4446700000000        235.522970384370     
   15.4533400000000        233.134868690711     
   15.4620200000000        230.843194718217     
   15.4706900000000        228.799544080565     
   15.4793600000000        227.041183597543     
   15.4880300000000        225.562520875638     
   15.4966900000000        224.375575300843     
   15.5053500000000        223.493346132989     
   15.5140100000000        222.867927868165     
   15.5226700000000        222.347043091741     
   15.5313200000000        221.724432243610     
   15.5399600000000        220.850175764695     
   15.5486100000000        219.689010954250     
   15.5572500000000        218.287916935913     
   15.5658900000000        216.692906612785     
   15.5745200000000        214.930242667642     
   15.5831600000000        213.028798199749     
   15.5917900000000        211.072783370535     
   15.6004100000000        209.182216640175     
   15.6090300000000        207.463996407717     
   15.6176500000000        205.974797042739     
   15.6262700000000        204.723270622609     
   15.6348800000000        203.693196061954     
   15.6434900000000        202.834152843723     
   15.6521000000000        202.039703696814     
   15.6607000000000        201.145097292229     
   15.6693000000000        199.970918616574     
   15.6779000000000        198.398213110497     
   15.6864900000000        196.422635833012     
   15.6950800000000        194.148885648732     
   15.7036700000000        191.751936342152     
   15.7122600000000        189.415226045537     
   15.7208400000000        187.287539421237     
   15.7294100000000        185.456929563336     
   15.7379900000000        183.948759798954     
   15.7465600000000        182.746285787730     
   15.7551300000000        181.797743385693     
   15.7637000000000        181.051654288368     
   15.7722600000000        180.474338022442     
   15.7808200000000        180.039920438497     
   15.7893700000000        179.701287230912     
   15.7979300000000        179.355592696420     
   15.8064700000000        178.850016615527     
   15.8150200000000        178.026742499058     
   15.8235600000000        176.796549294720     
   15.8321000000000        175.174675232381     
   15.8406400000000        173.283738218826     
   15.8491800000000        171.307267120603     
   15.8577100000000        169.421849710196     
   15.8662300000000        167.747926464308     
   15.8747600000000        166.354995459021     
   15.8832800000000        165.294691305184     
   15.8918000000000        164.593111252481     
   15.9003100000000        164.249273152566     
   15.9088200000000        164.229496666022     
   15.9173300000000        164.479276524417     
   15.9258400000000        164.939380458498     
   15.9343400000000        165.556551504202     
   15.9428400000000        166.277307065165     
   15.9513300000000        167.026579676881     
   15.9598300000000        167.712903318428     
   15.9683100000000        168.253118153340     
   15.9768000000000        168.616268115185     
   15.9852800000000        168.827677978546     
   15.9937600000000        168.954745483761     
   16.0022400000000        169.069060979714     
   16.0107100000000        169.213932012788     
   16.0191800000000        169.391576594698     
   16.0276500000000        169.571591457831     
   16.0361200000000        169.711838952414     
   16.0445800000000        169.772170587410     
   16.0530300000000        169.711714160064     
   16.0614900000000        169.482511766091     
   16.0699400000000        169.039681196678     
   16.0783900000000        168.354384924194     
   16.0868300000000        167.417097325759     
   16.0952800000000        166.221852843921     
   16.1037100000000        164.768960622366     
   16.1121500000000        163.051244850270     
   16.1205800000000        161.080885274015     
   16.1290100000000        158.878836272224     
   16.1374400000000        156.475186796158     
   16.1458600000000        153.898905796423     
   16.1542800000000        151.167690055842     
   16.1627000000000        148.308404075081     
   16.1711100000000        145.368965164747     
   16.1795200000000        142.407243941383     
   16.1879300000000        139.493264985789     
   16.1963300000000        136.701550851976     
   16.2047300000000        134.094484135200     
   16.2131300000000        131.723868367386     
   16.2215200000000        129.618235281199     
   16.2299100000000        127.766856499045     
   16.2383000000000        126.129715200838     
   16.2466900000000        124.645600830015     
   16.2550700000000        123.248040495105     
   16.2634500000000        121.875135644843     
   16.2718200000000        120.492259465891     
   16.2802000000000        119.094857704164     
   16.2885600000000        117.715147746298     
   16.2969300000000        116.376914473179     
   16.3052900000000        115.085543669135     
   16.3136500000000        113.809251630012     
   16.3220100000000        112.505288352801     
   16.3303600000000        111.148509646164     
   16.3387100000000        109.743222859863     
   16.3470600000000        108.323369490851     
   16.3554000000000        106.934743538217     
   16.3637400000000        105.612925430823     
   16.3720800000000        104.376713894402     
   16.3804200000000        103.215851629306     
   16.3887500000000        102.087511625873     
   16.3970700000000        100.926617612456     
   16.4054000000000        99.6721239820953     
   16.4137200000000        98.2977563374523     
   16.4220400000000        96.8057458339261     
   16.4303500000000        95.2305585212804     
   16.4386700000000        93.6288487712535     
   16.4469700000000        92.0908076893320     
   16.4552800000000        90.7013786608182     
   16.4635800000000        89.5301805251142     
   16.4718800000000        88.5922667846227     
   16.4801800000000        87.8544743858616     
   16.4884700000000        87.2615492717589     
   16.4967600000000        86.7694725060862     
   16.5050500000000        86.3656204277673     
   16.5133300000000        86.0607553731808     
   16.5216100000000        85.8687745138344     
   16.5298900000000        85.7924505544630     
   16.5381600000000        85.8157853159466     
   16.5464300000000        85.9055783263262     
   16.5547000000000        86.0190428058186     
   16.5629700000000        86.1111657088693     
   16.5712300000000        86.1378924296722     
   16.5794900000000        86.0579805579376     
   16.5877400000000        85.8385151229931     
   16.5959900000000        85.4631607985454     
   16.6042400000000        84.9370060649350     
   16.6124900000000        84.2814884136497     
   16.6207300000000        83.5248644935655     
   16.6289700000000        82.6917687328537     
   16.6372000000000        81.8036572985192     
   16.6454400000000        80.8719271155035     
   16.6536700000000        79.9057593215644     
   16.6618900000000        78.9103458073174     
   16.6701200000000        77.8945763992348     
   16.6783400000000        76.8852600654686     
   16.6865500000000        75.9211579109944     
   16.6947700000000        75.0475844240466     
   16.7029800000000        74.3118744433766     
   16.7111900000000        73.7438018869491     
   16.7193900000000        73.3519327150965     
   16.7275900000000        73.1170994682442     
   16.7357900000000        72.9953602842280     
   16.7439800000000        72.9241251099766     
   16.7521800000000        72.8347000462917     
   16.7603600000000        72.6698680870062     
   16.7685500000000        72.3987875079623     
   16.7767300000000        72.0300703697283     
   16.7849100000000        71.6092298759246     
   16.7930900000000        71.2054053881796     
   16.8012600000000        70.8874756118823     
   16.8094300000000        70.6995743256740     
   16.8175900000000        70.6499080023402     
   16.8257600000000        70.7105141156933     
   16.8339200000000        70.8262894093944     
   16.8420700000000        70.9270759200904     
   16.8502300000000        70.9425776769527     
   16.8583800000000        70.8202120833570     
   16.8665300000000        70.5425735541129     
   16.8746700000000        70.1333821734640     
   16.8828100000000        69.6447138158795     
   16.8909500000000        69.1349091435239     
   16.8990800000000        68.6441699890503     
   16.9072100000000        68.1761027058323     
   16.9153400000000        67.6980011034620     
   16.9234700000000        67.1551798029276     
   16.9315900000000        66.4964409092178     
   16.9397100000000        65.6924345574233     
   16.9478200000000        64.7456771753433     
   16.9559400000000        63.6790022790787     
   16.9640500000000        62.5334401788276     
   16.9721500000000        61.3525788734567     
   16.9802600000000        60.1766757550738     
   16.9883600000000        59.0474450949260     
   16.9964500000000        57.9955279557782     
   17.0045500000000        57.0387635251712     
   17.0126400000000        56.1881453458671     
   17.0207200000000        55.4400850649293     
   17.0288100000000        54.7806598226179     
   17.0368900000000        54.1972581554538     
   17.0449700000000        53.6796830323197     
   17.0530400000000        53.2261519597936     
   17.0611100000000        52.8357097533580     
   17.0691800000000        52.5012819102057     
