   7.15970000000000       0.388525542173331     
   7.17100000000000       0.407921380993922     
   7.18231000000000       0.439783519429107     
   7.19360000000000       0.438727509097994     
   7.20490000000000       0.447359415536680     
   7.21619000000000       0.447164306493458     
   7.22748000000000       0.427875012409170     
   7.23877000000000       0.434625030367428     
   7.25005000000000       0.437921209190399     
   7.26133000000000       0.462464358748422     
   7.27261000000000       0.466800462621221     
   7.28388000000000       0.458070075779878     
   7.29515000000000       0.515314109487601     
   7.30642000000000       0.595176751170018     
   7.31768000000000       0.664896032752542     
   7.32894000000000       0.720941150424352     
   7.34020000000000       0.746766274473069     
   7.35146000000000       0.706906205533766     
   7.36271000000000       0.621842002261042     
   7.37396000000000       0.616741422987871     
   7.38520000000000       0.665143693304491     
   7.39644000000000       0.650694076441692     
   7.40768000000000       0.657060489704993     
   7.41892000000000       0.690877776820710     
   7.43015000000000       0.761075802052245     
   7.44138000000000       0.886939703058648     
   7.45261000000000        1.04692294115777     
   7.46383000000000        1.05155738757575     
   7.47505000000000       0.981412761929717     
   7.48626000000000       0.995208978019888     
   7.49748000000000        1.14330651311435     
   7.50869000000000        1.27859387116146     
   7.51990000000000        1.38627570087214     
   7.53110000000000        1.46043833229250     
   7.54230000000000        1.43290817873929     
   7.55350000000000        1.40943034590279     
   7.56469000000000        1.49138613433150     
   7.57588000000000        1.67206654607273     
   7.58707000000000        1.92439200699183     
   7.59826000000000        2.04803528829909     
   7.60944000000000        2.10457494749989     
   7.62062000000000        2.16072519357828     
   7.63179000000000        2.24222052307825     
   7.64296000000000        2.33464475559564     
   7.65413000000000        2.38746489875328     
   7.66530000000000        2.07315626779692     
   7.67646000000000        1.76404625689312     
   7.68762000000000        1.69933094970253     
   7.69878000000000        1.79866995350105     
   7.70993000000000        2.06575830990576     
   7.72108000000000        2.35745991955061     
   7.73223000000000        2.59304566981449     
   7.74337000000000        2.62081720769817     
   7.75451000000000        2.78343069428956     
   7.76565000000000        3.04359202661496     
   7.77678000000000        3.21590430208443     
   7.78791000000000        3.21045568095439     
   7.79904000000000        3.18026851100481     
   7.81017000000000        3.26153608949016     
   7.82129000000000        3.42688467867884     
   7.83241000000000        3.65269901930369     
   7.84352000000000        3.80947219389085     
   7.85463000000000        3.83531259820952     
   7.86574000000000        3.50830891585727     
   7.87685000000000        3.09741577480909     
   7.88795000000000        2.89166113832762     
   7.89905000000000        2.95700071979731     
   7.91015000000000        3.15837284603572     
   7.92124000000000        3.28161627160593     
   7.93233000000000        3.39970256939935     
   7.94342000000000        3.49169650234026     
   7.95450000000000        3.54064290555778     
   7.96558000000000        3.66153285662467     
   7.97666000000000        3.83894233680038     
   7.98773000000000        3.88463901636672     
   7.99880000000000        3.67858575263825     
   8.00987000000000        3.37285042686291     
   8.02093000000000        3.29063030870141     
   8.03200000000000        3.37416415293030     
   8.04305000000000        3.64365053719463     
   8.05411000000000        3.89625964717889     
   8.06516000000000        4.09928892559454     
   8.07621000000000        4.26777803048801     
   8.08726000000000        4.26273498064741     
   8.09830000000000        4.26076469709714     
   8.10934000000000        4.37265070532658     
   8.12037000000000        4.62872780358276     
   8.13141000000000        4.84450655789559     
   8.14244000000000        4.92614733982640     
   8.15346000000000        4.96674327506987     
   8.16449000000000        4.94016816593991     
   8.17551000000000        4.84364795447744     
   8.18652000000000        4.73613727684505     
   8.19754000000000        4.63864915014616     
   8.20855000000000        4.31916602659376     
   8.21955000000000        3.72092685584804     
   8.23056000000000        3.13383939331321     
   8.24156000000000        2.87305374401060     
   8.25256000000000        2.88748387039989     
   8.26355000000000        3.02037914491267     
   8.27454000000000        3.21069638166273     
   8.28553000000000        3.37071317462138     
   8.29652000000000        3.43534840421503     
   8.30750000000000        3.54794624137552     
   8.31848000000000        3.72364863229262     
   8.32946000000000        3.95570137765091     
   8.34043000000000        4.16055695896781     
   8.35140000000000        4.26790782012086     
   8.36236000000000        4.21935328068093     
   8.37333000000000        3.99044316719435     
   8.38429000000000        3.86876862935469     
   8.39524000000000        3.97864911805395     
   8.40620000000000        4.26030073761045     
   8.41715000000000        4.56154799894108     
   8.42810000000000        4.90130630151814     
   8.43904000000000        5.11618337374852     
   8.44998000000000        4.98215640060372     
   8.46092000000000        4.56779242406045     
   8.47185000000000        4.35595219834568     
   8.48278000000000        4.45806503041906     
   8.49371000000000        4.75134784399077     
   8.50464000000000        5.10532355551715     
   8.51556000000000        5.37098004057570     
   8.52648000000000        5.43325891349161     
   8.53739000000000        5.16899499452501     
   8.54831000000000        5.01449107303936     
   8.55922000000000        5.05243262336245     
   8.57012000000000        5.22484419198692     
   8.58103000000000        5.45937146305220     
   8.59193000000000        5.75344135841652     
   8.60282000000000        5.83011876594525     
   8.61372000000000        5.47128824901893     
   8.62461000000000        4.90837721393900     
   8.63549000000000        4.54147052798772     
   8.64638000000000        4.53564558947912     
   8.65726000000000        4.79454224812152     
   8.66814000000000        5.28777220628946     
   8.67901000000000        5.81609502465426     
   8.68988000000000        6.07023007500435     
   8.70075000000000        6.02372900875538     
   8.71161000000000        5.98107063626327     
   8.72248000000000        6.10596862994397     
   8.73333000000000        6.36198075122086     
   8.74419000000000        6.66781359308481     
   8.75504000000000        6.80616175170238     
   8.76589000000000        6.68128036837482     
   8.77674000000000        6.31551497090350     
   8.78758000000000        5.95337827524834     
   8.79842000000000        5.64981313048534     
   8.80926000000000        5.46252790322693     
   8.82009000000000        5.41378483808731     
   8.83092000000000        5.46602565238247     
   8.84175000000000        5.53928331007943     
   8.85257000000000        5.48314532356300     
   8.86339000000000        5.16516939614474     
   8.87421000000000        4.65143263226760     
   8.88502000000000        4.21785583803755     
   8.89583000000000        3.98729094968368     
   8.90664000000000        3.86543739802642     
   8.91745000000000        3.76982406535105     
   8.92825000000000        3.80879159148341     
   8.93905000000000        3.91475911958836     
   8.94984000000000        3.96977741305946     
   8.96063000000000        3.96407989775674     
   8.97142000000000        3.96040723004911     
   8.98221000000000        4.03230639612288     
   8.99299000000000        4.17676314435210     
   9.00377000000000        4.30602161621024     
   9.01455000000000        4.37516430204375     
   9.02532000000000        4.42869433478553     
   9.03609000000000        4.38545750295518     
   9.04686000000000        4.15735164906503     
   9.05762000000000        3.76532991391603     
   9.06838000000000        3.38915539920400     
   9.07914000000000        3.12692116669669     
   9.08989000000000        3.02829891271188     
   9.10064000000000        3.14588130825651     
   9.11139000000000        3.47328403969022     
   9.12214000000000        3.83418685414058     
   9.13288000000000        4.02072022432001     
   9.14362000000000        4.06933903252448     
   9.15435000000000        4.36387996874424     
   9.16508000000000        4.71170051038730     
   9.17581000000000        4.86318751423641     
   9.18654000000000        4.86537786743492     
   9.19726000000000        4.72974435589253     
   9.20798000000000        4.75795255580287     
   9.21870000000000        5.07402663084136     
   9.22941000000000        5.55355285750077     
   9.24012000000000        5.79499440644431     
   9.25082000000000        5.71990005115456     
   9.26153000000000        5.65033550733234     
   9.27223000000000        5.66022731541080     
   9.28293000000000        5.74798545403718     
   9.29362000000000        5.76018895142872     
   9.30431000000000        5.86320863795324     
   9.31500000000000        5.99580831965904     
   9.32568000000000        5.89444802941809     
   9.33636000000000        5.79261703283810     
   9.34704000000000        5.72213127883344     
   9.35772000000000        5.60928933803333     
   9.36839000000000        5.38770210910685     
   9.37906000000000        5.22259807320404     
   9.38972000000000        5.36503822407690     
   9.40038000000000        5.68186392551866     
   9.41104000000000        6.09093945978386     
   9.42170000000000        6.54024360003206     
   9.43235000000000        6.96642950696283     
   9.44300000000000        7.49670392695984     
   9.45365000000000        8.05450956780506     
   9.46429000000000        8.66444676928501     
   9.47493000000000        9.09807133067741     
   9.48557000000000        9.09038918788479     
   9.49620000000000        8.95603906841176     
   9.50683000000000        9.04100076215072     
   9.51746000000000        9.42749726232005     
   9.52808000000000        9.61314857541232     
   9.53871000000000        9.39195990874796     
   9.54932000000000        8.94593677585498     
   9.55994000000000        8.51791726577927     
   9.57055000000000        8.42735117194977     
   9.58116000000000        8.80849433098262     
   9.59176000000000        9.47980939086024     
   9.60237000000000        10.0236544456829     
   9.61296000000000        10.3536528534269     
   9.62356000000000        10.9237164364355     
   9.63415000000000        11.5555207969247     
   9.64474000000000        11.8951838372167     
   9.65533000000000        12.0507263215881     
   9.66591000000000        12.0144237089493     
   9.67649000000000        11.8501860495288     
   9.68707000000000        11.4937774562211     
   9.69764000000000        10.8128708742139     
   9.70821000000000        10.4895592050210     
   9.71878000000000        10.6933963145282     
   9.72934000000000        11.2296268810864     
   9.73990000000000        11.9312086965516     
   9.75046000000000        12.5364097480258     
   9.76102000000000        13.3228028999209     
   9.77157000000000        14.3290172769714     
   9.78212000000000        15.2214316089549     
   9.79266000000000        16.0385114069774     
   9.80320000000000        16.6087169790680     
   9.81374000000000        16.8443790672773     
   9.82428000000000        17.1053906846509     
   9.83481000000000        17.3609406122597     
   9.84534000000000        17.6001356888602     
   9.85586000000000        17.8645615025897     
   9.86639000000000        17.6409562610846     
   9.87691000000000        16.9665605764346     
   9.88742000000000        16.1329913475754     
   9.89794000000000        15.2766906504016     
   9.90845000000000        14.6177308471900     
   9.91895000000000        14.0703398249976     
   9.92946000000000        13.3993301119319     
   9.93996000000000        12.9516774370151     
   9.95046000000000        13.0411426745531     
   9.96095000000000        13.6383505042765     
   9.97144000000000        14.3078988945936     
   9.98193000000000        14.7496045215757     
   9.99242000000000        15.0268993650946     
   10.0029000000000        15.2007285741200     
   10.0133800000000        15.1213163576327     
   10.0238500000000        14.8178066771015     
   10.0343200000000        14.4174650071230     
   10.0447900000000        14.0713040045441     
   10.0552600000000        13.9208685446548     
   10.0657200000000        13.8421893222866     
   10.0761800000000        13.7741200868202     
   10.0866400000000        13.9430541039818     
   10.0970900000000        14.3450391682189     
   10.1075400000000        14.9862848983944     
   10.1179900000000        15.8638530857784     
   10.1284300000000        16.7874143776186     
   10.1388700000000        17.6088968354426     
   10.1493100000000        18.1687348918455     
   10.1597400000000        18.5735796220256     
   10.1701700000000        19.1074202608040     
   10.1806000000000        19.7735742354770     
   10.1910300000000        20.1537926576665     
   10.2014500000000        20.1527543216938     
   10.2118700000000        19.7650342172408     
   10.2222800000000        19.1819693015265     
   10.2326900000000        18.6525320982585     
   10.2431000000000        18.3254214741750     
   10.2535100000000        18.0297168468901     
   10.2639100000000        17.7261606158571     
   10.2743100000000        17.4970852185815     
   10.2847100000000        17.3131309175071     
   10.2951000000000        17.1292760616711     
   10.3054900000000        16.9022939934921     
   10.3158800000000        16.6349037297768     
   10.3262600000000        16.3016964665336     
   10.3366400000000        15.9185152001545     
   10.3470200000000        15.6007619529230     
   10.3573900000000        15.4089096292667     
   10.3677600000000        15.2132180134475     
   10.3781300000000        14.8628185667684     
   10.3884900000000        14.3142191083202     
   10.3988600000000        13.5383829336104     
   10.4092100000000        12.7950599313599     
   10.4195700000000        12.2735455933495     
   10.4299200000000        11.9822248863723     
   10.4402700000000        11.8648487090849     
   10.4506100000000        11.9052682145171     
   10.4609600000000        12.0755861991830     
   10.4713000000000        12.4811289482149     
   10.4816300000000        13.1018994645448     
   10.4919600000000        13.7466256648883     
   10.5022900000000        14.2078712919167     
   10.5126200000000        14.4308895679477     
   10.5229400000000        14.6434543408434     
   10.5332600000000        14.9809632456281     
   10.5435800000000        15.4137164299904     
   10.5539000000000        15.8589540532209     
   10.5642100000000        16.0449620470928     
   10.5745100000000        15.7124577798717     
   10.5848200000000        14.9074752413334     
   10.5951200000000        13.8059987552389     
   10.6054200000000        12.5785579445303     
   10.6157100000000        11.4173604607201     
   10.6260000000000        10.3371212128380     
   10.6362900000000        9.20795140649146     
   10.6465800000000        8.01366045800819     
   10.6568600000000        6.93528339279533     
   10.6671400000000        6.17856520875226     
   10.6774100000000        5.75971915615127     
   10.6876900000000        5.56891992879799     
   10.6979600000000        5.54292374449878     
   10.7082200000000        5.64098492388557     
   10.7184900000000        5.88011831611084     
   10.7287500000000        6.21879281703249     
   10.7390000000000        6.54008019152228     
   10.7492600000000        6.79071847897717     
   10.7595100000000        6.95096456640926     
   10.7697500000000        7.01682461202860     
   10.7800000000000        7.07909446080434     
   10.7902400000000        7.25449445145899     
   10.8004800000000        7.46869766598168     
   10.8107100000000        7.54359181391030     
   10.8209400000000        7.44011896962296     
   10.8311700000000        7.13567208923117     
   10.8414000000000        6.67172712808281     
   10.8516200000000        6.25117796396450     
   10.8618400000000        5.95688842526716     
   10.8720500000000        5.75036028213516     
   10.8822700000000        5.59028436820629     
   10.8924800000000        5.46567585770619     
   10.9026800000000        5.41434465138875     
   10.9128800000000        5.44004848575263     
   10.9230800000000        5.54154546826040     
   10.9332800000000        5.67197841267539     
   10.9434700000000        5.73651614704775     
   10.9536600000000        5.66404095413530     
   10.9638500000000        5.49209788034076     
   10.9740400000000        5.30155470269074     
   10.9842200000000        5.13207637112750     
   10.9943900000000        4.97168274984557     
   11.0045700000000        4.77681770587484     
   11.0147400000000        4.53390874906995     
   11.0249100000000        4.29721336224472     
   11.0350700000000        4.10518374861864     
   11.0452300000000        3.92753696932706     
   11.0553900000000        3.72064663107126     
   11.0655500000000        3.48702015063912     
   11.0757000000000        3.26396283332931     
   11.0858500000000        3.08838264937642     
   11.0960000000000        2.97726695822904     
   11.1061400000000        2.92893936079231     
   11.1162800000000        2.92523190344747     
   11.1264200000000        2.98205035448068     
   11.1365500000000        3.13859386269311     
   11.1466800000000        3.39523184729358     
   11.1568100000000        3.68535302632591     
   11.1669300000000        3.91637138505980     
   11.1770500000000        4.03991404036134     
   11.1871700000000        4.09822601767741     
   11.1972800000000        4.16079363172595     
   11.2073900000000        4.25635346905606     
   11.2175000000000        4.42400302802695     
   11.2276100000000        4.67111070254950     
   11.2377100000000        4.93457590891080     
   11.2478100000000        5.16387154500180     
   11.2579000000000        5.36615244940183     
   11.2679900000000        5.55671043205802     
   11.2780800000000        5.74334928838542     
   11.2881700000000        5.97385053385082     
   11.2982500000000        6.24613882789857     
   11.3083300000000        6.51027004532393     
   11.3184100000000        6.70829868420704     
   11.3284800000000        6.78702353022370     
   11.3385500000000        6.81981106259746     
   11.3486200000000        6.93422865659577     
   11.3586800000000        7.16340777458460     
   11.3687400000000        7.43354164650856     
   11.3788000000000        7.58891150726226     
   11.3888500000000        7.51847057652847     
   11.3989000000000        7.30006709582766     
   11.4089500000000        7.06031311291013     
   11.4189900000000        6.80894422065451     
   11.4290400000000        6.49228212246896     
   11.4390700000000        6.11718253151073     
   11.4491100000000        5.78502126407600     
   11.4591400000000        5.57959328293406     
   11.4691700000000        5.49214801905275     
   11.4792000000000        5.47262089844970     
   11.4892200000000        5.50258912125213     
   11.4992400000000        5.57460789604940     
   11.5092500000000        5.65530796910079     
   11.5192700000000        5.78644756402985     
   11.5292800000000        6.01184433812468     
   11.5392800000000        6.29396228556630     
   11.5492900000000        6.62045017312188     
   11.5592900000000        7.03926236899874     
   11.5692800000000        7.57665310606954     
   11.5792800000000        8.21896632795580     
   11.5892700000000        8.92847525262065     
   11.5992600000000        9.64652828788909     
   11.6092400000000        10.2797399853098     
   11.6192200000000        10.7483561585192     
   11.6292000000000        11.0981586977680     
   11.6391700000000        11.4643016475431     
   11.6491500000000        11.9703266886536     
   11.6591200000000        12.6663481786681     
   11.6690800000000        13.4009540730728     
   11.6790400000000        13.9386969443608     
   11.6890000000000        14.2609235195272     
   11.6989600000000        14.5044520307697     
   11.7089100000000        14.7623093003412     
   11.7188600000000        15.0636082597098     
   11.7288100000000        15.4119879035435     
   11.7387500000000        15.8197559721036     
   11.7486900000000        16.3185721623016     
   11.7586300000000        16.9128496116981     
   11.7685600000000        17.5257728374974     
   11.7784900000000        18.0567733064804     
   11.7884200000000        18.4475572087873     
   11.7983400000000        18.6455740727201     
   11.8082600000000        18.6751342190034     
   11.8181800000000        18.5754839431266     
   11.8281000000000        18.3064098807399     
   11.8380100000000        17.9131373427052     
   11.8479200000000        17.5624943940285     
   11.8578200000000        17.3850859845691     
   11.8677200000000        17.3550555160933     
   11.8776200000000        17.3267640968996     
   11.8875200000000        17.1528191137103     
   11.8974100000000        16.8487445707871     
   11.9073000000000        16.5144381241286     
   11.9171900000000        16.1582028917597     
   11.9270700000000        15.7771854054856     
   11.9369500000000        15.4467064780667     
   11.9468300000000        15.2871184991501     
   11.9567000000000        15.3456924292234     
   11.9665700000000        15.5187386326089     
   11.9764400000000        15.6639873400556     
   11.9863000000000        15.7482763925288     
   11.9961600000000        15.8332854994071     
   12.0060200000000        15.9437172215995     
   12.0158700000000        16.1205502904483     
   12.0257300000000        16.4634004561801     
   12.0355700000000        16.9844648207850     
   12.0454200000000        17.6265523720274     
   12.0552600000000        18.3671199847217     
   12.0651000000000        19.2069485983427     
   12.0749400000000        20.1266017203987     
   12.0847700000000        21.0761013906284     
   12.0946000000000        21.9839106397683     
   12.1044200000000        22.7708975765346     
   12.1142500000000        23.4236663659986     
   12.1240700000000        23.9821819584246     
   12.1338800000000        24.4876934468776     
   12.1437000000000        24.9132185696150     
   12.1535100000000        25.1396421030800     
   12.1633100000000        25.0785980012128     
   12.1731200000000        24.7890078992535     
   12.1829200000000        24.4127415543379     
   12.1927200000000        24.0559416438348     
   12.2025100000000        23.8186367093155     
   12.2123000000000        23.7053118125392     
   12.2220900000000        23.5595748154438     
   12.2318700000000        23.2652587037771     
   12.2416600000000        22.8412913148812     
   12.2514300000000        22.3144791258711     
   12.2612100000000        21.6995142697074     
   12.2709800000000        21.0283272399736     
   12.2807500000000        20.2812671949748     
   12.2905200000000        19.4549737452316     
   12.3002800000000        18.6183331341166     
   12.3100400000000        17.8301831002982     
   12.3198000000000        17.0773400181490     
   12.3295500000000        16.3116274519221     
   12.3393000000000        15.5682365702127     
   12.3490500000000        14.9811680755708     
   12.3587900000000        14.6229758692991     
   12.3685300000000        14.4163326509243     
   12.3782700000000        14.2306754606203     
   12.3880000000000        14.0435243944673     
   12.3977300000000        13.9510526273985     
   12.4074600000000        14.0004632743497     
   12.4171800000000        14.1109448958259     
   12.4269100000000        14.1822501734544     
   12.4366200000000        14.1822855183263     
   12.4463400000000        14.1338443366804     
   12.4560500000000        14.0884200483381     
   12.4657600000000        14.1036952806143     
   12.4754700000000        14.2162182267814     
   12.4851700000000        14.4236845805269     
   12.4948700000000        14.6918665640482     
   12.5045600000000        14.9604710673530     
   12.5142600000000        15.1705311549250     
   12.5239500000000        15.3336054931735     
   12.5336300000000        15.5098347950988     
   12.5433200000000        15.7282719454996     
   12.5530000000000        15.9797970042676     
   12.5626800000000        16.2340362802932     
   12.5723500000000        16.4165011538748     
   12.5820200000000        16.4756915497024     
   12.5916900000000        16.4536277845360     
   12.6013500000000        16.3864072954257     
   12.6110100000000        16.2608592448446     
   12.6206700000000        16.1090517330858     
   12.6303300000000        15.9868061943324     
   12.6399800000000        15.8849163070624     
   12.6496300000000        15.7440712007433     
   12.6592700000000        15.5419763263598     
   12.6689200000000        15.3187811736921     
   12.6785500000000        15.1281867079399     
   12.6881900000000        14.9785619108623     
   12.6978200000000        14.8435733141988     
   12.7074500000000        14.7214742717298     
   12.7170800000000        14.6672476498540     
   12.7267000000000        14.7468276017033     
   12.7363200000000        14.9612844452840     
   12.7459400000000        15.2087849619703     
   12.7555500000000        15.3629953606593     
   12.7651600000000        15.3975642988684     
   12.7747700000000        15.3660988054281     
   12.7843800000000        15.3081809321547     
   12.7939800000000        15.2296313484150     
   12.8035800000000        15.1260885205806     
   12.8131700000000        15.0097658431241     
   12.8227600000000        14.9108466848756     
   12.8323500000000        14.8585569006264     
   12.8419400000000        14.8706145522601     
   12.8515200000000        14.9693581701953     
   12.8611000000000        15.1760074543477     
   12.8706700000000        15.4672904363811     
   12.8802500000000        15.7781949274706     
   12.8898100000000        16.0413468655398     
   12.8993800000000        16.2221762804224     
   12.9089400000000        16.3317744462412     
   12.9185000000000        16.4004461486092     
   12.9280600000000        16.4383960142664     
   12.9376100000000        16.4474450130161     
   12.9471700000000        16.4376050881603     
   12.9567100000000        16.4123995879573     
   12.9662600000000        16.3647617618588     
   12.9758000000000        16.3030859976375     
   12.9853400000000        16.2669853826851     
   12.9948700000000        16.3078323669084     
   13.0044000000000        16.4514772623321     
   13.0139300000000        16.6832384921320     
   13.0234600000000        16.9459104862320     
   13.0329800000000        17.1473241425586     
   13.0425000000000        17.2145889148426     
   13.0520100000000        17.1570366362982     
   13.0615200000000        17.0533817322440     
   13.0710300000000        16.9823684988101     
   13.0805400000000        16.9783500921643     
   13.0900400000000        17.0219451751450     
   13.0995400000000        17.0651789097192     
   13.1090400000000        17.1015775487283     
   13.1185300000000        17.1784900676929     
   13.1280200000000        17.3019491753982     
   13.1375100000000        17.3989968597169     
   13.1469900000000        17.3933496870158     
   13.1564700000000        17.2658256637738     
   13.1659500000000        17.0517817574240     
   13.1754300000000        16.8221677294084     
   13.1849000000000        16.6480754959086     
   13.1943700000000        16.5594025931805     
   13.2038300000000        16.5325853854415     
   13.2132900000000        16.5163756257908     
   13.2227500000000        16.4694045027834     
   13.2322100000000        16.3706294167960     
   13.2416600000000        16.2165435763371     
   13.2511100000000        16.0305978024535     
   13.2605500000000        15.8569624896123     
   13.2700000000000        15.7353473880311     
   13.2794400000000        15.6948837487672     
   13.2888700000000        15.7524766626043     
   13.2983100000000        15.8985505652223     
   13.3077400000000        16.0995659511209     
   13.3171600000000        16.3144582202735     
   13.3265900000000        16.4885987209965     
   13.3360100000000        16.5737493328406     
   13.3454300000000        16.5699529509969     
   13.3548400000000        16.5147563164713     
   13.3642500000000        16.4418848812924     
   13.3736600000000        16.3516537170804     
   13.3830600000000        16.2203270573923     
   13.3924700000000        16.0405697826028     
   13.4018600000000        15.8308116244783     
   13.4112600000000        15.6110526448377     
   13.4206500000000        15.4012821905927     
   13.4300400000000        15.2228309720304     
   13.4394300000000        15.0829066981021     
   13.4488100000000        14.9722893297663     
   13.4581900000000        14.8919667339715     
   13.4675600000000        14.8613456219329     
   13.4769400000000        14.8969105347444     
   13.4863100000000        15.0048654872169     
   13.4956700000000        15.1900113415299     
   13.5050400000000        15.4578278635143     
   13.5144000000000        15.7986338188014     
   13.5237600000000        16.1810792000106     
   13.5331100000000        16.5646220023388     
   13.5424600000000        16.9198107055855     
   13.5518100000000        17.2410021636100     
   13.5611500000000        17.5435078692858     
   13.5704900000000        17.8483432508015     
   13.5798300000000        18.1675462343061     
   13.5891700000000        18.4920957147654     
   13.5985000000000        18.7946459001995     
   13.6078300000000        19.0519870200669     
   13.6171500000000        19.2546828249820     
   13.6264800000000        19.3970742445135     
   13.6358000000000        19.4706791589458     
   13.6451100000000        19.4809534350942     
   13.6544200000000        19.4596156204591     
   13.6637300000000        19.4566691600159     
   13.6730400000000        19.5094993510144     
   13.6823400000000        19.6231936617442     
   13.6916400000000        19.7833185969750     
   13.7009400000000        19.9663368191580     
   13.7102400000000        20.1469827363371     
   13.7195300000000        20.3219794430493     
   13.7288100000000        20.5144004669166     
   13.7381000000000        20.7357694801563     
   13.7473800000000        20.9621425741890     
   13.7566600000000        21.1498226219905     
   13.7659300000000        21.2496716610698     
   13.7752000000000        21.2333007710883     
   13.7844700000000        21.1165903635978     
   13.7937400000000        20.9361483286366     
   13.8030000000000        20.7155585261641     
   13.8122600000000        20.4715549931745     
   13.8215200000000        20.2231748307071     
   13.8307700000000        19.9779036509454     
   13.8400200000000        19.7352042123010     
   13.8492600000000        19.5086952562732     
   13.8585100000000        19.3226311994142     
   13.8677500000000        19.1899242720445     
   13.8769800000000        19.0959635407102     
   13.8862200000000        19.0157918146203     
   13.8954500000000        18.9386660409834     
   13.9046800000000        18.8699320428648     
   13.9139000000000        18.8232219547912     
   13.9231200000000        18.8040780062331     
   13.9323400000000        18.7964375046072     
   13.9415500000000        18.7712922726839     
   13.9507700000000        18.7121802206294     
   13.9599700000000        18.6340098999765     
   13.9691800000000        18.5666965272012     
   13.9783800000000        18.5172246505341     
   13.9875800000000        18.4620787143260     
   13.9967800000000        18.3810033560160     
   14.0059700000000        18.2722937001342     
   14.0151600000000        18.1433116968672     
   14.0243400000000        18.0153536297848     
   14.0335300000000        17.9179707659662     
   14.0427100000000        17.8603611722792     
   14.0518800000000        17.8231290977293     
   14.0610600000000        17.7850612613445     
   14.0702300000000        17.7377548688780     
   14.0794000000000        17.6693514418047     
   14.0885600000000        17.5535403017209     
   14.0977200000000        17.3679326341196     
   14.1068800000000        17.1165067383923     
   14.1160300000000        16.8247146744725     
   14.1251800000000        16.5216406929554     
   14.1343300000000        16.2371272984791     
   14.1434800000000        16.0000761226945     
   14.1526200000000        15.8272632787973     
   14.1617600000000        15.7166383879316     
   14.1708900000000        15.6590176357987     
   14.1800300000000        15.6454341559367     
   14.1891500000000        15.6580433431880     
   14.1982800000000        15.6656154630308     
   14.2074000000000        15.6377273560146     
   14.2165200000000        15.5645765188988     
   14.2256400000000        15.4651889334388     
   14.2347500000000        15.3743720199208     
   14.2438600000000        15.3186356218450     
   14.2529700000000        15.3075178046644     
   14.2620700000000        15.3473932643759     
   14.2711800000000        15.4565147582083     
   14.2802700000000        15.6527487975621     
   14.2893700000000        15.9310237882972     
   14.2984600000000        16.2591631012027     
   14.3075500000000        16.5989272880440     
   14.3166300000000        16.9225549859993     
   14.3257100000000        17.2218081193997     
   14.3347900000000        17.5004605228168     
   14.3438700000000        17.7578504299950     
   14.3529400000000        17.9851035813725     
   14.3620100000000        18.1803736846740     
   14.3710700000000        18.3480002505981     
   14.3801400000000        18.4921770424317     
   14.3892000000000        18.6288978697702     
   14.3982500000000        18.7910412032035     
   14.4073100000000        19.0000143576134     
   14.4163600000000        19.2427529677731     
   14.4254000000000        19.4857070982014     
   14.4344500000000        19.6997477970474     
   14.4434900000000        19.8716978270890     
   14.4525200000000        20.0044554994710     
   14.4615600000000        20.1072196834960     
   14.4705900000000        20.1851009909549     
   14.4796200000000        20.2300386879358     
   14.4886400000000        20.2219420709787     
   14.4976600000000        20.1539470397279     
   14.5066800000000        20.0510797093128     
   14.5157000000000        19.9554983636712     
   14.5247100000000        19.9005584595510     
   14.5337200000000        19.8996347907708     
   14.5427200000000        19.9464707513013     
   14.5517300000000        20.0130026528351     
   14.5607300000000        20.0532725053328     
   14.5697200000000        20.0334656570040     
   14.5787100000000        19.9624895389501     
   14.5877000000000        19.8828396371381     
   14.5966900000000        19.8346876223594     
   14.6056700000000        19.8375884235008     
   14.6146600000000        19.9015245148926     
   14.6236300000000        20.0389845548082     
   14.6326100000000        20.2559908709298     
   14.6415800000000        20.5327432397873     
   14.6505400000000        20.8280155826619     
   14.6595100000000        21.1046456703811     
   14.6684700000000        21.3516230283735     
   14.6774300000000        21.5901550389192     
   14.6863800000000        21.8526961683856     
   14.6953400000000        22.1581084029122     
   14.7042800000000        22.5001636263612     
   14.7132300000000        22.8643362264291     
   14.7221700000000        23.2381997553951     
   14.7311100000000        23.6129549593666     
   14.7400500000000        23.9679758666525     
   14.7489800000000        24.2648450672823     
   14.7579100000000        24.4667093625201     
   14.7668400000000        24.5684058537344     
   14.7757600000000        24.6043597671628     
   14.7846800000000        24.6164483631628     
   14.7936000000000        24.6187701938531     
   14.8025100000000        24.6028597556953     
   14.8114200000000        24.5694651756295     
   14.8203300000000        24.5391706086151     
   14.8292300000000        24.5374995573169     
   14.8381300000000        24.5877074105926     
   14.8470300000000        24.7114273408205     
   14.8559300000000        24.9170783449374     
   14.8648200000000        25.1853291625220     
   14.8737100000000        25.4724592147162     
   14.8825900000000        25.7288556552378     
   14.8914700000000        25.9192310335425     
   14.9003500000000        26.0214319343609     
   14.9092300000000        26.0176374532564     
   14.9181000000000        25.8990009354451     
   14.9269700000000        25.6770773947863     
   14.9358400000000        25.3836573529762     
   14.9447000000000        25.0575060913161     
   14.9535600000000        24.7288284286237     
   14.9624200000000        24.4177274821853     
   14.9712700000000        24.1419026167754     
   14.9801200000000        23.9200267116006     
   14.9889700000000        23.7687489608993     
   14.9978100000000        23.6974398206318     
   15.0066500000000        23.7041438747846     
   15.0154900000000        23.7725988360358     
   15.0243300000000        23.8768366057532     
   15.0331600000000        23.9968818278824     
   15.0419900000000        24.1345606451398     
   15.0508100000000        24.3153090586897     
   15.0596300000000        24.5753678695245     
   15.0684500000000        24.9418744763949     
   15.0772700000000        25.4237769123920     
   15.0860800000000        26.0129381422983     
   15.0948900000000        26.6827577621539     
   15.1037000000000        27.3793238330164     
   15.1125000000000        28.0323143920978     
   15.1213000000000        28.5895756403448     
   15.1301000000000        29.0405045532118     
   15.1388900000000        29.4112300975474     
   15.1476800000000        29.7383016993568     
   15.1564700000000        30.0464844844897     
   15.1652500000000        30.3469027639676     
   15.1740300000000        30.6446467536284     
   15.1828100000000        30.9413165812179     
   15.1915800000000        31.2348070054296     
   15.2003500000000        31.5223848763203     
   15.2091200000000        31.8058168336013     
   15.2178900000000        32.0945553165847     
   15.2266500000000        32.3974814323718     
   15.2354100000000        32.7141795675085     
   15.2441600000000        33.0382835709992     
   15.2529200000000        33.3738521788128     
   15.2616700000000        33.7365136382616     
   15.2704100000000        34.1444630985499     
   15.2791500000000        34.6086355256904     
   15.2878900000000        35.1320745400323     
   15.2966300000000        35.7115778325150     
   15.3053600000000        36.3300733903053     
   15.3140900000000        36.9501578516087     
   15.3228200000000        37.5188669766758     
   15.3315400000000        37.9929948104791     
   15.3402600000000        38.3647825182521     
   15.3489800000000        38.6616661204816     
   15.3577000000000        38.9282950343641     
   15.3664100000000        39.2064870280402     
   15.3751200000000        39.5212011612621     
   15.3838200000000        39.8632264194039     
   15.3925200000000        40.1839539241545     
   15.4012200000000        40.4119582829236     
   15.4099200000000        40.4875344427007     
   15.4186100000000        40.3886389119817     
   15.4273000000000        40.1319645390375     
   15.4359800000000        39.7576368983725     
   15.4446700000000        39.3144663530594     
   15.4533400000000        38.8590201201590     
   15.4620200000000        38.4414527787543     
   15.4706900000000        38.0943288621935     
   15.4793600000000        37.8209625925800     
   15.4880300000000        37.6089607977407     
   15.4966900000000        37.4461331001297     
   15.5053500000000        37.3235953176715     
   15.5140100000000        37.2267386919902     
   15.5226700000000        37.1242255330530     
   15.5313200000000        36.9735649676879     
   15.5399600000000        36.7464160837446     
   15.5486100000000        36.4498658320247     
   15.5572500000000        36.1224143294451     
   15.5658900000000        35.8064365879757     
   15.5745200000000        35.5334554684699     
   15.5831600000000        35.3248644857352     
   15.5917900000000        35.1996596243555     
   15.6004100000000        35.1665091932993     
   15.6090300000000        35.2124786119674     
   15.6176500000000        35.3040929765433     
   15.6262700000000        35.4054984693999     
   15.6348800000000        35.4952779138824     
   15.6434900000000        35.5656916599966     
   15.6521000000000        35.6086562297418     
   15.6607000000000        35.6069933914175     
   15.6693000000000        35.5399726880116     
   15.6779000000000        35.3974338098323     
   15.6864900000000        35.1902876596665     
   15.6950800000000        34.9494609158264     
   15.7036700000000        34.7187770969301     
   15.7122600000000        34.5437232945747     
   15.7208400000000        34.4587844023346     
   15.7294100000000        34.4759687583669     
   15.7379900000000        34.5823569538184     
   15.7465600000000        34.7473854780154     
   15.7551300000000        34.9384207015297     
   15.7637000000000        35.1337750390080     
   15.7722600000000        35.3273241841714     
   15.7808200000000        35.5238790830319     
   15.7893700000000        35.7284942443327     
   15.7979300000000        35.9409379014473     
   15.8064700000000        36.1544072374597     
   15.8150200000000        36.3634419720223     
   15.8235600000000        36.5628362021222     
   15.8321000000000        36.7474800370580     
   15.8406400000000        36.9133824570321     
   15.8491800000000        37.0625884478684     
   15.8577100000000        37.2017447435199     
   15.8662300000000        37.3378881445602     
   15.8747600000000        37.4788875366045     
   15.8832800000000        37.6356355844470     
   15.8918000000000        37.8228452426936     
   15.9003100000000        38.0537932539581     
   15.9088200000000        38.3362310851801     
   15.9173300000000        38.6695174116963     
   15.9258400000000        39.0484202660768     
   15.9343400000000        39.4698354268864     
   15.9428400000000        39.9374457862483     
   15.9513300000000        40.4559098289226     
   15.9598300000000        41.0292049988309     
   15.9683100000000        41.6564488101993     
   15.9768000000000        42.3447633106446     
   15.9852800000000        43.1050815604871     
   15.9937600000000        43.9564667160733     
   16.0022400000000        44.9151554624320     
   16.0107100000000        45.9836062025937     
   16.0191800000000        47.1451815337550     
   16.0276500000000        48.3566914658192     
   16.0361200000000        49.5550374046150     
   16.0445800000000        50.6701381062196     
   16.0530300000000        51.6424605595260     
   16.0614900000000        52.4320773890868     
   16.0699400000000        53.0162161775032     
   16.0783900000000        53.3938710753761     
   16.0868300000000        53.5714089432132     
   16.0952800000000        53.5504854402287     
   16.1037100000000        53.3214571555746     
   16.1121500000000        52.8708146793788     
   16.1205800000000        52.2005196205487     
   16.1290100000000        51.3358034379081     
   16.1374400000000        50.3222912389657     
   16.1458600000000        49.2121404137540     
   16.1542800000000        48.0483909767212     
   16.1627000000000        46.8667863261320     
   16.1711100000000        45.6995363329197     
   16.1795200000000        44.5737542247417     
   16.1879300000000        43.5158001454246     
   16.1963300000000        42.5495010925661     
   16.2047300000000        41.6906099303219     
   16.2131300000000        40.9483619637719     
   16.2215200000000        40.3220336510474     
   16.2299100000000        39.7959737355403     
   16.2383000000000        39.3422673144384     
   16.2466900000000        38.9241881887324     
   16.2550700000000        38.5037220485759     
   16.2634500000000        38.0472239763042     
   16.2718200000000        37.5337136632369     
   16.2802000000000        36.9559504880223     
   16.2885600000000        36.3241687545951     
   16.2969300000000        35.6501096000753     
   16.3052900000000        34.9463617756729     
   16.3136500000000        34.2185372992880     
   16.3220100000000        33.4736331082603     
   16.3303600000000        32.7252775412138     
   16.3387100000000        31.9911896408858     
   16.3470600000000        31.2919605311324     
   16.3554000000000        30.6461009684374     
   16.3637400000000        30.0637390500615     
   16.3720800000000        29.5458910183210     
   16.3804200000000        29.0811102827438     
   16.3887500000000        28.6468819282667     
   16.3970700000000        28.2160232595807     
   16.4054000000000        27.7684248749597     
   16.4137200000000        27.3034881820272     
   16.4220400000000        26.8361270170624     
   16.4303500000000        26.3906906724327     
   16.4386700000000        25.9881728147963     
   16.4469700000000        25.6441722578944     
   16.4552800000000        25.3623148183283     
   16.4635800000000        25.1394164404584     
   16.4718800000000        24.9635886256220     
   16.4801800000000        24.8194370173373     
   16.4884700000000        24.6945864599774     
   16.4967600000000        24.5840481376711     
   16.5050500000000        24.4885336000167     
   16.5133300000000        24.4078181560166     
   16.5216100000000        24.3372796764229     
   16.5298900000000        24.2713891868850     
   16.5381600000000        24.2084545841472     
   16.5464300000000        24.1514770572085     
   16.5547000000000        24.1054843348541     
   16.5629700000000        24.0735551083084     
   16.5712300000000        24.0544009541908     
   16.5794900000000        24.0421213609570     
   16.5877400000000        24.0279331154419     
   16.5959900000000        24.0022725099689     
   16.6042400000000        23.9561688052179     
   16.6124900000000        23.8812147306864     
   16.6207300000000        23.7694573046625     
   16.6289700000000        23.6138300451711     
   16.6372000000000        23.4102208255023     
   16.6454400000000        23.1575052970292     
   16.6536700000000        22.8601673327866     
   16.6618900000000        22.5273345853617     
   16.6701200000000        22.1722821616693     
   16.6783400000000        21.8139246305628     
   16.6865500000000        21.4721083503178     
   16.6947700000000        21.1647144964616     
   16.7029800000000        20.9068342201665     
   16.7111900000000        20.7059699817907     
   16.7193900000000        20.5639547184050     
   16.7275900000000        20.4782494546356     
   16.7357900000000        20.4450244564837     
   16.7439800000000        20.4592493769522     
   16.7521800000000        20.5130156828845     
   16.7603600000000        20.5935594230367     
   16.7685500000000        20.6858245246951     
   16.7767300000000        20.7775392306149     
   16.7849100000000        20.8669141696702     
   16.7930900000000        20.9646185227808     
   16.8012600000000        21.0887165909685     
   16.8094300000000        21.2548134808775     
   16.8175900000000        21.4655971340534     
   16.8257600000000        21.7073097651623     
   16.8339200000000        21.9494126284663     
   16.8420700000000        22.1529264388720     
   16.8502300000000        22.2801634675167     
   16.8583800000000        22.3043181930558     
   16.8665300000000        22.2181695971268     
   16.8746700000000        22.0338522743540     
   16.8828100000000        21.7756944444975     
   16.8909500000000        21.4712150404198     
   16.8990800000000        21.1436223871253     
   16.9072100000000        20.8057560896681     
   16.9153400000000        20.4596835329346     
   16.9234700000000        20.0986911377711     
   16.9315900000000        19.7139088819173     
   16.9397100000000        19.3001886636109     
   16.9478200000000        18.8628594596031     
   16.9559400000000        18.4159298105785     
   16.9640500000000        17.9832972403608     
   16.9721500000000        17.5909309575785     
   16.9802600000000        17.2621601603768     
   16.9883600000000        17.0157176001349     
   16.9964500000000        16.8596620813879     
   17.0045500000000        16.7912763400713     
   17.0126400000000        16.7986791530523     
   17.0207200000000        16.8626662324433     
   17.0288100000000        16.9615362516143     
   17.0368900000000        17.0744640885300     
   17.0449700000000        17.1851530595500     
   17.0530400000000        17.2819596423818     
   17.0611100000000        17.3572678519325     
   17.0691800000000        17.4054206205209     
