   7.15970000000000        252.127630403619     
   7.17100000000000        253.420138018702     
   7.18231000000000        254.634538447737     
   7.19360000000000        249.850723730710     
   7.20490000000000        243.658879092798     
   7.21619000000000        239.662939557903     
   7.22748000000000        235.303781865665     
   7.23877000000000        236.555798265712     
   7.25005000000000        236.022550270623     
   7.26133000000000        233.789916276478     
   7.27261000000000        227.217652336484     
   7.28388000000000        223.428875065268     
   7.29515000000000        221.792566032427     
   7.30642000000000        228.229147399362     
   7.31768000000000        232.806024237246     
   7.32894000000000        237.155094062065     
   7.34020000000000        243.517346842253     
   7.35146000000000        257.028363718400     
   7.36271000000000        268.190517996860     
   7.37396000000000        279.200755695101     
   7.38520000000000        277.611084521655     
   7.39644000000000        266.516866225297     
   7.40768000000000        260.661258466013     
   7.41892000000000        255.381328414619     
   7.43015000000000        251.143954102738     
   7.44138000000000        252.367408348274     
   7.45261000000000        245.691773238598     
   7.46383000000000        237.978514825624     
   7.47505000000000        235.554872194204     
   7.48626000000000        231.923192220604     
   7.49748000000000        236.927383771995     
   7.50869000000000        241.900492731761     
   7.51990000000000        239.971401358084     
   7.53110000000000        237.162069073189     
   7.54230000000000        241.989126260992     
   7.55350000000000        247.173015589680     
   7.56469000000000        248.147241478588     
   7.57588000000000        247.879396077431     
   7.58707000000000        245.960367054841     
   7.59826000000000        248.534107638389     
   7.60944000000000        252.964002957968     
   7.62062000000000        261.931989600923     
   7.63179000000000        271.696316662497     
   7.64296000000000        269.903858555768     
   7.65413000000000        260.363153218576     
   7.66530000000000        251.211362527862     
   7.67646000000000        244.931800339810     
   7.68762000000000        247.161410052256     
   7.69878000000000        248.621373354490     
   7.70993000000000        241.164395424105     
   7.72108000000000        230.663101484282     
   7.73223000000000        225.995354512655     
   7.74337000000000        225.982686739279     
   7.75451000000000        222.993474729502     
   7.76565000000000        219.369439948042     
   7.77678000000000        215.716740944375     
   7.78791000000000        213.581229075105     
   7.79904000000000        213.565019032070     
   7.81017000000000        215.807488303501     
   7.82129000000000        218.502090634420     
   7.83241000000000        222.607932084674     
   7.84352000000000        226.932877671115     
   7.85463000000000        226.460999591906     
   7.86574000000000        222.712748289373     
   7.87685000000000        216.022492881915     
   7.88795000000000        211.660057690075     
   7.89905000000000        211.514547792278     
   7.91015000000000        209.433903516485     
   7.92124000000000        197.451294287173     
   7.93233000000000        188.680910814050     
   7.94342000000000        184.221676068571     
   7.95450000000000        179.874997779214     
   7.96558000000000        172.866399396071     
   7.97666000000000        161.671794065875     
   7.98773000000000        150.030682260858     
   7.99880000000000        141.927262836859     
   8.00987000000000        133.705839707556     
   8.02093000000000        127.667180588369     
   8.03200000000000        130.041818907696     
   8.04305000000000        134.368238897141     
   8.05411000000000        134.559133774673     
   8.06516000000000        136.653014364600     
   8.07621000000000        142.677149141137     
   8.08726000000000        148.927242744935     
   8.09830000000000        153.217504742234     
   8.10934000000000        156.754372436019     
   8.12037000000000        158.321311955585     
   8.13141000000000        157.651312040943     
   8.14244000000000        153.126206296011     
   8.15346000000000        148.695666017073     
   8.16449000000000        144.442501396220     
   8.17551000000000        138.855257598919     
   8.18652000000000        128.144962600305     
   8.19754000000000        115.669671941196     
   8.20855000000000        106.476441002843     
   8.21955000000000        100.926716949579     
   8.23056000000000        99.2311716758943     
   8.24156000000000        101.149615111207     
   8.25256000000000        104.547279815886     
   8.26355000000000        106.471995223881     
   8.27454000000000        108.110504713447     
   8.28553000000000        111.110389032618     
   8.29652000000000        118.780871567025     
   8.30750000000000        131.829274465130     
   8.31848000000000        143.837759470416     
   8.32946000000000        153.346775942992     
   8.34043000000000        157.716878128404     
   8.35140000000000        161.129251833317     
   8.36236000000000        164.755054834001     
   8.37333000000000        170.174287392899     
   8.38429000000000        177.770627230020     
   8.39524000000000        187.126763085883     
   8.40620000000000        191.723837557141     
   8.41715000000000        193.306589041906     
   8.42810000000000        191.281963000111     
   8.43904000000000        190.915899955239     
   8.44998000000000        187.016883153902     
   8.46092000000000        180.205474421271     
   8.47185000000000        174.751109584014     
   8.48278000000000        172.590271276034     
   8.49371000000000        170.404193057672     
   8.50464000000000        167.563275524401     
   8.51556000000000        165.696724179352     
   8.52648000000000        165.882514956733     
   8.53739000000000        167.933748626156     
   8.54831000000000        170.146079417223     
   8.55922000000000        173.376194784051     
   8.57012000000000        180.974457473602     
   8.58103000000000        189.751369760177     
   8.59193000000000        197.333748346275     
   8.60282000000000        201.450730599497     
   8.61372000000000        205.510975321770     
   8.62461000000000        212.364098847724     
   8.63549000000000        218.667566693672     
   8.64638000000000        224.209416254451     
   8.65726000000000        229.893508845024     
   8.66814000000000        235.004679459320     
   8.67901000000000        240.513427087002     
   8.68988000000000        245.502661304060     
   8.70075000000000        248.057398307666     
   8.71161000000000        247.260483704134     
   8.72248000000000        246.847543637859     
   8.73333000000000        245.511584564020     
   8.74419000000000        240.816504723047     
   8.75504000000000        232.206448343481     
   8.76589000000000        223.722349534250     
   8.77674000000000        215.203300382378     
   8.78758000000000        207.294196017274     
   8.79842000000000        202.121156576432     
   8.80926000000000        199.850381734483     
   8.82009000000000        197.695987944855     
   8.83092000000000        193.421101543311     
   8.84175000000000        189.647430727820     
   8.85257000000000        183.733130803475     
   8.86339000000000        180.940904150496     
   8.87421000000000        180.317784782407     
   8.88502000000000        179.768803603409     
   8.89583000000000        180.771020709632     
   8.90664000000000        182.948926034660     
   8.91745000000000        184.987435294616     
   8.92825000000000        184.773194663423     
   8.93905000000000        183.550063734702     
   8.94984000000000        183.410392982173     
   8.96063000000000        184.998440896062     
   8.97142000000000        187.407393778175     
   8.98221000000000        188.957601730632     
   8.99299000000000        188.337259620227     
   9.00377000000000        186.338718842163     
   9.01455000000000        184.269439825044     
   9.02532000000000        181.198813949406     
   9.03609000000000        177.641870706440     
   9.04686000000000        179.696149851085     
   9.05762000000000        186.922201626790     
   9.06838000000000        195.929072095589     
   9.07914000000000        203.880348059168     
   9.08989000000000        205.284562482195     
   9.10064000000000        199.764959701856     
   9.11139000000000        193.717977352539     
   9.12214000000000        187.836770726297     
   9.13288000000000        181.595582412099     
   9.14362000000000        176.374159606865     
   9.15435000000000        169.277226529628     
   9.16508000000000        159.975737990128     
   9.17581000000000        153.931589477456     
   9.18654000000000        153.920479609899     
   9.19726000000000        152.854764008382     
   9.20798000000000        146.905228247126     
   9.21870000000000        140.772050675134     
   9.22941000000000        136.208091577899     
   9.24012000000000        133.064305129122     
   9.25082000000000        130.290420729398     
   9.26153000000000        129.052836256005     
   9.27223000000000        129.257617541534     
   9.28293000000000        131.476334013846     
   9.29362000000000        135.410115237034     
   9.30431000000000        138.371462299372     
   9.31500000000000        135.774227731320     
   9.32568000000000        132.632391735141     
   9.33636000000000        136.656963484657     
   9.34704000000000        146.460060346751     
   9.35772000000000        156.400141091606     
   9.36839000000000        162.622252103951     
   9.37906000000000        164.198571856301     
   9.38972000000000        164.836456461324     
   9.40038000000000        166.971877749719     
   9.41104000000000        170.550642295273     
   9.42170000000000        172.251574829380     
   9.43235000000000        172.114043767488     
   9.44300000000000        173.057949613266     
   9.45365000000000        176.795105339682     
   9.46429000000000        179.372353415605     
   9.47493000000000        180.076337505143     
   9.48557000000000        182.532608756489     
   9.49620000000000        182.784946241599     
   9.50683000000000        181.577655582518     
   9.51746000000000        178.227172507860     
   9.52808000000000        177.791136352179     
   9.53871000000000        183.014543119774     
   9.54932000000000        190.146464726722     
   9.55994000000000        199.565587843225     
   9.57055000000000        204.851391533942     
   9.58116000000000        203.787691317285     
   9.59176000000000        201.239749555015     
   9.60237000000000        201.213145865880     
   9.61296000000000        202.299236233455     
   9.62356000000000        207.300361364234     
   9.63415000000000        213.722673502852     
   9.64474000000000        216.180915970214     
   9.65533000000000        215.167506184276     
   9.66591000000000        215.590140538766     
   9.67649000000000        218.974933869867     
   9.68707000000000        223.131254956623     
   9.69764000000000        227.161686225034     
   9.70821000000000        232.930641604266     
   9.71878000000000        246.225464664318     
   9.72934000000000        264.840908404967     
   9.73990000000000        278.686431853464     
   9.75046000000000        284.359971741177     
   9.76102000000000        285.999742155798     
   9.77157000000000        289.039197257361     
   9.78212000000000        292.067996788759     
   9.79266000000000        291.689181504950     
   9.80320000000000        289.892726121617     
   9.81374000000000        287.020580301093     
   9.82428000000000        285.072603800153     
   9.83481000000000        286.767317659608     
   9.84534000000000        289.351262504257     
   9.85586000000000        292.351876213422     
   9.86639000000000        294.011853044373     
   9.87691000000000        285.280359245355     
   9.88742000000000        275.083205804897     
   9.89794000000000        277.130847574585     
   9.90845000000000        283.745250710416     
   9.91895000000000        285.283226129410     
   9.92946000000000        283.532146321725     
   9.93996000000000        278.266704548049     
   9.95046000000000        270.815595250142     
   9.96095000000000        263.451801009590     
   9.97144000000000        256.649918536399     
   9.98193000000000        250.182227218081     
   9.99242000000000        247.981136616087     
   10.0029000000000        251.499126559113     
   10.0133800000000        255.942029824441     
   10.0238500000000        258.435030386383     
   10.0343200000000        256.201830270191     
   10.0447900000000        251.831316596934     
   10.0552600000000        249.544127455340     
   10.0657200000000        248.968051443962     
   10.0761800000000        249.045654553711     
   10.0866400000000        250.393326050215     
   10.0970900000000        253.540256340984     
   10.1075400000000        257.536430564033     
   10.1179900000000        259.779683707767     
   10.1284300000000        260.461047955797     
   10.1388700000000        265.461436294993     
   10.1493100000000        273.491116198255     
   10.1597400000000        273.859404810511     
   10.1701700000000        270.448514270113     
   10.1806000000000        271.823636139653     
   10.1910300000000        273.684111905938     
   10.2014500000000        273.753092988304     
   10.2118700000000        278.412607795423     
   10.2222800000000        286.957289230578     
   10.2326900000000        292.322033622249     
   10.2431000000000        292.996503702073     
   10.2535100000000        290.891824286738     
   10.2639100000000        288.001941968585     
   10.2743100000000        285.927520372428     
   10.2847100000000        289.286692068510     
   10.2951000000000        298.427582701960     
   10.3054900000000        304.790764801920     
   10.3158800000000        305.735534335133     
   10.3262600000000        306.411837538957     
   10.3366400000000        304.632385436341     
   10.3470200000000        300.400000180684     
   10.3573900000000        299.869238395365     
   10.3677600000000        303.467125473056     
   10.3781300000000        305.205893326280     
   10.3884900000000        302.308049636301     
   10.3988600000000        297.142988353589     
   10.4092100000000        291.717657394868     
   10.4195700000000        288.512132260725     
   10.4299200000000        287.633618509921     
   10.4402700000000        287.489184916167     
   10.4506100000000        286.604606309473     
   10.4609600000000        284.177175907347     
   10.4713000000000        280.934386818416     
   10.4816300000000        278.917192173547     
   10.4919600000000        280.316545558390     
   10.5022900000000        284.334708705939     
   10.5126200000000        288.120922550600     
   10.5229400000000        290.556237522407     
   10.5332600000000        289.363953390405     
   10.5435800000000        285.728498899548     
   10.5539000000000        281.669589046108     
   10.5642100000000        277.153901108897     
   10.5745100000000        273.345765821719     
   10.5848200000000        271.343842250379     
   10.5951200000000        269.850518513897     
   10.6054200000000        269.567885739969     
   10.6157100000000        270.575432642143     
   10.6260000000000        272.279880913770     
   10.6362900000000        277.742978362801     
   10.6465800000000        284.342785489714     
   10.6568600000000        288.584263514927     
   10.6671400000000        291.505292998256     
   10.6774100000000        294.459194692379     
   10.6876900000000        298.556798713415     
   10.6979600000000        304.287755525693     
   10.7082200000000        311.838754838647     
   10.7184900000000        322.501164849535     
   10.7287500000000        334.233786340012     
   10.7390000000000        344.001013165417     
   10.7492600000000        351.956709614652     
   10.7595100000000        358.816107162373     
   10.7697500000000        366.432973069700     
   10.7800000000000        377.066966303100     
   10.7902400000000        386.552239790480     
   10.8004800000000        392.584435170688     
   10.8107100000000        397.563041085510     
   10.8209400000000        401.750041638939     
   10.8311700000000        404.943991368115     
   10.8414000000000        410.902048775266     
   10.8516200000000        422.620207928436     
   10.8618400000000        438.046969782099     
   10.8720500000000        450.701326519429     
   10.8822700000000        459.566182695373     
   10.8924800000000        466.927589352094     
   10.9026800000000        475.127790235794     
   10.9128800000000        486.436384742252     
   10.9230800000000        501.175562375908     
   10.9332800000000        516.492469211113     
   10.9434700000000        529.248898349119     
   10.9536600000000        538.850067384281     
   10.9638500000000        543.752657630057     
   10.9740400000000        539.397770426391     
   10.9842200000000        529.676408568298     
   10.9943900000000        522.551774259757     
   11.0045700000000        520.285579159597     
   11.0147400000000        522.856696676150     
   11.0249100000000        529.424850017647     
   11.0350700000000        536.284616485439     
   11.0452300000000        540.727617375456     
   11.0553900000000        544.125494880673     
   11.0655500000000        548.513279085354     
   11.0757000000000        555.239648207404     
   11.0858500000000        564.134465536869     
   11.0960000000000        573.196361769707     
   11.1061400000000        578.845656903349     
   11.1162800000000        579.177833042472     
   11.1264200000000        577.110220060364     
   11.1365500000000        578.194696098188     
   11.1466800000000        582.442157052700     
   11.1568100000000        585.698089645478     
   11.1669300000000        588.458726500440     
   11.1770500000000        592.380951994900     
   11.1871700000000        594.915045498554     
   11.1972800000000        595.372741625307     
   11.2073900000000        595.581780310690     
   11.2175000000000        593.904863517498     
   11.2276100000000        593.007433547782     
   11.2377100000000        598.511816056127     
   11.2478100000000        612.025627077559     
   11.2579000000000        628.802138848138     
   11.2679900000000        641.002502626911     
   11.2780800000000        646.489711321030     
   11.2881700000000        649.054053043797     
   11.2982500000000        651.499494019136     
   11.3083300000000        656.751153049308     
   11.3184100000000        665.905058793449     
   11.3284800000000        675.170350587984     
   11.3385500000000        682.074023018236     
   11.3486200000000        687.924969080464     
   11.3586800000000        694.689280742708     
   11.3687400000000        703.427501132855     
   11.3788000000000        712.087769490074     
   11.3888500000000        719.066524898447     
   11.3989000000000        724.900433482187     
   11.4089500000000        729.198382094205     
   11.4189900000000        731.634628832221     
   11.4290400000000        734.064542204984     
   11.4390700000000        737.815430653465     
   11.4491100000000        742.032722778477     
   11.4591400000000        747.955997579331     
   11.4691700000000        757.190371002593     
   11.4792000000000        767.750825447101     
   11.4892200000000        776.207604632773     
   11.4992400000000        782.157105490190     
   11.5092500000000        786.198092100993     
   11.5192700000000        788.448538464120     
   11.5292800000000        790.335017947552     
   11.5392800000000        793.520529424048     
   11.5492900000000        797.922465593666     
   11.5592900000000        801.996881950748     
   11.5692800000000        804.495478838871     
   11.5792800000000        807.386823538081     
   11.5892700000000        812.203993261659     
   11.5992600000000        816.339484730052     
   11.6092400000000        818.447963450591     
   11.6192200000000        819.681929310021     
   11.6292000000000        821.111770379029     
   11.6391700000000        823.170844853035     
   11.6491500000000        825.311344294743     
   11.6591200000000        828.548881492808     
   11.6690800000000        833.915625971781     
   11.6790400000000        839.727253338000     
   11.6890000000000        843.573873312152     
   11.6989600000000        844.986502488908     
   11.7089100000000        846.192596909435     
   11.7188600000000        848.304776544664     
   11.7288100000000        849.312350852162     
   11.7387500000000        848.037495988546     
   11.7486900000000        844.758141249906     
   11.7586300000000        838.429779741738     
   11.7685600000000        828.888641664358     
   11.7784900000000        817.226181267586     
   11.7884200000000        802.989023984061     
   11.7983400000000        789.839785434289     
   11.8082600000000        783.696075012714     
   11.8181800000000        784.328882195667     
   11.8281000000000        786.743268004985     
   11.8380100000000        785.612039244673     
   11.8479200000000        778.961468351141     
   11.8578200000000        769.116607146273     
   11.8677200000000        759.229382337827     
   11.8776200000000        750.567483240485     
   11.8875200000000        743.053995726948     
   11.8974100000000        737.029652063927     
   11.9073000000000        732.306507228133     
   11.9171900000000        727.785276617534     
   11.9270700000000        722.730283728743     
   11.9369500000000        718.082299269776     
   11.9468300000000        714.452537078811     
   11.9567000000000        709.386255382246     
   11.9665700000000        700.372623476967     
   11.9764400000000        687.283279372566     
   11.9863000000000        672.308922200017     
   11.9961600000000        659.795794655476     
   12.0060200000000        653.137912935487     
   12.0158700000000        652.090177660167     
   12.0257300000000        654.810587325884     
   12.0355700000000        660.844325336413     
   12.0454200000000        670.111715292596     
   12.0552600000000        681.532915865309     
   12.0651000000000        694.444120443205     
   12.0749400000000        708.275806474494     
   12.0847700000000        720.604007730252     
   12.0946000000000        729.742162091359     
   12.1044200000000        735.674655037891     
   12.1142500000000        738.453927730542     
   12.1240700000000        740.169124027145     
   12.1338800000000        743.750395887900     
   12.1437000000000        750.572285926842     
   12.1535100000000        760.914722943451     
   12.1633100000000        773.005944377456     
   12.1731200000000        784.658913437194     
   12.1829200000000        795.620021259225     
   12.1927200000000        806.028810758794     
   12.2025100000000        816.491457399160     
   12.2123000000000        826.611397091059     
   12.2220900000000        834.268628747048     
   12.2318700000000        839.820956811873     
   12.2416600000000        845.613521433215     
   12.2514300000000        851.340593317295     
   12.2612100000000        855.633692035164     
   12.2709800000000        859.554282118754     
   12.2807500000000        864.687073247630     
   12.2905200000000        870.208026671461     
   12.3002800000000        875.915068238436     
   12.3100400000000        882.903083304919     
   12.3198000000000        889.422882271724     
   12.3295500000000        891.051475581785     
   12.3393000000000        887.178806323645     
   12.3490500000000        882.266998840950     
   12.3587900000000        879.777557845476     
   12.3685300000000        879.556186212565     
   12.3782700000000        879.677003724851     
   12.3880000000000        879.659919151114     
   12.3977300000000        880.866077252388     
   12.4074600000000        883.707858428258     
   12.4171800000000        886.759989893139     
   12.4269100000000        888.395957840966     
   12.4366200000000        888.021403135879     
   12.4463400000000        885.187847987257     
   12.4560500000000        878.168445693618     
   12.4657600000000        865.181171549313     
   12.4754700000000        847.105474015751     
   12.4851700000000        828.415715732603     
   12.4948700000000        813.555693679990     
   12.5045600000000        804.597110620662     
   12.5142600000000        801.313904006113     
   12.5239500000000        801.835905363904     
   12.5336300000000        803.325451549089     
   12.5433200000000        803.261928612671     
   12.5530000000000        801.046061699339     
   12.5626800000000        797.725090846152     
   12.5723500000000        794.364051819511     
   12.5820200000000        791.860778102376     
   12.5916900000000        791.318611325382     
   12.6013500000000        792.916275207659     
   12.6110100000000        796.180275654037     
   12.6206700000000        801.032296750014     
   12.6303300000000        806.676883935490     
   12.6399800000000        811.965178845585     
   12.6496300000000        815.766342726500     
   12.6592700000000        815.882785583083     
   12.6689200000000        810.725461267300     
   12.6785500000000        802.600042068545     
   12.6881900000000        796.542845251462     
   12.6978200000000        796.679666215011     
   12.7074500000000        804.643355794601     
   12.7170800000000        819.281308851903     
   12.7267000000000        837.581897069956     
   12.7363200000000        856.164205224518     
   12.7459400000000        871.712902738935     
   12.7555500000000        881.455136902125     
   12.7651600000000        884.366270374607     
   12.7747700000000        881.614887939248     
   12.7843800000000        876.249957295865     
   12.7939800000000        872.437121186511     
   12.8035800000000        873.061232921291     
   12.8131700000000        878.082301515222     
   12.8227600000000        885.307099562586     
   12.8323500000000        892.683036005933     
   12.8419400000000        899.846382878288     
   12.8515200000000        906.907519061521     
   12.8611000000000        913.421238473297     
   12.8706700000000        919.260662151881     
   12.8802500000000        925.087873363435     
   12.8898100000000        931.528976794809     
   12.8993800000000        939.023878625778     
   12.9089400000000        948.574449283430     
   12.9185000000000        961.002548309709     
   12.9280600000000        975.502454184727     
   12.9376100000000        989.504204764053     
   12.9471700000000        1000.14958372515     
   12.9567100000000        1006.53652195170     
   12.9662600000000        1010.20072744565     
   12.9758000000000        1012.90472905523     
   12.9853400000000        1015.44397071696     
   12.9948700000000        1018.18724518175     
   13.0044000000000        1020.74044270158     
   13.0139300000000        1021.98674578581     
   13.0234600000000        1021.69933873542     
   13.0329800000000        1020.89672202087     
   13.0425000000000        1020.13649603127     
   13.0520100000000        1019.23672123658     
   13.0615200000000        1018.49843255458     
   13.0710300000000        1019.19243327989     
   13.0805400000000        1022.73513096697     
   13.0900400000000        1029.72566966125     
   13.0995400000000        1040.19106298551     
   13.1090400000000        1054.06861883882     
   13.1185300000000        1070.58176821915     
   13.1280200000000        1087.58091036409     
   13.1375100000000        1102.35558692599     
   13.1469900000000        1112.96648581316     
   13.1564700000000        1118.86917904563     
   13.1659500000000        1121.09616824288     
   13.1754300000000        1121.82436781051     
   13.1849000000000        1123.12237104438     
   13.1943700000000        1126.05296256342     
   13.2038300000000        1131.10163008317     
   13.2132900000000        1138.21698533935     
   13.2227500000000        1145.58344149674     
   13.2322100000000        1150.05910951579     
   13.2416600000000        1149.25801396875     
   13.2511100000000        1143.17357352509     
   13.2605500000000        1134.25057461086     
   13.2700000000000        1125.74093642351     
   13.2794400000000        1120.19607757448     
   13.2888700000000        1118.48231706364     
   13.2983100000000        1119.45260919294     
   13.3077400000000        1120.53052992311     
   13.3171600000000        1120.08817229114     
   13.3265900000000        1118.90585056611     
   13.3360100000000        1118.35856757910     
   13.3454300000000        1118.21184984043     
   13.3548400000000        1116.64544933820     
   13.3642500000000        1112.11580150037     
   13.3736600000000        1104.82666954395     
   13.3830600000000        1096.04544009065     
   13.3924700000000        1087.33702326545     
   13.4018600000000        1080.79901531868     
   13.4112600000000        1077.51138079756     
   13.4206500000000        1076.24084635022     
   13.4300400000000        1075.38693156472     
   13.4394300000000        1075.05782770677     
   13.4488100000000        1075.95024004411     
   13.4581900000000        1077.77652628121     
   13.4675600000000        1079.37805991485     
   13.4769400000000        1079.78039786958     
   13.4863100000000        1079.54085433523     
   13.4956700000000        1080.97618913746     
   13.5050400000000        1086.12249519241     
   13.5144000000000        1094.32469191123     
   13.5237600000000        1102.01962081433     
   13.5331100000000        1104.88893772765     
   13.5424600000000        1101.05724383726     
   13.5518100000000        1092.17138132155     
   13.5611500000000        1081.84861707348     
   13.5704900000000        1073.56203767327     
   13.5798300000000        1069.29159635753     
   13.5891700000000        1069.19790655156     
   13.5985000000000        1072.18610361292     
   13.6078300000000        1077.00616054557     
   13.6171500000000        1083.14016113912     
   13.6264800000000        1090.53153630412     
   13.6358000000000        1098.62419636571     
   13.6451100000000        1106.23211009159     
   13.6544200000000        1112.18391957983     
   13.6637300000000        1116.05942233761     
   13.6730400000000        1118.52586949512     
   13.6823400000000        1120.81951173284     
   13.6916400000000        1123.94100228187     
   13.7009400000000        1128.18720793662     
   13.7102400000000        1132.82328781178     
   13.7195300000000        1136.60800126036     
   13.7288100000000        1139.07045764869     
   13.7381000000000        1140.67283116604     
   13.7473800000000        1141.52149083933     
   13.7566600000000        1140.54144621589     
   13.7659300000000        1136.53065282296     
   13.7752000000000        1129.96374693966     
   13.7844700000000        1123.20444999797     
   13.7937400000000        1118.90101989890     
   13.8030000000000        1118.56569832531     
   13.8122600000000        1122.48784102772     
   13.8215200000000        1130.16991896994     
   13.8307700000000        1140.64917994860     
   13.8400200000000        1152.91750333329     
   13.8492600000000        1166.00747896248     
   13.8585100000000        1178.67320744420     
   13.8677500000000        1189.11752409434     
   13.8769800000000        1195.72816823044     
   13.8862200000000        1197.93190526455     
   13.8954500000000        1196.54427148213     
   13.9046800000000        1193.32815251660     
   13.9139000000000        1190.04160060157     
   13.9231200000000        1187.60012264394     
   13.9323400000000        1185.84222418519     
   13.9415500000000        1184.29738392953     
   13.9507700000000        1183.43290761466     
   13.9599700000000        1184.64926584983     
   13.9691800000000        1188.62245624406     
   13.9783800000000        1194.16645745388     
   13.9875800000000        1199.03465778944     
   13.9967800000000        1201.49967783328     
   14.0059700000000        1201.52560223083     
   14.0151600000000        1200.77316895452     
   14.0243400000000        1201.05891204817     
   14.0335300000000        1202.91789305425     
   14.0427100000000        1205.74762680098     
   14.0518800000000        1208.46546503523     
   14.0610600000000        1209.56227442179     
   14.0702300000000        1207.13516243012     
   14.0794000000000        1199.81717010585     
   14.0885600000000        1187.89784208843     
   14.0977200000000        1173.22902502541     
   14.1068800000000        1158.34905935956     
   14.1160300000000        1145.48271311818     
   14.1251800000000        1135.45850839014     
   14.1343300000000        1127.45759362444     
   14.1434800000000        1120.00950945998     
   14.1526200000000        1112.37509038324     
   14.1617600000000        1104.73320652761     
   14.1708900000000        1097.35694121273     
   14.1800300000000        1090.25665924466     
   14.1891500000000        1083.79396297849     
   14.1982800000000        1078.64469823993     
   14.2074000000000        1075.08591360347     
   14.2165200000000        1072.48078820905     
   14.2256400000000        1069.84782276617     
   14.2347500000000        1066.81796933377     
   14.2438600000000        1064.06466031258     
   14.2529700000000        1063.05823361754     
   14.2620700000000        1065.40316362889     
   14.2711800000000        1072.21349715566     
   14.2802700000000        1083.78957426059     
   14.2893700000000        1099.65418041709     
   14.2984600000000        1118.28253020043     
   14.3075500000000        1137.34389711993     
   14.3166300000000        1154.60042295118     
   14.3257100000000        1169.17014738853     
   14.3347900000000        1181.25711185790     
   14.3438700000000        1190.77560273692     
   14.3529400000000        1196.83424314808     
   14.3620100000000        1198.62958504748     
   14.3710700000000        1196.07187644245     
   14.3801400000000        1189.51320053892     
   14.3892000000000        1179.47969020242     
   14.3982500000000        1166.67829129733     
   14.4073100000000        1151.92188143076     
   14.4163600000000        1136.23103100381     
   14.4254000000000        1120.92317755059     
   14.4344500000000        1107.47050671926     
   14.4434900000000        1097.08710804930     
   14.4525200000000        1090.18593906197     
   14.4615600000000        1086.24398360583     
   14.4705900000000        1084.17925596489     
   14.4796200000000        1083.06665209993     
   14.4886400000000        1082.41274864594     
   14.4976600000000        1081.77173921837     
   14.5066800000000        1080.56776866982     
   14.5157000000000        1078.22270569845     
   14.5247100000000        1074.29781141521     
   14.5337200000000        1068.74006761971     
   14.5427200000000        1062.21040790265     
   14.5517300000000        1056.02001459560     
   14.5607300000000        1051.83291155098     
   14.5697200000000        1051.03126424849     
   14.5787100000000        1053.93861446312     
   14.5877000000000        1059.41632458210     
   14.5966900000000        1065.33419442394     
   14.6056700000000        1069.76689810244     
   14.6146600000000        1072.22523426820     
   14.6236300000000        1073.75380164978     
   14.6326100000000        1075.71710769682     
   14.6415800000000        1078.45514405955     
   14.6505400000000        1081.31905885813     
   14.6595100000000        1083.66006910916     
   14.6684700000000        1085.17344423689     
   14.6774300000000        1085.46870151734     
   14.6863800000000        1084.13957456593     
   14.6953400000000        1081.50952238337     
   14.7042800000000        1078.69989527318     
   14.7132300000000        1076.74984148834     
   14.7221700000000        1076.04681936163     
   14.7311100000000        1076.38082474768     
   14.7400500000000        1077.23909381895     
   14.7489800000000        1077.81488405013     
   14.7579100000000        1076.75991166380     
   14.7668400000000        1072.40910631338     
   14.7757600000000        1063.75487995962     
   14.7846800000000        1051.08372053615     
   14.7936000000000        1035.75817850758     
   14.8025100000000        1019.60844845980     
   14.8114200000000        1004.37458984971     
   14.8203300000000        991.536288889140     
   14.8292300000000        982.177460400452     
   14.8381300000000        976.714735248139     
   14.8470300000000        974.824064311073     
   14.8559300000000        975.692398096520     
   14.8648200000000        978.422442622069     
   14.8737100000000        982.208451093230     
   14.8825900000000        986.204895228809     
   14.8914700000000        989.492475026497     
   14.9003500000000        991.301152264310     
   14.9092300000000        991.222584483629     
   14.9181000000000        989.117433429411     
   14.9269700000000        984.903521241009     
   14.9358400000000        978.540142320129     
   14.9447000000000        970.171702094108     
   14.9535600000000        960.154993883037     
   14.9624200000000        949.032371875376     
   14.9712700000000        937.482766077449     
   14.9801200000000        926.245737805919     
   14.9889700000000        916.133616618435     
   14.9978100000000        907.933778036688     
   15.0066500000000        902.189840714407     
   15.0154900000000        899.053287550490     
   15.0243300000000        898.133866998077     
   15.0331600000000        898.462783463048     
   15.0419900000000        898.758146211222     
   15.0508100000000        897.957094623663     
   15.0596300000000        895.601329991823     
   15.0684500000000        891.796124207306     
   15.0772700000000        886.857444395985     
   15.0860800000000        880.978973538635     
   15.0948900000000        874.206395112550     
   15.1037000000000        866.802398520062     
   15.1125000000000        859.504003519637     
   15.1213000000000        853.200083408388     
   15.1301000000000        848.380086603598     
   15.1388900000000        844.972089176931     
   15.1476800000000        842.702761469423     
   15.1564700000000        841.454721830915     
   15.1652500000000        841.236650684139     
   15.1740300000000        842.024565193861     
   15.1828100000000        843.720203969000     
   15.1915800000000        846.158804628127     
   15.2003500000000        849.068762484247     
   15.2091200000000        851.946161679505     
   15.2178900000000        854.004593764493     
   15.2266500000000        854.342865045289     
   15.2354100000000        852.272055923293     
   15.2441600000000        847.506582295599     
   15.2529200000000        840.017853901001     
   15.2616700000000        829.876190874860     
   15.2704100000000        817.294381320207     
   15.2791500000000        802.948340147319     
   15.2878900000000        788.160522242627     
   15.2966300000000        774.521345144962     
   15.3053600000000        763.225509569544     
   15.3140900000000        754.618040396513     
   15.3228200000000        748.347942814757     
   15.3315400000000        743.815477145881     
   15.3402600000000        740.663519431679     
   15.3489800000000        738.992150065932     
   15.3577000000000        739.070707061674     
   15.3664100000000        740.829295915197     
   15.3751200000000        743.595699479577     
   15.3838200000000        746.314899208048     
   15.3925200000000        748.028909550727     
   15.4012200000000        748.120143452640     
   15.4099200000000        746.304823789746     
   15.4186100000000        742.619921752178     
   15.4273000000000        737.435000124570     
   15.4359800000000        731.414672659691     
   15.4446700000000        725.350521070613     
   15.4533400000000        720.054574152567     
   15.4620200000000        716.107216792679     
   15.4706900000000        713.735805529155     
   15.4793600000000        712.668871696227     
   15.4880300000000        712.230429263578     
   15.4966900000000        711.595164757626     
   15.5053500000000        710.143757029761     
   15.5140100000000        707.730599438963     
   15.5226700000000        704.713236132410     
   15.5313200000000        701.746203888724     
   15.5399600000000        699.419656092671     
   15.5486100000000        697.946216105143     
   15.5572500000000        697.083024749969     
   15.5658900000000        696.251540376022     
   15.5745200000000        694.762224505759     
   15.5831600000000        692.010360599662     
   15.5917900000000        687.670573799630     
   15.6004100000000        681.808826560458     
   15.6090300000000        674.867907486352     
   15.6176500000000        667.509650457707     
   15.6262700000000        660.364692969781     
   15.6348800000000        653.867093613285     
   15.6434900000000        648.196678299567     
   15.6521000000000        643.373317502365     
   15.6607000000000        639.350515882321     
   15.6693000000000        636.068154776888     
   15.6779000000000        633.501647236789     
   15.6864900000000        631.668037270763     
   15.6950800000000        630.551030093166     
   15.7036700000000        629.946214029555     
   15.7122600000000        629.372227118032     
   15.7208400000000        628.249822101391     
   15.7294100000000        626.251667233980     
   15.7379900000000        623.536047153038     
   15.7465600000000        620.722660911459     
   15.7551300000000        618.574545371726     
   15.7637000000000        617.637592535971     
   15.7722600000000        618.003938998797     
   15.7808200000000        619.317902767493     
   15.7893700000000        620.925972067608     
   15.7979300000000        622.027616946116     
   15.8064700000000        621.786520798256     
   15.8150200000000        619.526163697204     
   15.8235600000000        615.002583976076     
   15.8321000000000        608.600246888131     
   15.8406400000000        601.274292889865     
   15.8491800000000        594.177705369423     
   15.8577100000000        588.235592114222     
   15.8662300000000        583.918700896457     
   15.8747600000000        581.298854192468     
   15.8832800000000        580.215271865704     
   15.8918000000000        580.388903887878     
   15.9003100000000        581.563180521511     
   15.9088200000000        583.584489576140     
   15.9173300000000        586.383532045839     
   15.9258400000000        589.892367960224     
   15.9343400000000        593.956874674176     
   15.9428400000000        598.283023236931     
   15.9513300000000        602.371379498480     
   15.9598300000000        605.561654880497     
   15.9683100000000        607.138007416578     
   15.9768000000000        606.583168633707     
   15.9852800000000        603.747146022048     
   15.9937600000000        598.903710754450     
   16.0022400000000        592.628126885211     
   16.0107100000000        585.601481402923     
   16.0191800000000        578.432558632520     
   16.0276500000000        571.617425601619     
   16.0361200000000        565.475568630371     
   16.0445800000000        560.064747859966     
   16.0530300000000        555.126529426374     
   16.0614900000000        550.197772070248     
   16.0699400000000        544.894693720375     
   16.0783900000000        539.119423676472     
   16.0868300000000        533.179254845043     
   16.0952800000000        527.625922061209     
   16.1037100000000        523.038374444615     
   16.1121500000000        519.697758109971     
   16.1205800000000        517.543036991130     
   16.1290100000000        516.210000105634     
   16.1374400000000        515.226180509208     
   16.1458600000000        514.157320472953     
   16.1542800000000        512.651098603962     
   16.1627000000000        510.412649175468     
   16.1711100000000        507.177347099536     
   16.1795200000000        502.700979839290     
   16.1879300000000        496.811491269812     
   16.1963300000000        489.508390122678     
   16.2047300000000        481.042058792279     
   16.2131300000000        471.974905810252     
   16.2215200000000        463.096623148604     
   16.2299100000000        455.193710906529     
   16.2383000000000        448.875782622238     
   16.2466900000000        444.427443564797     
   16.2550700000000        441.757355597543     
   16.2634500000000        440.416073069166     
   16.2718200000000        439.739288951265     
   16.2802000000000        439.060089974409     
   16.2885600000000        437.938415601592     
   16.2969300000000        436.253324998962     
   16.3052900000000        434.164969697138     
   16.3136500000000        431.954730330919     
   16.3220100000000        429.894737982043     
   16.3303600000000        428.193392987185     
   16.3387100000000        427.010402255031     
   16.3470600000000        426.500209714218     
   16.3554000000000        426.814020896172     
   16.3637400000000        428.063040556851     
   16.3720800000000        430.241275716356     
   16.3804200000000        433.139622852423     
   16.3887500000000        436.326952113070     
   16.3970700000000        439.249789643214     
   16.4054000000000        441.360586605083     
   16.4137200000000        442.168280090953     
   16.4220400000000        441.281861973336     
   16.4303500000000        438.465984552444     
   16.4386700000000        433.739997323655     
   16.4469700000000        427.476238214214     
   16.4552800000000        420.259578213309     
   16.4635800000000        412.775258921914     
   16.4718800000000        405.536225990225     
   16.4801800000000        398.786480687608     
   16.4884700000000        392.512532394244     
   16.4967600000000        386.562377449692     
   16.5050500000000        380.842474950269     
   16.5133300000000        375.408276111721     
   16.5216100000000        370.410506607145     
   16.5298900000000        365.996467934005     
   16.5381600000000        362.188664967202     
   16.5464300000000        358.829191005585     
   16.5547000000000        355.649084004836     
   16.5629700000000        352.364630478055     
   16.5712300000000        348.760978835479     
   16.5794900000000        344.698810701577     
   16.5877400000000        340.110536900529     
   16.5959900000000        334.960342948962     
   16.6042400000000        329.259030303509     
   16.6124900000000        323.065989843040     
   16.6207300000000        316.499259366706     
   16.6289700000000        309.710642691283     
   16.6372000000000        302.905375572919     
   16.6454400000000        296.268787463434     
   16.6536700000000        289.988219213781     
   16.6618900000000        284.196736820557     
   16.6701200000000        278.997661460387     
   16.6783400000000        274.513749348591     
   16.6865500000000        270.825585835505     
   16.6947700000000        267.946082758959     
   16.7029800000000        265.819134592396     
   16.7111900000000        264.291614442425     
   16.7193900000000        263.143262358888     
   16.7275900000000        262.095815014239     
   16.7357900000000        260.841319482423     
   16.7439800000000        259.087802194896     
   16.7521800000000        256.619990448805     
   16.7603600000000        253.390204310351     
   16.7685500000000        249.511701465649     
   16.7767300000000        245.264964317668     
   16.7849100000000        240.982199185159     
   16.7930900000000        236.981489049567     
   16.8012600000000        233.515141954406     
   16.8094300000000        230.739730949836     
   16.8175900000000        228.732534896875     
   16.8257600000000        227.483129534194     
   16.8339200000000        226.924772529771     
   16.8420700000000        226.953231484583     
   16.8502300000000        227.475246454347     
   16.8583800000000        228.434987502347     
   16.8665300000000        229.820475572205     
   16.8746700000000        231.636617653307     
   16.8828100000000        233.879682984281     
   16.8909500000000        236.505758191563     
   16.8990800000000        239.414149507436     
   16.9072100000000        242.454860593133     
   16.9153400000000        245.421943948717     
   16.9234700000000        248.063686535897     
   16.9315900000000        250.095534537351     
   16.9397100000000        251.237596092795     
   16.9478200000000        251.244956383967     
   16.9559400000000        249.950846187460     
   16.9640500000000        247.307171400861     
   16.9721500000000        243.407562019505     
   16.9802600000000        238.468983246484     
   16.9883600000000        232.830721072029     
   16.9964500000000        226.865065285621     
   17.0045500000000        220.914243054127     
   17.0126400000000        215.288164306475     
   17.0207200000000        210.181774949369     
   17.0288100000000        205.666107452864     
   17.0368900000000        201.743923952977     
   17.0449700000000        198.355212861063     
   17.0530400000000        195.447670203854     
   17.0611100000000        192.975992598477     
   17.0691800000000        190.896328643048     
