   7.15970000000000        964.517578622257     
   7.17100000000000        942.087343108002     
   7.18231000000000        924.651912765758     
   7.19360000000000        869.813728240578     
   7.20490000000000        810.318234016080     
   7.21619000000000        747.943143343391     
   7.22748000000000        727.156500039429     
   7.23877000000000        744.424491529793     
   7.25005000000000        705.170492862459     
   7.26133000000000        658.556663774914     
   7.27261000000000        585.203633508167     
   7.28388000000000        521.774092974735     
   7.29515000000000        460.515327332890     
   7.30642000000000        445.736996275941     
   7.31768000000000        425.713940002921     
   7.32894000000000        423.520140068560     
   7.34020000000000        437.919546937591     
   7.35146000000000        465.984136495733     
   7.36271000000000        497.908417759438     
   7.37396000000000        540.681493653530     
   7.38520000000000        560.924797944788     
   7.39644000000000        540.862906993288     
   7.40768000000000        520.311557193445     
   7.41892000000000        487.790232266366     
   7.43015000000000        457.627136551429     
   7.44138000000000        454.500406114334     
   7.45261000000000        433.237216482723     
   7.46383000000000        405.801910897476     
   7.47505000000000        380.488861568131     
   7.48626000000000        342.250612108829     
   7.49748000000000        327.044270295321     
   7.50869000000000        329.068183705313     
   7.51990000000000        316.514267915928     
   7.53110000000000        315.104533361253     
   7.54230000000000        324.692428601552     
   7.55350000000000        332.175337647513     
   7.56469000000000        322.744988135120     
   7.57588000000000        311.827914280639     
   7.58707000000000        310.822468053503     
   7.59826000000000        327.675949936013     
   7.60944000000000        338.513187656301     
   7.62062000000000        352.235811524370     
   7.63179000000000        367.823345674335     
   7.64296000000000        366.760962359455     
   7.65413000000000        357.989939921361     
   7.66530000000000        352.441283639445     
   7.67646000000000        358.211896113246     
   7.68762000000000        376.272901462837     
   7.69878000000000        380.937233289493     
   7.70993000000000        365.070586799672     
   7.72108000000000        354.307093938908     
   7.73223000000000        359.084711428577     
   7.74337000000000        364.908112766689     
   7.75451000000000        367.904453343899     
   7.76565000000000        372.433521362328     
   7.77678000000000        378.814638655005     
   7.78791000000000        386.072772867755     
   7.79904000000000        395.190054019252     
   7.81017000000000        411.086588966416     
   7.82129000000000        421.355840815715     
   7.83241000000000        428.925833763250     
   7.84352000000000        429.994441115501     
   7.85463000000000        424.585902535062     
   7.86574000000000        426.049286064845     
   7.87685000000000        430.047266042056     
   7.88795000000000        433.260454460917     
   7.89905000000000        437.578566211338     
   7.91015000000000        432.952614493960     
   7.92124000000000        409.310760951706     
   7.93233000000000        393.912610815243     
   7.94342000000000        387.720225002490     
   7.95450000000000        385.005894830750     
   7.96558000000000        385.569302421528     
   7.97666000000000        380.506744563652     
   7.98773000000000        377.593254782989     
   7.99880000000000        381.697352324207     
   8.00987000000000        378.589473551094     
   8.02093000000000        371.945977231552     
   8.03200000000000        371.894169384257     
   8.04305000000000        372.844336341090     
   8.05411000000000        369.179317741892     
   8.06516000000000        376.598854606092     
   8.07621000000000        392.297692245629     
   8.08726000000000        409.994293730748     
   8.09830000000000        421.530058303266     
   8.10934000000000        434.693646761200     
   8.12037000000000        436.342190111151     
   8.13141000000000        429.757058941282     
   8.14244000000000        422.308564108907     
   8.15346000000000        414.216987741459     
   8.16449000000000        399.333670573423     
   8.17551000000000        385.039826779329     
   8.18652000000000        371.187065750521     
   8.19754000000000        357.534649780198     
   8.20855000000000        348.207625715098     
   8.21955000000000        348.034948896253     
   8.23056000000000        359.466247551786     
   8.24156000000000        364.789506480156     
   8.25256000000000        367.377720323207     
   8.26355000000000        364.601953200606     
   8.27454000000000        360.216733701843     
   8.28553000000000        367.718509023798     
   8.29652000000000        379.983606790227     
   8.30750000000000        396.785129676502     
   8.31848000000000        405.143919195565     
   8.32946000000000        399.527100482000     
   8.34043000000000        398.404151816266     
   8.35140000000000        394.950570943394     
   8.36236000000000        393.874381994114     
   8.37333000000000        395.227098820765     
   8.38429000000000        394.381014907952     
   8.39524000000000        393.245417507123     
   8.40620000000000        404.004390055581     
   8.41715000000000        421.578871990825     
   8.42810000000000        435.738962742373     
   8.43904000000000        450.293117404569     
   8.44998000000000        467.284226677232     
   8.46092000000000        491.600130593603     
   8.47185000000000        511.634844446245     
   8.48278000000000        522.681870778820     
   8.49371000000000        523.957255813379     
   8.50464000000000        522.015571885165     
   8.51556000000000        517.612194360970     
   8.52648000000000        506.918048802733     
   8.53739000000000        495.272701491893     
   8.54831000000000        492.025204141713     
   8.55922000000000        494.193517770503     
   8.57012000000000        492.739842179675     
   8.58103000000000        493.299674518401     
   8.59193000000000        498.292126670416     
   8.60282000000000        504.801276571673     
   8.61372000000000        504.914015456633     
   8.62461000000000        507.716950608325     
   8.63549000000000        510.949834830775     
   8.64638000000000        506.628074411413     
   8.65726000000000        497.971307352891     
   8.66814000000000        497.335680996661     
   8.67901000000000        503.957862191493     
   8.68988000000000        508.936349832411     
   8.70075000000000        501.927620342174     
   8.71161000000000        496.771834134084     
   8.72248000000000        491.680000013547     
   8.73333000000000        479.967504060320     
   8.74419000000000        467.247687867035     
   8.75504000000000        456.736224658057     
   8.76589000000000        447.455060402469     
   8.77674000000000        448.369526565756     
   8.78758000000000        451.286560455907     
   8.79842000000000        451.338690319395     
   8.80926000000000        448.554213723740     
   8.82009000000000        442.179741962289     
   8.83092000000000        435.333495449003     
   8.84175000000000        433.972899767226     
   8.85257000000000        431.714517641633     
   8.86339000000000        431.848593236014     
   8.87421000000000        437.526756919904     
   8.88502000000000        440.036374272313     
   8.89583000000000        438.624604678314     
   8.90664000000000        435.358152783623     
   8.91745000000000        433.618092595007     
   8.92825000000000        435.002028088809     
   8.93905000000000        434.722534519239     
   8.94984000000000        432.239873717873     
   8.96063000000000        430.450096089959     
   8.97142000000000        432.295027545691     
   8.98221000000000        437.939628951345     
   8.99299000000000        457.364709642623     
   9.00377000000000        485.318496544733     
   9.01455000000000        514.135242991467     
   9.02532000000000        561.634766869085     
   9.03609000000000        636.304529320558     
   9.04686000000000        736.826682145257     
   9.05762000000000        851.188754967182     
   9.06838000000000        975.638700084061     
   9.07914000000000        1097.35037045607     
   9.08989000000000        1166.15303968851     
   9.10064000000000        1163.81094112590     
   9.11139000000000        1127.69947225202     
   9.12214000000000        1104.25790261222     
   9.13288000000000        1098.44930735348     
   9.14362000000000        1099.85449196089     
   9.15435000000000        1059.68353929229     
   9.16508000000000        976.216290670964     
   9.17581000000000        917.815480578844     
   9.18654000000000        918.229472769061     
   9.19726000000000        923.293735953016     
   9.20798000000000        899.705673987621     
   9.21870000000000        877.384676005718     
   9.22941000000000        869.264901234023     
   9.24012000000000        854.983705884075     
   9.25082000000000        826.465160527253     
   9.26153000000000        800.691866656658     
   9.27223000000000        778.134915786372     
   9.28293000000000        777.275583911077     
   9.29362000000000        799.402593199618     
   9.30431000000000        819.115212630828     
   9.31500000000000        802.463053219984     
   9.32568000000000        788.162367288441     
   9.33636000000000        821.157580589908     
   9.34704000000000        892.758039950936     
   9.35772000000000        963.663804486063     
   9.36839000000000        1001.10399681958     
   9.37906000000000        1001.87113062128     
   9.38972000000000        1002.97932621416     
   9.40038000000000        1028.49770753147     
   9.41104000000000        1074.07670866407     
   9.42170000000000        1112.81830568735     
   9.43235000000000        1139.59549174937     
   9.44300000000000        1174.05499938334     
   9.45365000000000        1230.38611093972     
   9.46429000000000        1275.97712255015     
   9.47493000000000        1298.51360873495     
   9.48557000000000        1327.00380156747     
   9.49620000000000        1334.60833981274     
   9.50683000000000        1325.75778946136     
   9.51746000000000        1294.72826188542     
   9.52808000000000        1287.03046102033     
   9.53871000000000        1331.37942483959     
   9.54932000000000        1397.61538832691     
   9.55994000000000        1480.79950111823     
   9.57055000000000        1528.32201728790     
   9.58116000000000        1523.52277308886     
   9.59176000000000        1508.64230643730     
   9.60237000000000        1516.78967882580     
   9.61296000000000        1532.13965906345     
   9.62356000000000        1569.20399101763     
   9.63415000000000        1610.83060845264     
   9.64474000000000        1624.28285700346     
   9.65533000000000        1614.69847817966     
   9.66591000000000        1615.16521679894     
   9.67649000000000        1636.80360465607     
   9.68707000000000        1662.56290824327     
   9.69764000000000        1690.07250205245     
   9.70821000000000        1731.79286717861     
   9.71878000000000        1831.18689874933     
   9.72934000000000        1971.96701591744     
   9.73990000000000        2073.75583694332     
   9.75046000000000        2106.14209389296     
   9.76102000000000        2105.48492592074     
   9.77157000000000        2125.10295513044     
   9.78212000000000        2150.97654426515     
   9.79266000000000        2149.29550675036     
   9.80320000000000        2134.95809078538     
   9.81374000000000        2112.87365053492     
   9.82428000000000        2100.91170479122     
   9.83481000000000        2118.05489017550     
   9.84534000000000        2136.22779465561     
   9.85586000000000        2151.88220946064     
   9.86639000000000        2158.54475476382     
   9.87691000000000        2083.20020440121     
   9.88742000000000        1994.95954504913     
   9.89794000000000        2008.39744563521     
   9.90845000000000        2062.52574895224     
   9.91895000000000        2080.45324590117     
   9.92946000000000        2078.05035629027     
   9.93996000000000        2047.04088373587     
   9.95046000000000        1991.04469047048     
   9.96095000000000        1928.22375607961     
   9.97144000000000        1865.68970952486     
   9.98193000000000        1808.60048060082     
   9.99242000000000        1789.69677992974     
   10.0029000000000        1814.44580231699     
   10.0133800000000        1843.95211197885     
   10.0238500000000        1863.12392716964     
   10.0343200000000        1849.72357819545     
   10.0447900000000        1821.56511263372     
   10.0552600000000        1805.87795463642     
   10.0657200000000        1795.82345106778     
   10.0761800000000        1789.99946202147     
   10.0866400000000        1796.88283987485     
   10.0970900000000        1818.38415556592     
   10.1075400000000        1844.77873996783     
   10.1179900000000        1848.10610880495     
   10.1284300000000        1827.66435751519     
   10.1388700000000        1835.50743523994     
   10.1493100000000        1870.78192892455     
   10.1597400000000        1857.21432419144     
   10.1701700000000        1818.21970512964     
   10.1806000000000        1809.50129325548     
   10.1910300000000        1806.39263758748     
   10.2014500000000        1794.10483285532     
   10.2118700000000        1813.64445318990     
   10.2222800000000        1855.06996287387     
   10.2326900000000        1866.34639166833     
   10.2431000000000        1844.37517786047     
   10.2535100000000        1816.40378371752     
   10.2639100000000        1795.82941909310     
   10.2743100000000        1781.70903419984     
   10.2847100000000        1808.82759751646     
   10.2951000000000        1882.81258212844     
   10.3054900000000        1935.25644836409     
   10.3158800000000        1942.10490853293     
   10.3262600000000        1940.96613417141     
   10.3366400000000        1922.45206908438     
   10.3470200000000        1889.63392101102     
   10.3573900000000        1892.18645953252     
   10.3677600000000        1939.20107784699     
   10.3781300000000        1981.14704533150     
   10.3884900000000        1988.67486836991     
   10.3988600000000        1968.65588518950     
   10.4092100000000        1938.37909795582     
   10.4195700000000        1919.72865029273     
   10.4299200000000        1917.58188024737     
   10.4402700000000        1915.67481512162     
   10.4506100000000        1891.07384818927     
   10.4609600000000        1839.99420759601     
   10.4713000000000        1774.39205710137     
   10.4816300000000        1705.23300402438     
   10.4919600000000        1657.57025240272     
   10.5022900000000        1637.43068889643     
   10.5126200000000        1624.15787911147     
   10.5229400000000        1606.15471063890     
   10.5332600000000        1563.61765301896     
   10.5435800000000        1504.59005663124     
   10.5539000000000        1442.48791282056     
   10.5642100000000        1380.66144605014     
   10.5745100000000        1325.03090683746     
   10.5848200000000        1279.61159266762     
   10.5951200000000        1236.10047139122     
   10.6054200000000        1198.44098622171     
   10.6157100000000        1173.74713770858     
   10.6260000000000        1168.89148799458     
   10.6362900000000        1192.52308727839     
   10.6465800000000        1217.39939505853     
   10.6568600000000        1227.03286635019     
   10.6671400000000        1233.53126257638     
   10.6774100000000        1243.99623524705     
   10.6876900000000        1260.51520962170     
   10.6979600000000        1284.61526339653     
   10.7082200000000        1319.61967116919     
   10.7184900000000        1367.28911472880     
   10.7287500000000        1417.91476248498     
   10.7390000000000        1463.38408754287     
   10.7492600000000        1506.24241879395     
   10.7595100000000        1546.42991438611     
   10.7697500000000        1591.70804992055     
   10.7800000000000        1659.80709249377     
   10.7902400000000        1743.08486854894     
   10.8004800000000        1820.70380128409     
   10.8107100000000        1880.30546971494     
   10.8209400000000        1905.51968930523     
   10.8311700000000        1905.96050453247     
   10.8414000000000        1914.83670788954     
   10.8516200000000        1944.48577967847     
   10.8618400000000        1990.83836797210     
   10.8720500000000        2035.30850905985     
   10.8822700000000        2065.13265381760     
   10.8924800000000        2074.85732114888     
   10.9026800000000        2063.06417209614     
   10.9128800000000        2048.10256134048     
   10.9230800000000        2053.93041455607     
   10.9332800000000        2076.65110651383     
   10.9434700000000        2101.97022639647     
   10.9536600000000        2130.16755668994     
   10.9638500000000        2146.38776505601     
   10.9740400000000        2118.80185515944     
   10.9842200000000        2049.86047688632     
   10.9943900000000        1966.92466729080     
   11.0045700000000        1893.89707577971     
   11.0147400000000        1845.93165484459     
   11.0249100000000        1812.18646702164     
   11.0350700000000        1778.23467310807     
   11.0452300000000        1743.12447939683     
   11.0553900000000        1717.80645340678     
   11.0655500000000        1717.67181984874     
   11.0757000000000        1742.75277257664     
   11.0858500000000        1779.77366828471     
   11.0960000000000        1814.42893732993     
   11.1061400000000        1830.95142365848     
   11.1162800000000        1829.08078045639     
   11.1264200000000        1828.46065263757     
   11.1365500000000        1847.05327396276     
   11.1466800000000        1883.15025273049     
   11.1568100000000        1918.19574307326     
   11.1669300000000        1944.39944903610     
   11.1770500000000        1968.71368693474     
   11.1871700000000        1995.66745153673     
   11.1972800000000        2015.16970034946     
   11.2073900000000        2018.39865186860     
   11.2175000000000        2004.53676540662     
   11.2276100000000        1993.55165856793     
   11.2377100000000        2009.15330302253     
   11.2478100000000        2052.75658242112     
   11.2579000000000        2105.20632448512     
   11.2679900000000        2147.86192380340     
   11.2780800000000        2176.76766503427     
   11.2881700000000        2197.68764046556     
   11.2982500000000        2220.91400818636     
   11.3083300000000        2259.55054322173     
   11.3184100000000        2308.39857888136     
   11.3284800000000        2342.23502676025     
   11.3385500000000        2353.55420729017     
   11.3486200000000        2359.93011050617     
   11.3586800000000        2380.61464991954     
   11.3687400000000        2419.02197616898     
   11.3788000000000        2458.78118972065     
   11.3888500000000        2490.51354281143     
   11.3989000000000        2512.28943115633     
   11.4089500000000        2525.71603730872     
   11.4189900000000        2543.04326450806     
   11.4290400000000        2567.62943178448     
   11.4390700000000        2585.46049477373     
   11.4491100000000        2580.20397967698     
   11.4591400000000        2561.45895236691     
   11.4691700000000        2548.34014424064     
   11.4792000000000        2548.87124280671     
   11.4892200000000        2558.67684987036     
   11.4992400000000        2573.95467311185     
   11.5092500000000        2588.92115229185     
   11.5192700000000        2588.18339748573     
   11.5292800000000        2577.54478148126     
   11.5392800000000        2576.86372996589     
   11.5492900000000        2589.79989209976     
   11.5592900000000        2606.93469713201     
   11.5692800000000        2619.75480658810     
   11.5792800000000        2634.51040919432     
   11.5892700000000        2655.90802919546     
   11.5992600000000        2677.10008417721     
   11.6092400000000        2697.77594505836     
   11.6192200000000        2716.67013630270     
   11.6292000000000        2725.41783478103     
   11.6391700000000        2723.83442924091     
   11.6491500000000        2716.80020690168     
   11.6591200000000        2713.12107688955     
   11.6690800000000        2717.16575499924     
   11.6790400000000        2724.52040418681     
   11.6890000000000        2727.96887836393     
   11.6989600000000        2724.63575217680     
   11.7089100000000        2724.12722547229     
   11.7188600000000        2733.36524082786     
   11.7288100000000        2743.44020447554     
   11.7387500000000        2748.43194840151     
   11.7486900000000        2747.90937578105     
   11.7586300000000        2731.05548691245     
   11.7685600000000        2699.16170959467     
   11.7784900000000        2661.14457145054     
   11.7884200000000        2607.57623150793     
   11.7983400000000        2552.65100432562     
   11.8082600000000        2528.52587379363     
   11.8181800000000        2540.41511459875     
   11.8281000000000        2569.48594096296     
   11.8380100000000        2587.85496152322     
   11.8479200000000        2580.11906048273     
   11.8578200000000        2551.26979329271     
   11.8677200000000        2512.26527127628     
   11.8776200000000        2469.71400534133     
   11.8875200000000        2423.34311334068     
   11.8974100000000        2377.08493088823     
   11.9073000000000        2338.63744938987     
   11.9171900000000        2312.28649931392     
   11.9270700000000        2295.45772312725     
   11.9369500000000        2285.74212693480     
   11.9468300000000        2285.58935696553     
   11.9567000000000        2290.28494095308     
   11.9665700000000        2284.94866253736     
   11.9764400000000        2254.89041973824     
   11.9863000000000        2199.16224043721     
   11.9961600000000        2137.63339627970     
   12.0060200000000        2091.74168246265     
   12.0158700000000        2063.38136862233     
   12.0257300000000        2045.50556341636     
   12.0355700000000        2041.49798245871     
   12.0454200000000        2060.20530573114     
   12.0552600000000        2100.56949539127     
   12.0651000000000        2150.78343117808     
   12.0749400000000        2201.47625717256     
   12.0847700000000        2248.67273477795     
   12.0946000000000        2294.91553017024     
   12.1044200000000        2341.61589876155     
   12.1142500000000        2379.30106744984     
   12.1240700000000        2405.68420485419     
   12.1338800000000        2436.27105787203     
   12.1437000000000        2489.36920811323     
   12.1535100000000        2566.12627730224     
   12.1633100000000        2644.82696311241     
   12.1731200000000        2706.27470193506     
   12.1829200000000        2750.32326313427     
   12.1927200000000        2779.37623682990     
   12.2025100000000        2801.49043321567     
   12.2123000000000        2825.08441221793     
   12.2220900000000        2839.54536815253     
   12.2318700000000        2838.05855602867     
   12.2416600000000        2829.96974436407     
   12.2514300000000        2819.84902950371     
   12.2612100000000        2809.65889483771     
   12.2709800000000        2812.76996375832     
   12.2807500000000        2840.48333299611     
   12.2905200000000        2884.35712604213     
   12.3002800000000        2932.47825080886     
   12.3100400000000        2981.90551795317     
   12.3198000000000        3023.90898041257     
   12.3295500000000        3043.24441188399     
   12.3393000000000        3042.17420741525     
   12.3490500000000        3042.55323468138     
   12.3587900000000        3058.23796638886     
   12.3685300000000        3080.09921940823     
   12.3782700000000        3087.03423424870     
   12.3880000000000        3074.03783048446     
   12.3977300000000        3058.84668586022     
   12.4074600000000        3055.87656082921     
   12.4171800000000        3060.58717862541     
   12.4269100000000        3059.66891672459     
   12.4366200000000        3046.49162693760     
   12.4463400000000        3020.73912734356     
   12.4560500000000        2976.13965547353     
   12.4657600000000        2905.43133926522     
   12.4754700000000        2814.65545447800     
   12.4851700000000        2727.02698670576     
   12.4948700000000        2666.19156786969     
   12.5045600000000        2644.93549399688     
   12.5142600000000        2663.56711510400     
   12.5239500000000        2709.44207777855     
   12.5336300000000        2760.38693961672     
   12.5433200000000        2796.72018174034     
   12.5530000000000        2810.11292892076     
   12.5626800000000        2805.20217662965     
   12.5723500000000        2793.70539234703     
   12.5820200000000        2784.49436904869     
   12.5916900000000        2778.01670063976     
   12.6013500000000        2767.31557017473     
   12.6110100000000        2751.54101080689     
   12.6206700000000        2740.40444506385     
   12.6303300000000        2736.25854888859     
   12.6399800000000        2733.59517326133     
   12.6496300000000        2727.02003925138     
   12.6592700000000        2706.50227337491     
   12.6689200000000        2663.98231609426     
   12.6785500000000        2611.39938871132     
   12.6881900000000        2573.14906502053     
   12.6978200000000        2565.11383452315     
   12.7074500000000        2592.25900077578     
   12.7170800000000        2652.14833383455     
   12.7267000000000        2731.26461643090     
   12.7363200000000        2808.68891372777     
   12.7459400000000        2867.72819169623     
   12.7555500000000        2900.98746825727     
   12.7651600000000        2908.36252996548     
   12.7747700000000        2894.26395925038     
   12.7843800000000        2865.79331123366     
   12.7939800000000        2836.48809241062     
   12.8035800000000        2823.09912356447     
   12.8131700000000        2832.26175307998     
   12.8227600000000        2853.04206264164     
   12.8323500000000        2869.05784927901     
   12.8419400000000        2876.01961177569     
   12.8515200000000        2880.35353564071     
   12.8611000000000        2888.34692243067     
   12.8706700000000        2901.87967470425     
   12.8802500000000        2919.34423965208     
   12.8898100000000        2936.19564929140     
   12.8993800000000        2948.31596929012     
   12.9089400000000        2959.53751586858     
   12.9185000000000        2980.53934351142     
   12.9280600000000        3017.60071732468     
   12.9376100000000        3065.59645725292     
   12.9471700000000        3114.94748535985     
   12.9567100000000        3161.51527379989     
   12.9662600000000        3206.44646491168     
   12.9758000000000        3247.68203589962     
   12.9853400000000        3280.89519746414     
   12.9948700000000        3305.43879899164     
   13.0044000000000        3319.76251490360     
   13.0139300000000        3318.87578565564     
   13.0234600000000        3305.49577209812     
   13.0329800000000        3292.65956011496     
   13.0425000000000        3289.43658522066     
   13.0520100000000        3295.09739118893     
   13.0615200000000        3305.09389466605     
   13.0710300000000        3317.53725341010     
   13.0805400000000        3334.65914980985     
   13.0900400000000        3360.37771199461     
   13.0995400000000        3400.91448884486     
   13.1090400000000        3462.62422891781     
   13.1185300000000        3543.00598793190     
   13.1280200000000        3629.01861813237     
   13.1375100000000        3706.93550367431     
   13.1469900000000        3770.84349973997     
   13.1564700000000        3822.60895051164     
   13.1659500000000        3866.76679366305     
   13.1754300000000        3905.73599134636     
   13.1849000000000        3940.07249792159     
   13.1943700000000        3971.49972748132     
   13.2038300000000        4003.24174799546     
   13.2132900000000        4036.48666741768     
   13.2227500000000        4064.70852548228     
   13.2322100000000        4077.68889915486     
   13.2416600000000        4071.32571029225     
   13.2511100000000        4050.58296872555     
   13.2605500000000        4026.17035335162     
   13.2700000000000        4006.84066287479     
   13.2794400000000        3994.06410667817     
   13.2888700000000        3982.19915760466     
   13.2983100000000        3962.48550072086     
   13.3077400000000        3927.99914578780     
   13.3171600000000        3880.71165803762     
   13.3265900000000        3831.58639018453     
   13.3360100000000        3791.04253950534     
   13.3454300000000        3762.39733307457     
   13.3548400000000        3742.58975098741     
   13.3642500000000        3726.66654931694     
   13.3736600000000        3712.59983307077     
   13.3830600000000        3701.03369042273     
   13.3924700000000        3695.29049760413     
   13.4018600000000        3700.86487453298     
   13.4112600000000        3716.00068395063     
   13.4206500000000        3728.58375356549     
   13.4300400000000        3730.48259124664     
   13.4394300000000        3725.37092818629     
   13.4488100000000        3720.24970668458     
   13.4581900000000        3718.14098549151     
   13.4675600000000        3718.39001692111     
   13.4769400000000        3718.59395149073     
   13.4863100000000        3718.33249135305     
   13.4956700000000        3722.81428968052     
   13.5050400000000        3737.06409674760     
   13.5144000000000        3756.47450614113     
   13.5237600000000        3768.41092235904     
   13.5331100000000        3762.53292455344     
   13.5424600000000        3739.11748846309     
   13.5518100000000        3706.35074117151     
   13.5611500000000        3674.07619753702     
   13.5704900000000        3651.80330457273     
   13.5798300000000        3647.16559143490     
   13.5891700000000        3662.81616029406     
   13.5985000000000        3694.37570511305     
   13.6078300000000        3733.37201414501     
   13.6171500000000        3773.24363706699     
   13.6264800000000        3811.39918378250     
   13.6358000000000        3846.33636053705     
   13.6451100000000        3876.70096107319     
   13.6544200000000        3902.46031922549     
   13.6637300000000        3924.49514369025     
   13.6730400000000        3943.08713280543     
   13.6823400000000        3957.84919595054     
   13.6916400000000        3968.83556135373     
   13.7009400000000        3976.54763174249     
   13.7102400000000        3979.80245736366     
   13.7195300000000        3975.95647123342     
   13.7288100000000        3965.48989557125     
   13.7381000000000        3953.81131195354     
   13.7473800000000        3946.29115087775     
   13.7566600000000        3942.12160892879     
   13.7659300000000        3935.03812474506     
   13.7752000000000        3921.46192781778     
   13.7844700000000        3905.82782015331     
   13.7937400000000        3896.98709878864     
   13.8030000000000        3903.19820475937     
   13.8122600000000        3930.01586361256     
   13.8215200000000        3979.38775733739     
   13.8307700000000        4049.48364806388     
   13.8400200000000        4135.79185228282     
   13.8492600000000        4232.27393655902     
   13.8585100000000        4330.89484103212     
   13.8677500000000        4420.26574748986     
   13.8769800000000        4490.91047506372     
   13.8862200000000        4539.83927069033     
   13.8954500000000        4569.26209476438     
   13.9046800000000        4582.26466409641     
   13.9139000000000        4579.88760010885     
   13.9231200000000        4562.66355389856     
   13.9323400000000        4532.81472853576     
   13.9415500000000        4496.82704896359     
   13.9507700000000        4467.47591969171     
   13.9599700000000        4459.81400218889     
   13.9691800000000        4480.86350116047     
   13.9783800000000        4524.76673225803     
   13.9875800000000        4577.66008651679     
   13.9967800000000        4625.49136798121     
   14.0059700000000        4660.70909138350     
   14.0151600000000        4685.78530259974     
   14.0243400000000        4707.94530203335     
   14.0335300000000        4731.85266003595     
   14.0427100000000        4757.96425134714     
   14.0518800000000        4783.40665258016     
   14.0610600000000        4802.37610417802     
   14.0702300000000        4808.30451358985     
   14.0794000000000        4798.13360832525     
   14.0885600000000        4775.04222691071     
   14.0977200000000        4746.24687711598     
   14.1068800000000        4718.94665000104     
   14.1160300000000        4698.90286019313     
   14.1251800000000        4688.81882243655     
   14.1343300000000        4685.39746355752     
   14.1434800000000        4680.34431934050     
   14.1526200000000        4666.94898935107     
   14.1617600000000        4644.42801193353     
   14.1708900000000        4616.14335280318     
   14.1800300000000        4587.41181792564     
   14.1891500000000        4566.47574003065     
   14.1982800000000        4562.21145644484     
   14.2074000000000        4578.19694703335     
   14.2165200000000        4609.34317219937     
   14.2256400000000        4645.73721196093     
   14.2347500000000        4679.77178077064     
   14.2438600000000        4711.36938903986     
   14.2529700000000        4747.88365956925     
   14.2620700000000        4799.34545634218     
   14.2711800000000        4873.11510071176     
   14.2802700000000        4970.59491433603     
   14.2893700000000        5088.08286748350     
   14.2984600000000        5216.05062850095     
   14.3075500000000        5341.96794715840     
   14.3166300000000        5455.27149209930     
   14.3257100000000        5553.60999398023     
   14.3347900000000        5640.31925040508     
   14.3438700000000        5715.84032576154     
   14.3529400000000        5773.79841559211     
   14.3620100000000        5805.83187578907     
   14.3710700000000        5806.79528312579     
   14.3801400000000        5776.36969100362     
   14.3892000000000        5719.00951411236     
   14.3982500000000        5642.51708749942     
   14.4073100000000        5554.45613202493     
   14.4163600000000        5461.00959198655     
   14.4254000000000        5367.81953540301     
   14.4344500000000        5280.56711546874     
   14.4434900000000        5203.77691374416     
   14.4525200000000        5138.08629834676     
   14.4615600000000        5080.30410919330     
   14.4705900000000        5026.82063162290     
   14.4796200000000        4976.79706490802     
   14.4886400000000        4932.17125930368     
   14.4976600000000        4893.82198978369     
   14.5066800000000        4860.11689049090     
   14.5157000000000        4828.28133585418     
   14.5247100000000        4796.42740047509     
   14.5337200000000        4765.10883378811     
   14.5427200000000        4738.25870135914     
   14.5517300000000        4721.86678489322     
   14.5607300000000        4721.71097694437     
   14.5697200000000        4740.48363492615     
   14.5787100000000        4775.70681858930     
   14.5877000000000        4820.01332690120     
   14.5966900000000        4864.41713266174     
   14.6056700000000        4902.33426706964     
   14.6146600000000        4932.46330244911     
   14.6236300000000        4957.63933960359     
   14.6326100000000        4980.37957172632     
   14.6415800000000        4998.51787975852     
   14.6505400000000        5007.71694587266     
   14.6595100000000        5007.32677697732     
   14.6684700000000        5001.22729487526     
   14.6774300000000        4993.08136573622     
   14.6863800000000        4983.98382962054     
   14.6953400000000        4974.51057042541     
   14.7042800000000        4965.87119143955     
   14.7132300000000        4958.61370405042     
   14.7221700000000        4952.48073837701     
   14.7311100000000        4947.05575694106     
   14.7400500000000        4941.63271576704     
   14.7489800000000        4933.64032815060     
   14.7579100000000        4917.07547959960     
   14.7668400000000        4884.56072059626     
   14.7757600000000        4833.05008431811     
   14.7846800000000        4766.78305617631     
   14.7936000000000        4694.96099956568     
   14.8025100000000        4627.28917209251     
   14.8114200000000        4571.06002545033     
   14.8203300000000        4531.47955651050     
   14.8292300000000        4512.14949425310     
   14.8381300000000        4513.95967475771     
   14.8470300000000        4534.08912368396     
   14.8559300000000        4566.82459774272     
   14.8648200000000        4605.73743069054     
   14.8737100000000        4645.33304079080     
   14.8825900000000        4680.66005720173     
   14.8914700000000        4707.26161335556     
   14.9003500000000        4722.47231625946     
   14.9092300000000        4726.57134212057     
   14.9181000000000        4721.43391031706     
   14.9269700000000        4708.31985045312     
   14.9358400000000        4687.39489156536     
   14.9447000000000        4658.57763167047     
   14.9535600000000        4622.05617468249     
   14.9624200000000        4578.73316602727     
   14.9712700000000        4530.73631338052     
   14.9801200000000        4481.52871967972     
   14.9889700000000        4435.51112680457     
   14.9978100000000        4396.54938427555     
   15.0066500000000        4366.59704678688     
   15.0154900000000        4345.72945456985     
   15.0243300000000        4332.36050047697     
   15.0331600000000        4323.40259315754     
   15.0419900000000        4314.96062934368     
   15.0508100000000        4303.79733622238     
   15.0596300000000        4288.42107859158     
   15.0684500000000        4269.30343182929     
   15.0772700000000        4247.94632041191     
   15.0860800000000        4225.36583291698     
   15.0948900000000        4201.50269663237     
   15.1037000000000        4176.78310154687     
   15.1125000000000        4153.68010057856     
   15.1213000000000        4135.53049388093     
   15.1301000000000        4123.89317629679     
   15.1388900000000        4117.75445695797     
   15.1476800000000        4115.39117445827     
   15.1564700000000        4116.24127120042     
   15.1652500000000        4120.81717659168     
   15.1740300000000        4129.53127217499     
   15.1828100000000        4141.69217461838     
   15.1915800000000        4155.13965338284     
   15.2003500000000        4166.51623572683     
   15.2091200000000        4171.69376803105     
   15.2178900000000        4166.53393686171     
   15.2266500000000        4148.16888200534     
   15.2354100000000        4116.25820995069     
   15.2441600000000        4073.11784190593     
   15.2529200000000        4021.50347337856     
   15.2616700000000        3962.63378980798     
   15.2704100000000        3896.13455350890     
   15.2791500000000        3823.01502546294     
   15.2878900000000        3748.12726987899     
   15.2966300000000        3678.78109387004     
   15.3053600000000        3620.85766083742     
   15.3140900000000        3575.72642166151     
   15.3228200000000        3540.77327401118     
   15.3315400000000        3512.07175822644     
   15.3402600000000        3487.49226833480     
   15.3489800000000        3468.21924427853     
   15.3577000000000        3457.27904568110     
   15.3664100000000        3456.53353186167     
   15.3751200000000        3464.55605941430     
   15.3838200000000        3476.98900793843     
   15.3925200000000        3488.48433723193     
   15.4012200000000        3494.09213777398     
   15.4099200000000        3489.96555219774     
   15.4186100000000        3474.31792734938     
   15.4273000000000        3448.17986476912     
   15.4359800000000        3415.08288599082     
   15.4446700000000        3379.51443154376     
   15.4533400000000        3345.83362021650     
   15.4620200000000        3316.90470259984     
   15.4706900000000        3293.92686215732     
   15.4793600000000        3275.85507635897     
   15.4880300000000        3259.76339993063     
   15.4966900000000        3241.83451415483     
   15.5053500000000        3219.02141419223     
   15.5140100000000        3190.73730849508     
   15.5226700000000        3159.28704321984     
   15.5313200000000        3128.71437583259     
   15.5399600000000        3102.66668617737     
   15.5486100000000        3082.89722408460     
   15.5572500000000        3069.15065705724     
   15.5658900000000        3059.46414762752     
   15.5745200000000        3050.92168951096     
   15.5831600000000        3040.30816150530     
   15.5917900000000        3024.91930477941     
   15.6004100000000        3003.07780991299     
   15.6090300000000        2974.31917018173     
   15.6176500000000        2939.21535558767     
   15.6262700000000        2898.91710733259     
   15.6348800000000        2854.90576705781     
   15.6434900000000        2808.84946256979     
   15.6521000000000        2762.94965786916     
   15.6607000000000        2720.03914668994     
   15.6693000000000        2683.07786285914     
   15.6779000000000        2654.52143239388     
   15.6864900000000        2635.44370782769     
   15.6950800000000        2624.89881156416     
   15.7036700000000        2619.87869952745     
   15.7122600000000        2615.95164664451     
   15.7208400000000        2608.90795681504     
   15.7294100000000        2596.56791188793     
   15.7379900000000        2579.63789328748     
   15.7465600000000        2561.38509285363     
   15.7551300000000        2545.91374608606     
   15.7637000000000        2536.20373979614     
   15.7722600000000        2532.73894576514     
   15.7808200000000        2533.56724800890     
   15.7893700000000        2535.49324886034     
   15.7979300000000        2535.37125854770     
   15.8064700000000        2530.89463073484     
   15.8150200000000        2520.91186258504     
   15.8235600000000        2505.72771239470     
   15.8321000000000        2487.18484527470     
   15.8406400000000        2468.26423606165     
   15.8491800000000        2451.96033962614     
   15.8577100000000        2440.21938208077     
   15.8662300000000        2433.53657270052     
   15.8747600000000        2431.20456129402     
   15.8832800000000        2431.73567734221     
   15.8918000000000        2433.40334879273     
   15.9003100000000        2434.96272723814     
   15.9088200000000        2436.04162938099     
   15.9173300000000        2436.92998690476     
   15.9258400000000        2438.14120321451     
   15.9343400000000        2440.10667351628     
   15.9428400000000        2442.91332635883     
   15.9513300000000        2445.87084077454     
   15.9598300000000        2447.13168898543     
   15.9683100000000        2443.81206877936     
   15.9768000000000        2432.93476690859     
   15.9852800000000        2412.86032886982     
   15.9937600000000        2384.18373015921     
   16.0022400000000        2349.63293089871     
   16.0107100000000        2312.99758533545     
   16.0191800000000        2277.71866399574     
   16.0276500000000        2246.17186868327     
   16.0361200000000        2219.19591082162     
   16.0445800000000        2195.99906337395     
   16.0530300000000        2174.42514853747     
   16.0614900000000        2151.80248894017     
   16.0699400000000        2126.31273556998     
   16.0783900000000        2097.89226299871     
   16.0868300000000        2068.65578137084     
   16.0952800000000        2041.86857002045     
   16.1037100000000        2020.64837377673     
   16.1121500000000        2006.41157529145     
   16.1205800000000        1998.95527563143     
   16.1290100000000        1996.98870400609     
   16.1374400000000        1999.13313785163     
   16.1458600000000        2004.32346019332     
   16.1542800000000        2011.52779584614     
   16.1627000000000        2019.13351318952     
   16.1711100000000        2024.66287928226     
   16.1795200000000        2025.09677663610     
   16.1879300000000        2017.59053424176     
   16.1963300000000        2000.47993510233     
   16.2047300000000        1974.11085983318     
   16.2131300000000        1941.18767324884     
   16.2215200000000        1906.15603656258     
   16.2299100000000        1873.62524122783     
   16.2383000000000        1847.09913777808     
   16.2466900000000        1828.26470545183     
   16.2550700000000        1816.97958156081     
   16.2634500000000        1811.46009534633     
   16.2718200000000        1808.78512173706     
   16.2802000000000        1805.71648344274     
   16.2885600000000        1799.85586104750     
   16.2969300000000        1790.41920522814     
   16.3052900000000        1778.39593290511     
   16.3136500000000        1765.84373915474     
   16.3220100000000        1755.03781800378     
   16.3303600000000        1747.85979810226     
   16.3387100000000        1745.64430890584     
   16.3470600000000        1749.38898793530     
   16.3554000000000        1759.85990527642     
   16.3637400000000        1777.49026936064     
   16.3720800000000        1801.93545628028     
   16.3804200000000        1831.62299472708     
   16.3887500000000        1863.67152592301     
   16.3970700000000        1894.51159808433     
   16.4054000000000        1920.69678571406     
   16.4137200000000        1939.24410290559     
   16.4220400000000        1948.11315780199     
   16.4303500000000        1946.31262319647     
   16.4386700000000        1934.22614582493     
   16.4469700000000        1913.75806491556     
   16.4552800000000        1887.69823499217     
   16.4635800000000        1859.07950596121     
   16.4718800000000        1830.05141633884     
   16.4801800000000        1801.49013282398     
   16.4884700000000        1773.18339915166     
   16.4967600000000        1744.49782243596     
   16.5050500000000        1715.30623679753     
   16.5133300000000        1686.31364321356     
   16.5216100000000        1658.64130331574     
   16.5298900000000        1633.30376030082     
   16.5381600000000        1610.67878418258     
   16.5464300000000        1590.28303688832     
   16.5547000000000        1571.11531184556     
   16.5629700000000        1552.06685214174     
   16.5712300000000        1532.29105978336     
   16.5794900000000        1511.21471062034     
   16.5877400000000        1488.51969823309     
   16.5959900000000        1463.92350354837     
   16.6042400000000        1437.25014542806     
   16.6124900000000        1408.47111622428     
   16.6207300000000        1377.82714419476     
   16.6289700000000        1345.81106523883     
   16.6372000000000        1313.34870998646     
   16.6454400000000        1281.48589583931     
   16.6536700000000        1251.44825514113     
   16.6618900000000        1224.25701179454     
   16.6701200000000        1200.70358968131     
   16.6783400000000        1181.44398810356     
   16.6865500000000        1166.64548273022     
   16.6947700000000        1155.92682060974     
   16.7029800000000        1148.47884416296     
   16.7111900000000        1143.11830376526     
   16.7193900000000        1138.52610692196     
   16.7275900000000        1133.37133302733     
   16.7357900000000        1126.49179083772     
   16.7439800000000        1117.09607080882     
   16.7521800000000        1104.88933470199     
   16.7603600000000        1090.24989447611     
   16.7685500000000        1073.97722967165     
   16.7767300000000        1057.26907877868     
   16.7849100000000        1041.32167556170     
   16.7930900000000        1027.21846888500     
   16.8012600000000        1015.83234828967     
   16.8094300000000        1007.71994977656     
   16.8175900000000        1003.07513025810     
   16.8257600000000        1001.60389693894     
   16.8339200000000        1002.62722128911     
   16.8420700000000        1005.34656414713     
   16.8502300000000        1009.24414695037     
   16.8583800000000        1014.26017345720     
   16.8665300000000        1020.71376035096     
   16.8746700000000        1028.93073561160     
   16.8828100000000        1038.93441490841     
   16.8909500000000        1050.27661613830     
   16.8990800000000        1062.12497874407     
   16.9072100000000        1073.54190098486     
   16.9153400000000        1083.62711896466     
   16.9234700000000        1091.53875333719     
   16.9315900000000        1096.37409801954     
   16.9397100000000        1097.14232252619     
   16.9478200000000        1092.87766910821     
   16.9559400000000        1082.90388705774     
   16.9640500000000        1067.19374761903     
   16.9721500000000        1046.50955149788     
   16.9802600000000        1022.26441724453     
   16.9883600000000        996.369394080200     
   16.9964500000000        970.629113315623     
   17.0045500000000        946.384094146565     
   17.0126400000000        924.527839119031     
   17.0207200000000        905.301923153307     
   17.0288100000000        888.438002691355     
   17.0368900000000        873.487980413161     
   17.0449700000000        859.898606782366     
   17.0530400000000        847.282308222269     
   17.0611100000000        835.402726228248     
   17.0691800000000        824.154491535268     
