   7.15970000000000        1118.88044808203     
   7.17100000000000        1088.05251174641     
   7.18231000000000        1065.38048514603     
   7.19360000000000        996.680164907917     
   7.20490000000000        922.649094023263     
   7.21619000000000        842.454330077437     
   7.22748000000000        815.629481057626     
   7.23877000000000        835.524926746898     
   7.25005000000000        780.734672984487     
   7.26133000000000        721.856813881403     
   7.27261000000000        631.881113111003     
   7.28388000000000        551.404121595587     
   7.29515000000000        474.037068736706     
   7.30642000000000        452.308098689519     
   7.31768000000000        424.810813512458     
   7.32894000000000        420.662194719291     
   7.34020000000000        435.122897553832     
   7.35146000000000        462.271506142244     
   7.36271000000000        497.100007442876     
   7.37396000000000        546.277638724773     
   7.38520000000000        573.629481037510     
   7.39644000000000        553.163328234518     
   7.40768000000000        528.724706834611     
   7.41892000000000        488.014072647964     
   7.43015000000000        452.631434671768     
   7.44138000000000        448.375018169081     
   7.45261000000000        427.017520326280     
   7.46383000000000        396.912833326546     
   7.47505000000000        365.237396469678     
   7.48626000000000        317.505078048976     
   7.49748000000000        294.590818830034     
   7.50869000000000        295.252531488181     
   7.51990000000000        280.719352665450     
   7.53110000000000        277.010603359951     
   7.54230000000000        282.904942382105     
   7.55350000000000        287.432160271329     
   7.56469000000000        273.731165428635     
   7.57588000000000        258.717575184741     
   7.58707000000000        255.623245120788     
   7.59826000000000        271.762465845182     
   7.60944000000000        283.077325603557     
   7.62062000000000        297.844429088682     
   7.63179000000000        315.101222964057     
   7.64296000000000        318.447088205192     
   7.65413000000000        311.446014297371     
   7.66530000000000        306.075419149335     
   7.67646000000000        315.805221630655     
   7.68762000000000        335.831818896928     
   7.69878000000000        340.293704042732     
   7.70993000000000        325.257714141811     
   7.72108000000000        318.586285075223     
   7.73223000000000        327.645065043881     
   7.74337000000000        333.737996861634     
   7.75451000000000        341.259195277512     
   7.76565000000000        354.510608116343     
   7.77678000000000        370.231459746966     
   7.78791000000000        384.298708568043     
   7.79904000000000        397.183138546195     
   7.81017000000000        416.279903914627     
   7.82129000000000        427.770748186108     
   7.83241000000000        434.873035621166     
   7.84352000000000        433.792664815100     
   7.85463000000000        426.006546952555     
   7.86574000000000        429.362535829071     
   7.87685000000000        439.882909700004     
   7.88795000000000        447.805336407025     
   7.89905000000000        452.513683486892     
   7.91015000000000        447.388113105451     
   7.92124000000000        424.004103960167     
   7.93233000000000        410.201740914006     
   7.94342000000000        406.002737185575     
   7.95450000000000        406.166834524142     
   7.96558000000000        413.306276755089     
   7.97666000000000        418.912457315110     
   7.98773000000000        428.828684070285     
   7.99880000000000        444.622973938572     
   8.00987000000000        449.527610119141     
   8.02093000000000        447.875407474748     
   8.03200000000000        447.080461399093     
   8.04305000000000        446.962067375641     
   8.05411000000000        443.560310704336     
   8.06516000000000        454.632525515146     
   8.07621000000000        475.043612917714     
   8.08726000000000        499.076971415701     
   8.09830000000000        517.096445003756     
   8.10934000000000        537.249884035668     
   8.12037000000000        544.034539817991     
   8.13141000000000        539.712723663027     
   8.14244000000000        534.860794296512     
   8.15346000000000        529.296868097446     
   8.16449000000000        511.751332024562     
   8.17551000000000        493.848428111479     
   8.18652000000000        479.328155703872     
   8.19754000000000        467.724051928678     
   8.20855000000000        459.566903129296     
   8.21955000000000        461.928301590984     
   8.23056000000000        480.377994916262     
   8.24156000000000        488.780510625925     
   8.25256000000000        492.400016951906     
   8.26355000000000        489.338450103000     
   8.27454000000000        485.286381221614     
   8.28553000000000        498.864503591450     
   8.29652000000000        516.335468819217     
   8.30750000000000        536.206032418973     
   8.31848000000000        542.085679732993     
   8.32946000000000        529.164075275697     
   8.34043000000000        524.927241749190     
   8.35140000000000        516.942461014402     
   8.36236000000000        515.232064431934     
   8.37333000000000        518.541151703175     
   8.38429000000000        517.534730551006     
   8.39524000000000        513.807889086161     
   8.40620000000000        529.042598412680     
   8.41715000000000        554.037490958843     
   8.42810000000000        574.894497093708     
   8.43904000000000        597.687571761647     
   8.44998000000000        626.988366543673     
   8.46092000000000        664.122739397651     
   8.47185000000000        693.633087382535     
   8.48278000000000        710.071335938141     
   8.49371000000000        711.572419795560     
   8.50464000000000        709.508603897922     
   8.51556000000000        705.599307951256     
   8.52648000000000        691.727508383235     
   8.53739000000000        677.036836873260     
   8.54831000000000        675.597513795527     
   8.55922000000000        681.113088661938     
   8.57012000000000        680.133276543689     
   8.58103000000000        683.102849767300     
   8.59193000000000        693.467424376865     
   8.60282000000000        703.227256647739     
   8.61372000000000        702.072474000307     
   8.62461000000000        703.842137559979     
   8.63549000000000        706.737659196068     
   8.64638000000000        696.381771990768     
   8.65726000000000        682.206504740037     
   8.66814000000000        682.962886477511     
   8.67901000000000        692.281424447263     
   8.68988000000000        696.537804847324     
   8.70075000000000        683.546714820052     
   8.71161000000000        675.630443676801     
   8.72248000000000        665.289154047095     
   8.73333000000000        647.011694258949     
   8.74419000000000        632.789091204059     
   8.75504000000000        619.251085366295     
   8.76589000000000        604.223180328068     
   8.77674000000000        604.195589554385     
   8.78758000000000        609.034840621650     
   8.79842000000000        611.153344340519     
   8.80926000000000        609.822491874009     
   8.82009000000000        601.999584123467     
   8.83092000000000        595.097234316750     
   8.84175000000000        597.354466416244     
   8.85257000000000        595.482758422936     
   8.86339000000000        593.153346169622     
   8.87421000000000        598.640455678468     
   8.88502000000000        601.613157700788     
   8.89583000000000        600.074303238810     
   8.90664000000000        595.243178440905     
   8.91745000000000        594.283094561707     
   8.92825000000000        598.225910969637     
   8.93905000000000        597.654226891133     
   8.94984000000000        591.877607677839     
   8.96063000000000        585.926688596177     
   8.97142000000000        584.807496272197     
   8.98221000000000        588.586009071030     
   8.99299000000000        610.889193777416     
   9.00377000000000        646.422409811861     
   9.01455000000000        685.222531362022     
   9.02532000000000        751.466117304933     
   9.03609000000000        856.483763202510     
   9.04686000000000        996.085413302524     
   9.05762000000000        1155.71714395134     
   9.06838000000000        1330.64111087128     
   9.07914000000000        1501.77392530434     
   9.08989000000000        1598.20171097851     
   9.10064000000000        1595.28227759137     
   9.11139000000000        1542.29165500143     
   9.12214000000000        1502.89861875797     
   9.13288000000000        1486.88250086159     
   9.14362000000000        1480.59196905278     
   9.15435000000000        1422.02203320749     
   9.16508000000000        1307.18476286331     
   9.17581000000000        1221.44905822522     
   9.18654000000000        1209.88391340690     
   9.19726000000000        1208.11106555317     
   9.20798000000000        1173.57428613452     
   9.21870000000000        1142.03033978499     
   9.22941000000000        1131.28914774118     
   9.24012000000000        1115.28541430087     
   9.25082000000000        1080.15896660409     
   9.26153000000000        1047.02170258483     
   9.27223000000000        1017.76267754877     
   9.28293000000000        1015.02755330655     
   9.29362000000000        1041.05453602947     
   9.30431000000000        1065.28871912843     
   9.31500000000000        1046.82255594682     
   9.32568000000000        1030.19533191073     
   9.33636000000000        1067.88910433422     
   9.34704000000000        1150.04433398997     
   9.35772000000000        1232.49677870638     
   9.36839000000000        1277.63691766713     
   9.37906000000000        1279.87985985320     
   9.38972000000000        1280.88815701029     
   9.40038000000000        1308.95483453807     
   9.41104000000000        1361.09629954495     
   9.42170000000000        1403.59085296312     
   9.43235000000000        1431.00750601191     
   9.44300000000000        1469.19709477303     
   9.45365000000000        1534.00842818565     
   9.46429000000000        1585.23183918845     
   9.47493000000000        1608.33755221632     
   9.48557000000000        1640.23322369797     
   9.49620000000000        1649.33367581759     
   9.50683000000000        1637.06938605641     
   9.51746000000000        1597.08155005552     
   9.52808000000000        1584.43590515417     
   9.53871000000000        1633.51664383745     
   9.54932000000000        1710.14398698696     
   9.55994000000000        1805.96216690154     
   9.57055000000000        1859.21903793720     
   9.58116000000000        1852.75763611731     
   9.59176000000000        1836.53762485265     
   9.60237000000000        1847.39413164028     
   9.61296000000000        1864.58718866565     
   9.62356000000000        1904.28362654860     
   9.63415000000000        1947.66814933069     
   9.64474000000000        1960.26690087376     
   9.65533000000000        1948.66087902793     
   9.66591000000000        1948.55317193534     
   9.67649000000000        1970.30429949846     
   9.68707000000000        1994.30862504662     
   9.69764000000000        2021.51557013027     
   9.70821000000000        2066.62657080482     
   9.71878000000000        2177.14180415081     
   9.72934000000000        2334.73968360403     
   9.73990000000000        2447.50659130270     
   9.75046000000000        2480.50712126258     
   9.76102000000000        2476.72946951172     
   9.77157000000000        2498.01537665218     
   9.78212000000000        2527.96925697635     
   9.79266000000000        2526.93005615605     
   9.80320000000000        2511.09194622849     
   9.81374000000000        2486.67306161638     
   9.82428000000000        2473.30456844089     
   9.83481000000000        2491.89796787690     
   9.84534000000000        2510.26134746785     
   9.85586000000000        2524.85165100302     
   9.86639000000000        2530.07609925933     
   9.87691000000000        2441.36169236582     
   9.88742000000000        2336.52550066960     
   9.89794000000000        2348.92607735384     
   9.90845000000000        2409.65394205724     
   9.91895000000000        2429.91746415487     
   9.92946000000000        2428.03800162791     
   9.93996000000000        2394.01044042891     
   9.95046000000000        2330.89032109396     
   9.96095000000000        2259.42580631385     
   9.97144000000000        2187.75669709430     
   9.98193000000000        2122.72344595414     
   9.99242000000000        2102.70711997210     
   10.0029000000000        2132.19751664809     
   10.0133800000000        2166.04241552311     
   10.0238500000000        2188.56605130232     
   10.0343200000000        2173.94591862164     
   10.0447900000000        2142.16961034147     
   10.0552600000000        2123.32943514164     
   10.0657200000000        2110.09600464474     
   10.0761800000000        2103.21395756150     
   10.0866400000000        2112.44190752004     
   10.0970900000000        2138.27403602223     
   10.1075400000000        2168.45316520455     
   10.1179900000000        2168.92594416850     
   10.1284300000000        2139.83679366539     
   10.1388700000000        2143.61537672638     
   10.1493100000000        2179.11329659711     
   10.1597400000000        2158.80468676569     
   10.1701700000000        2110.63386098045     
   10.1806000000000        2097.97010520868     
   10.1910300000000        2093.09182929408     
   10.2014500000000        2078.73488238058     
   10.2118700000000        2100.19466493962     
   10.2222800000000        2145.19164061070     
   10.2326900000000        2154.42290909055     
   10.2431000000000        2125.33169995328     
   10.2535100000000        2090.54125029145     
   10.2639100000000        2066.53293408871     
   10.2743100000000        2051.63334916642     
   10.2847100000000        2084.54403912841     
   10.2951000000000        2171.07916163952     
   10.3054900000000        2232.62471878388     
   10.3158800000000        2242.25975631299     
   10.3262600000000        2243.13643259791     
   10.3366400000000        2225.09275797408     
   10.3470200000000        2192.44976669789     
   10.3573900000000        2202.37153140530     
   10.3677600000000        2265.01423681106     
   10.3781300000000        2323.03875258077     
   10.3884900000000        2342.81223008676     
   10.3988600000000        2332.06235098998     
   10.4092100000000        2310.66070159063     
   10.4195700000000        2301.22652775609     
   10.4299200000000        2306.93604120062     
   10.4402700000000        2308.97839194838     
   10.4506100000000        2280.40177615502     
   10.4609600000000        2216.80437358186     
   10.4713000000000        2131.91703353410     
   10.4816300000000        2041.16686923350     
   10.4919600000000        1976.46337627354     
   10.5022900000000        1944.75880708803     
   10.5126200000000        1921.62911149417     
   10.5229400000000        1892.93177041668     
   10.5332600000000        1836.59871110909     
   10.5435800000000        1763.07602987698     
   10.5539000000000        1687.41089398718     
   10.5642100000000        1613.42398556316     
   10.5745100000000        1546.99341345272     
   10.5848200000000        1491.81121687862     
   10.5951200000000        1437.29852105665     
   10.6054200000000        1387.91990118728     
   10.6157100000000        1353.38980423247     
   10.6260000000000        1343.18721646863     
   10.6362900000000        1366.01104773601     
   10.6465800000000        1389.70752398504     
   10.6568600000000        1396.30281488553     
   10.6671400000000        1400.93186385527     
   10.6774100000000        1411.42199132486     
   10.6876900000000        1428.95477797800     
   10.6979600000000        1455.02494481112     
   10.7082200000000        1493.47651972269     
   10.7184900000000        1546.17386816367     
   10.7287500000000        1603.53077726920     
   10.7390000000000        1657.23612921330     
   10.7492600000000        1708.28987705560     
   10.7595100000000        1755.31249498946     
   10.7697500000000        1808.11457778455     
   10.7800000000000        1887.78041128744     
   10.7902400000000        1987.86715728529     
   10.8004800000000        2083.98753357457     
   10.8107100000000        2158.75840835542     
   10.8209400000000        2192.04659334621     
   10.8311700000000        2197.08641057842     
   10.8414000000000        2211.82913168936     
   10.8516200000000        2247.71609071005     
   10.8618400000000        2300.61678852939     
   10.8720500000000        2351.48841297789     
   10.8822700000000        2384.30507257891     
   10.8924800000000        2390.63543214614     
   10.9026800000000        2367.33436974114     
   10.9128800000000        2337.33588523347     
   10.9230800000000        2331.69806330987     
   10.9332800000000        2347.87280197895     
   10.9434700000000        2370.82861670718     
   10.9536600000000        2401.25630686655     
   10.9638500000000        2420.28145745454     
   10.9740400000000        2391.94932832445     
   10.9842200000000        2315.67204416617     
   10.9943900000000        2217.38267337585     
   11.0045700000000        2126.41152354468     
   11.0147400000000        2064.22354381506     
   11.0249100000000        2019.86115114034     
   11.0350700000000        1977.55784035923     
   11.0452300000000        1934.75630863099     
   11.0553900000000        1902.21344488491     
   11.0655500000000        1897.91729903492     
   11.0757000000000        1921.82586704752     
   11.0858500000000        1959.53691656679     
   11.0960000000000        1996.74693605990     
   11.1061400000000        2016.66518529959     
   11.1162800000000        2018.98293989028     
   11.1264200000000        2024.45608244393     
   11.1365500000000        2050.09044331037     
   11.1466800000000        2093.56418262543     
   11.1568100000000        2135.83858525776     
   11.1669300000000        2167.88043346460     
   11.1770500000000        2198.48650481839     
   11.1871700000000        2235.07604777816     
   11.1972800000000        2264.01288893767     
   11.2073900000000        2273.95059928868     
   11.2175000000000        2265.55374570074     
   11.2276100000000        2259.48106095831     
   11.2377100000000        2280.28962055753     
   11.2478100000000        2329.42868073765     
   11.2579000000000        2386.33149294235     
   11.2679900000000        2433.27999425128     
   11.2780800000000        2466.29095333042     
   11.2881700000000        2490.32152710366     
   11.2982500000000        2517.16641473780     
   11.3083300000000        2561.44360714455     
   11.3184100000000        2616.92555444714     
   11.3284800000000        2655.35445026828     
   11.3385500000000        2667.16424856385     
   11.3486200000000        2671.03004747217     
   11.3586800000000        2689.29646040336     
   11.3687400000000        2727.48110149851     
   11.3788000000000        2768.53665973258     
   11.3888500000000        2802.03674345864     
   11.3989000000000        2824.97584277689     
   11.4089500000000        2839.53304588412     
   11.4189900000000        2861.00520404824     
   11.4290400000000        2892.88358648948     
   11.4390700000000        2916.75415857571     
   11.4491100000000        2911.52472675364     
   11.4591400000000        2885.20960024115     
   11.4691700000000        2858.32097069425     
   11.4792000000000        2845.20419859815     
   11.4892200000000        2847.51609217832     
   11.4992400000000        2862.12465395321     
   11.5092500000000        2879.70989975729     
   11.5192700000000        2878.29628650774     
   11.5292800000000        2862.33330281889     
   11.5392800000000        2856.07044792987     
   11.5492900000000        2865.16265809886     
   11.5592900000000        2879.78131407433     
   11.5692800000000        2889.79393012089     
   11.5792800000000        2901.06427707738     
   11.5892700000000        2919.67128991461     
   11.5992600000000        2939.35985455697     
   11.6092400000000        2960.09169506910     
   11.6192200000000        2979.63343986419     
   11.6292000000000        2987.97216522579     
   11.6391700000000        2985.54363005329     
   11.6491500000000        2978.20923033476     
   11.6591200000000        2973.83372746847     
   11.6690800000000        2975.06825607406     
   11.6790400000000        2978.55745216548     
   11.6890000000000        2979.31522324112     
   11.6989600000000        2975.27196489566     
   11.7089100000000        2977.24353835279     
   11.7188600000000        2992.64867376948     
   11.7288100000000        3009.89527168627     
   11.7387500000000        3020.72997896492     
   11.7486900000000        3023.60164372369     
   11.7586300000000        3006.71094000713     
   11.7685600000000        2974.41055241602     
   11.7784900000000        2938.11618875004     
   11.7884200000000        2885.37630106978     
   11.7983400000000        2829.67921319043     
   11.8082600000000        2804.70845315268     
   11.8181800000000        2816.59044990838     
   11.8281000000000        2846.31326472229     
   11.8380100000000        2863.56543159907     
   11.8479200000000        2852.03296718328     
   11.8578200000000        2817.73309162173     
   11.8677200000000        2772.41140153632     
   11.8776200000000        2723.69041414657     
   11.8875200000000        2671.41355058852     
   11.8974100000000        2618.91650171361     
   11.9073000000000        2574.52541026242     
   11.9171900000000        2544.32913900279     
   11.9270700000000        2526.20120632303     
   11.9369500000000        2516.22169030893     
   11.9468300000000        2517.13334570505     
   11.9567000000000        2526.08360671114     
   11.9665700000000        2527.19416974021     
   11.9764400000000        2501.63383784755     
   11.9863000000000        2445.25769096049     
   11.9961600000000        2378.71629598344     
   12.0060200000000        2326.60134318085     
   12.0158700000000        2293.02860854626     
   12.0257300000000        2271.60834665680     
   12.0355700000000        2266.58036801055     
   12.0454200000000        2287.70844442739     
   12.0552600000000        2332.96291311974     
   12.0651000000000        2387.32678590933     
   12.0749400000000        2439.46037704461     
   12.0847700000000        2486.45045033076     
   12.0946000000000        2534.21936556148     
   12.1044200000000        2586.38505151819     
   12.1142500000000        2630.53172188795     
   12.1240700000000        2659.83822593958     
   12.1338800000000        2690.39898129753     
   12.1437000000000        2744.76082405965     
   12.1535100000000        2825.29353818141     
   12.1633100000000        2907.68081754523     
   12.1731200000000        2970.69833451900     
   12.1829200000000        3014.68319685596     
   12.1927200000000        3042.72716013817     
   12.2025100000000        3063.73217988440     
   12.2123000000000        3086.99352018143     
   12.2220900000000        3100.55093423324     
   12.2318700000000        3096.13441119074     
   12.2416600000000        3083.60908606990     
   12.2514300000000        3068.54273455478     
   12.2612100000000        3054.40203397874     
   12.2709800000000        3057.04125960736     
   12.2807500000000        3089.40197994114     
   12.2905200000000        3141.87619188970     
   12.3002800000000        3199.77390612556     
   12.3100400000000        3258.47684923832     
   12.3198000000000        3308.38496433542     
   12.3295500000000        3333.28705056249     
   12.3393000000000        3335.93161937547     
   12.3490500000000        3340.58706062944     
   12.3587900000000        3362.96102760143     
   12.3685300000000        3392.65096785819     
   12.3782700000000        3405.05392450825     
   12.3880000000000        3393.60879602316     
   12.3977300000000        3377.66891033977     
   12.4074600000000        3373.93594227737     
   12.4171800000000        3378.45511515293     
   12.4269100000000        3377.40833093412     
   12.4366200000000        3364.01084394689     
   12.4463400000000        3337.68206003206     
   12.4560500000000        3291.12770567587     
   12.4657600000000        3216.47491800526     
   12.4754700000000        3120.77617340491     
   12.4851700000000        3029.67854741080     
   12.4948700000000        2969.04251018836     
   12.5045600000000        2952.49376437218     
   12.5142600000000        2979.87285557010     
   12.5239500000000        3037.54731893155     
   12.5336300000000        3102.00856123246     
   12.5433200000000        3151.77428659697     
   12.5530000000000        3176.15777177274     
   12.5626800000000        3178.54966124371     
   12.5723500000000        3170.84547859463     
   12.5820200000000        3162.02195321601     
   12.5916900000000        3152.59420983402     
   12.6013500000000        3135.84376881130     
   12.6110100000000        3112.28837594539     
   12.6206700000000        3094.48230247931     
   12.6303300000000        3086.53567550020     
   12.6399800000000        3082.43763259105     
   12.6496300000000        3074.85874590579     
   12.6592700000000        3051.92728117477     
   12.6689200000000        3005.21441994604     
   12.6785500000000        2948.23619643937     
   12.6881900000000        2907.84775142996     
   12.6978200000000        2901.58406008504     
   12.7074500000000        2934.57396877704     
   12.7170800000000        3003.47980070451     
   12.7267000000000        3092.49671486082     
   12.7363200000000        3177.24968167586     
   12.7459400000000        3239.03484881384     
   12.7555500000000        3271.15399706078     
   12.7651600000000        3275.25837106537     
   12.7747700000000        3257.44920382955     
   12.7843800000000        3225.87459840822     
   12.7939800000000        3195.22639965517     
   12.8035800000000        3183.85706450245     
   12.8131700000000        3198.26041461361     
   12.8227600000000        3224.47094070426     
   12.8323500000000        3243.05724958888     
   12.8419400000000        3249.86685278669     
   12.8515200000000        3253.66404973377     
   12.8611000000000        3262.23232190719     
   12.8706700000000        3277.19218354493     
   12.8802500000000        3296.34000985130     
   12.8898100000000        3314.55284601540     
   12.8993800000000        3327.01560315514     
   12.9089400000000        3337.72010853913     
   12.9185000000000        3358.58937027652     
   12.9280600000000        3397.02639607792     
   12.9376100000000        3447.75900383553     
   12.9471700000000        3500.62243169379     
   12.9567100000000        3551.75419216662     
   12.9662600000000        3602.81121081593     
   12.9758000000000        3651.08800833506     
   12.9853400000000        3690.78507058121     
   12.9948700000000        3720.30008336899     
   13.0044000000000        3737.88831780742     
   13.0139300000000        3738.89363225478     
   13.0234600000000        3727.64775521743     
   13.0329800000000        3719.30430498681     
   13.0425000000000        3723.47203585860     
   13.0520100000000        3738.00406984692     
   13.0615200000000        3756.03203172928     
   13.0710300000000        3774.12692469084     
   13.0805400000000        3794.62509274365     
   13.0900400000000        3822.40337248944     
   13.0995400000000        3865.17666261798     
   13.1090400000000        3930.87862698977     
   13.1185300000000        4017.31642476062     
   13.1280200000000        4110.12169253432     
   13.1375100000000        4193.61755714867     
   13.1469900000000        4260.82775663633     
   13.1564700000000        4314.11248956872     
   13.1659500000000        4359.40784151801     
   13.1754300000000        4400.10106872816     
   13.1849000000000        4437.08947699398     
   13.1943700000000        4472.30021300966     
   13.2038300000000        4508.64519184064     
   13.2132900000000        4546.20711109984     
   13.2227500000000        4576.98180144026     
   13.2322100000000        4590.20876056574     
   13.2416600000000        4582.85899176357     
   13.2511100000000        4561.50812088722     
   13.2605500000000        4537.78233100926     
   13.2700000000000        4519.95070166489     
   13.2794400000000        4507.77965970109     
   13.2888700000000        4494.15926884146     
   13.2983100000000        4470.12106651637     
   13.3077400000000        4429.58133304636     
   13.3171600000000        4375.86653288219     
   13.3265900000000        4321.02969004956     
   13.3360100000000        4275.69606597795     
   13.3454300000000        4242.92080420377     
   13.3548400000000        4219.57050971572     
   13.3642500000000        4201.02475728050     
   13.3736600000000        4185.79394908178     
   13.3830600000000        4174.65366302956     
   13.3924700000000        4170.74268652042     
   13.4018600000000        4179.27063481595     
   13.4112600000000        4197.44572493494     
   13.4206500000000        4211.65303720881     
   13.4300400000000        4213.24619390502     
   13.4394300000000        4206.50346478036     
   13.4488100000000        4199.44807792499     
   13.4581900000000        4196.19738405041     
   13.4675600000000        4196.91744946843     
   13.4769400000000        4199.20987037878     
   13.4863100000000        4202.01646019680     
   13.4956700000000        4210.13089752861     
   13.5050400000000        4228.19647324776     
   13.5144000000000        4250.54193777215     
   13.5237600000000        4263.52894886021     
   13.5331100000000        4256.95160950327     
   13.5424600000000        4232.40035134050     
   13.5518100000000        4199.59768602218     
   13.5611500000000        4169.24823664695     
   13.5704900000000        4150.79423025307     
   13.5798300000000        4151.10734182529     
   13.5891700000000        4171.93124761002     
   13.5985000000000        4208.09487460429     
   13.6078300000000        4250.46051287270     
   13.6171500000000        4291.95102336502     
   13.6264800000000        4329.86969594385     
   13.6358000000000        4363.34445454039     
   13.6451100000000        4392.15672445405     
   13.6544200000000        4417.42078872417     
   13.6637300000000        4440.51938596247     
   13.6730400000000        4461.05760648138     
   13.6823400000000        4477.36809501170     
   13.6916400000000        4488.61291307825     
   13.7009400000000        4494.97617727621     
   13.7102400000000        4495.38620161733     
   13.7195300000000        4487.79219846653     
   13.7288100000000        4473.67677691170     
   13.7381000000000        4459.48752208465     
   13.7473800000000        4451.32720616849     
   13.7566600000000        4448.55925916241     
   13.7659300000000        4444.24492735819     
   13.7752000000000        4433.62195690823     
   13.7844700000000        4420.25915330227     
   13.7937400000000        4412.71774730249     
   13.8030000000000        4419.39113276210     
   13.8122600000000        4446.38082615271     
   13.8215200000000        4496.53356999243     
   13.8307700000000        4568.68360180833     
   13.8400200000000        4658.18694167161     
   13.8492600000000        4758.49660028979     
   13.8585100000000        4861.34476661941     
   13.8677500000000        4955.35979620271     
   13.8769800000000        5031.29426286691     
   13.8862200000000        5086.48630403083     
   13.8954500000000        5122.94988988273     
   13.9046800000000        5142.46414948689     
   13.9139000000000        5143.89080947722     
   13.9231200000000        5126.16728842355     
   13.9323400000000        5091.75455076676     
   13.9415500000000        5049.36212098496     
   13.9507700000000        5015.03023506232     
   13.9599700000000        5006.62605800876     
   13.9691800000000        5032.26909675245     
   13.9783800000000        5085.31062902628     
   13.9875800000000        5149.88508758092     
   13.9967800000000        5209.46286764139     
   14.0059700000000        5254.32528217209     
   14.0151600000000        5285.97652881837     
   14.0243400000000        5311.93335571471     
   14.0335300000000        5337.91036372718     
   14.0427100000000        5365.54451267184     
   14.0518800000000        5392.56238554572     
   14.0610600000000        5413.10130964471     
   14.0702300000000        5420.77512141129     
   14.0794000000000        5413.40580701433     
   14.0885600000000        5395.06459810694     
   14.0977200000000        5373.14160422249     
   14.1068800000000        5354.24926608700     
   14.1160300000000        5343.48349622404     
   14.1251800000000        5343.40218184627     
   14.1343300000000        5350.53624989474     
   14.1434800000000        5355.62726637766     
   14.1526200000000        5350.59140811614     
   14.1617600000000        5333.92271264410     
   14.1708900000000        5309.27384115843     
   14.1800300000000        5283.16728608735     
   14.1891500000000        5265.75533393286     
   14.1982800000000        5267.89842412428     
   14.2074000000000        5294.02268421017     
   14.2165200000000        5338.22701770503     
   14.2256400000000        5388.63197386393     
   14.2347500000000        5435.58278142456     
   14.2438600000000        5477.92271685402     
   14.2529700000000        5523.31544784949     
   14.2620700000000        5583.20987343881     
   14.2711800000000        5666.64952159232     
   14.2802700000000        5775.93786231225     
   14.2893700000000        5907.16713355343     
   14.2984600000000        6049.61989990043     
   14.3075500000000        6189.42782330598     
   14.3166300000000        6315.32040301505     
   14.3257100000000        6425.35075310450     
   14.3347900000000        6523.64157492216     
   14.3438700000000        6610.60630382096     
   14.3529400000000        6678.65230068455     
   14.3620100000000        6717.65323612972     
   14.3710700000000        6720.92285483480     
   14.3801400000000        6687.42861426613     
   14.3892000000000        6622.05231571380     
   14.3982500000000        6533.99368847962     
   14.4073100000000        6432.42365877120     
   14.4163600000000        6324.78232906795     
   14.4254000000000        6217.44643050304     
   14.4344500000000        6116.54728703804     
   14.4434900000000        6026.83523070960     
   14.4525200000000        5948.57977867237     
   14.4615600000000        5877.79256502379     
   14.4705900000000        5810.40654255455     
   14.4796200000000        5745.90673480362     
   14.4886400000000        5687.26239761698     
   14.4976600000000        5636.34070746944     
   14.5066800000000        5591.97084320485     
   14.5157000000000        5551.33773054611     
   14.5247100000000        5512.37700524786     
   14.5337200000000        5475.52825153564     
   14.5427200000000        5444.70537904880     
   14.5517300000000        5425.94940263763     
   14.5607300000000        5425.21448764352     
   14.5697200000000        5445.25357057525     
   14.5787100000000        5483.19961467757     
   14.5877000000000        5530.86286660527     
   14.5966900000000        5578.41457964420     
   14.6056700000000        5618.74273369989     
   14.6146600000000        5650.34797790655     
   14.6236300000000        5675.95256403600     
   14.6326100000000        5697.84327259616     
   14.6415800000000        5713.49475401770     
   14.6505400000000        5718.42497214867     
   14.6595100000000        5712.51331487338     
   14.6684700000000        5700.81579766669     
   14.6774300000000        5688.06509873215     
   14.6863800000000        5675.73514487531     
   14.6953400000000        5664.01389539351     
   14.7042800000000        5653.31649790518     
   14.7132300000000        5643.45927697790     
   14.7221700000000        5633.97156395587     
   14.7311100000000        5624.77384878471     
   14.7400500000000        5615.61567095982     
   14.7489800000000        5603.86997332355     
   14.7579100000000        5582.81910005417     
   14.7668400000000        5544.38785978402     
   14.7757600000000        5485.62855683606     
   14.7846800000000        5411.65204204529     
   14.7936000000000        5332.70468961545     
   14.8025100000000        5259.25410762823     
   14.8114200000000        5199.05076565284     
   14.8203300000000        5157.63424037305     
   14.8292300000000        5138.72364058864     
   14.8381300000000        5142.86670505326     
   14.8470300000000        5166.48491136449     
   14.8559300000000        5203.02684222933     
   14.8648200000000        5245.40009598787     
   14.8737100000000        5287.70773436882     
   14.8825900000000        5324.83523204997     
   14.8914700000000        5352.43789464653     
   14.9003500000000        5368.29686693147     
   14.9092300000000        5373.36663159435     
   14.9181000000000        5370.02805482401     
   14.9269700000000        5359.56298210140     
   14.9358400000000        5341.78995805502     
   14.9447000000000        5316.21592606654     
   14.9535600000000        5282.67356267517     
   14.9624200000000        5241.67381641810     
   14.9712700000000        5194.92161730273     
   14.9801200000000        5145.63211331846     
   14.9889700000000        5098.27319326506     
   14.9978100000000        5056.99795912902     
   15.0066500000000        5024.06582973547     
   15.0154900000000        4999.77220370854     
   15.0243300000000        4982.63916032675     
   15.0331600000000        4969.60754472925     
   15.0419900000000        4956.80613647880     
   15.0508100000000        4941.16890951025     
   15.0596300000000        4921.55435050732     
   15.0684500000000        4898.86586098744     
   15.0772700000000        4874.89842796638     
   15.0860800000000        4850.60878068144     
   15.0948900000000        4825.49287283313     
   15.1037000000000        4799.45092169582     
   15.1125000000000        4774.73255975266     
   15.1213000000000        4754.83604243888     
   15.1301000000000        4741.62439617518     
   15.1388900000000        4734.21330139968     
   15.1476800000000        4730.70604402435     
   15.1564700000000        4730.25432905531     
   15.1652500000000        4733.27614668648     
   15.1740300000000        4740.33900547265     
   15.1828100000000        4750.90781661616     
   15.1915800000000        4762.72812848631     
   15.2003500000000        4772.11149466035     
   15.2091200000000        4774.57226451378     
   15.2178900000000        4765.76156114984     
   15.2266500000000        4742.81801899285     
   15.2354100000000        4705.59583654225     
   15.2441600000000        4656.74071055054     
   15.2529200000000        4599.24721096011     
   15.2616700000000        4534.30297116878     
   15.2704100000000        4461.26674586800     
   15.2791500000000        4381.03113115666     
   15.2878900000000        4298.73392685415     
   15.2966300000000        4222.17835385068     
   15.3053600000000        4157.54905776672     
   15.3140900000000        4106.09054873433     
   15.3228200000000        4064.80280030574     
   15.3315400000000        4029.44292836515     
   15.3402600000000        3997.88054039790     
   15.3489800000000        3971.68725825282     
   15.3577000000000        3954.46318611173     
   15.3664100000000        3948.50671240213     
   15.3751200000000        3952.42012207045     
   15.3838200000000        3961.47850654032     
   15.3925200000000        3969.72729633382     
   15.4012200000000        3971.59222848755     
   15.4099200000000        3962.76548973718     
   15.4186100000000        3941.32825859142     
   15.4273000000000        3908.53121343604     
   15.4359800000000        3868.37386381865     
   15.4446700000000        3825.80188471662     
   15.4533400000000        3785.53150590924     
   15.4620200000000        3750.59770733312     
   15.4706900000000        3722.36039927631     
   15.4793600000000        3699.90909039442     
   15.4880300000000        3680.40986797026     
   15.4966900000000        3660.01755819116     
   15.5053500000000        3635.47595706328     
   15.5140100000000        3605.81980571298     
   15.5226700000000        3572.86613082523     
   15.5313200000000        3540.17096691391     
   15.5399600000000        3511.03420250657     
   15.5486100000000        3487.12738107593     
   15.5572500000000        3468.43077980188     
   15.5658900000000        3453.39482867539     
   15.5745200000000        3439.58057163989     
   15.5831600000000        3424.17203458969     
   15.5917900000000        3404.69924988044     
   15.6004100000000        3379.41205339082     
   15.6090300000000        3347.51355595338     
   15.6176500000000        3309.17419584303     
   15.6262700000000        3265.25036742917     
   15.6348800000000        3217.09354993991     
   15.6434900000000        3166.33384975071     
   15.6521000000000        3115.18599966264     
   15.6607000000000        3066.57313158083     
   15.6693000000000        3023.65034247359     
   15.6779000000000        2989.15377380938     
   15.6864900000000        2964.37389306435     
   15.6950800000000        2948.35900476610     
   15.7036700000000        2937.90956449257     
   15.7122600000000        2928.37501116179     
   15.7208400000000        2915.47583066721     
   15.7294100000000        2897.14480380246     
   15.7379900000000        2874.31688515668     
   15.7465600000000        2850.57076936659     
   15.7551300000000        2830.28208310554     
   15.7637000000000        2816.59531644590     
   15.7722600000000        2809.97566755828     
   15.7808200000000        2808.27680324701     
   15.7893700000000        2808.06023317109     
   15.7979300000000        2805.99520939999     
   15.8064700000000        2799.70773741339     
   15.8150200000000        2788.03036005869     
   15.8235600000000        2771.28353625643     
   15.8321000000000        2751.32714321671     
   15.8406400000000        2731.14264817941     
   15.8491800000000        2713.66208957911     
   15.8577100000000        2700.70116722931     
   15.8662300000000        2692.59415760887     
   15.8747600000000        2688.47016521732     
   15.8832800000000        2686.69734109512     
   15.8918000000000        2685.44554610722     
   15.9003100000000        2683.46815963952     
   15.9088200000000        2680.47992038489     
   15.9173300000000        2676.91693715278     
   15.9258400000000        2673.46842901945     
   15.9343400000000        2670.75841076036     
   15.9428400000000        2669.02148195443     
   15.9513300000000        2667.63653214645     
   15.9598300000000        2664.69942234671     
   15.9683100000000        2657.21303698308     
   15.9768000000000        2642.04615580145     
   15.9852800000000        2617.51422250614     
   15.9937600000000        2584.31000357489     
   16.0022400000000        2545.41143091565     
   16.0107100000000        2504.90619192951     
   16.0191800000000        2466.44236255857     
   16.0276500000000        2432.45306111786     
   16.0361200000000        2403.67297489664     
   16.0445800000000        2379.09573771303     
   16.0530300000000        2356.31301640590     
   16.0614900000000        2332.43671582445     
   16.0699400000000        2305.53381290226     
   16.0783900000000        2275.54499255898     
   16.0868300000000        2244.68389887501     
   16.0952800000000        2216.31290903614     
   16.1037100000000        2193.58134523281     
   16.1121500000000        2177.84880364584     
   16.1205800000000        2168.86478757666     
   16.1290100000000        2165.38284146559     
   16.1374400000000        2166.20562638096     
   16.1458600000000        2170.51977588126     
   16.1542800000000        2177.47504197770     
   16.1627000000000        2185.46368838392     
   16.1711100000000        2191.81723807866     
   16.1795200000000        2193.19924454921     
   16.1879300000000        2186.41099087660     
   16.1963300000000        2169.49297917986     
   16.2047300000000        2142.65161558055     
   16.2131300000000        2108.65656552066     
   16.2215200000000        2072.17198368532     
   16.2299100000000        2038.03491723698     
   16.2383000000000        2009.88853588623     
   16.2466900000000        1989.48196097543     
   16.2550700000000        1976.73001607016     
   16.2634500000000        1969.92197663760     
   16.2718200000000        1966.19635346905     
   16.2802000000000        1962.31607186570     
   16.2885600000000        1955.83917244628     
   16.2969300000000        1945.92495206468     
   16.3052900000000        1933.53632107594     
   16.3136500000000        1920.72134141912     
   16.3220100000000        1909.73527945918     
   16.3303600000000        1902.42741374884     
   16.3387100000000        1900.12756452496     
   16.3470600000000        1903.89982062307     
   16.3554000000000        1914.64414747333     
   16.3637400000000        1932.93956465270     
   16.3720800000000        1958.52854825360     
   16.3804200000000        1989.81959464645     
   16.3887500000000        2023.78975576237     
   16.3970700000000        2056.62519350357     
   16.4054000000000        2084.57829855762     
   16.4137200000000        2104.35943784118     
   16.4220400000000        2113.70226387744     
   16.4303500000000        2111.51958644580     
   16.4386700000000        2098.26096805908     
   16.4469700000000        2076.05518276056     
   16.4552800000000        2047.98989068116     
   16.4635800000000        2017.38212605374     
   16.4718800000000        1986.54177982665     
   16.4801800000000        1956.36310031135     
   16.4884700000000        1926.55877620911     
   16.4967600000000        1896.41120648482     
   16.5050500000000        1865.76813893354     
   16.5133300000000        1835.36536741092     
   16.5216100000000        1806.35837822770     
   16.5298900000000        1779.76357310835     
   16.5381600000000        1755.91741523425     
   16.5464300000000        1734.25860293694     
   16.5547000000000        1713.69696156675     
   16.5629700000000        1693.05427621580     
   16.5712300000000        1671.47175896156     
   16.5794900000000        1648.43105413511     
   16.5877400000000        1623.72545746845     
   16.5959900000000        1597.18610032947     
   16.6042400000000        1568.71728652418     
   16.6124900000000        1538.31812903908     
   16.6207300000000        1506.22107704512     
   16.6289700000000        1472.90585893075     
   16.6372000000000        1439.32369189842     
   16.6454400000000        1406.59125816991     
   16.6536700000000        1376.04438283650     
   16.6618900000000        1348.81245774759     
   16.6701200000000        1325.76187060149     
   16.6783400000000        1307.55969475575     
   16.6865500000000        1294.31261517845     
   16.6947700000000        1285.53110754196     
   16.7029800000000        1280.26645275350     
   16.7111900000000        1277.19880589928     
   16.7193900000000        1274.86253363326     
   16.7275900000000        1271.77746931484     
   16.7357900000000        1266.63589922807     
   16.7439800000000        1258.53755678896     
   16.7521800000000        1247.14409681596     
   16.7603600000000        1232.84128295753     
   16.7685500000000        1216.47429848778     
   16.7767300000000        1199.30527933266     
   16.7849100000000        1182.62176461623     
   16.7930900000000        1167.63545387794     
   16.8012600000000        1155.37269039598     
   16.8094300000000        1146.51867160345     
   16.8175900000000        1141.31375749144     
   16.8257600000000        1139.38948078634     
   16.8339200000000        1139.90299788752     
   16.8420700000000        1141.88828755239     
   16.8502300000000        1144.75669567150     
   16.8583800000000        1148.52880827660     
   16.8665300000000        1153.70755152102     
   16.8746700000000        1160.81031523324     
   16.8828100000000        1169.95372671718     
   16.8909500000000        1180.64429286354     
   16.8990800000000        1191.89165509466     
   16.9072100000000        1202.56459615795     
   16.9153400000000        1211.61955100097     
   16.9234700000000        1218.16340911547     
   16.9315900000000        1221.32423867152     
   16.9397100000000        1220.17648178346     
   16.9478200000000        1213.82988321864     
   16.9559400000000        1201.67873629173     
   16.9640500000000        1183.79807410690     
   16.9721500000000        1161.08304986389     
   16.9802600000000        1135.10011306050     
   16.9883600000000        1107.90977433292     
   16.9964500000000        1081.40081032437     
   17.0045500000000        1056.90811823344     
   17.0126400000000        1035.23144849219     
   17.0207200000000        1016.45294845257     
   17.0288100000000        1000.12426889516     
   17.0368900000000        985.628606742358     
   17.0449700000000        972.280568026857     
   17.0530400000000        959.600492538876     
   17.0611100000000        947.299764274117     
   17.0691800000000        935.257316081641     
