   7.15970000000000        964.885206493841     
   7.17100000000000        942.546281452182     
   7.18231000000000        925.164744561471     
   7.19360000000000        870.429942397609     
   7.20490000000000        811.033479025221     
   7.21619000000000        748.807264371623     
   7.22748000000000        728.053528889059     
   7.23877000000000        745.310051007722     
   7.25005000000000        706.214967854157     
   7.26133000000000        659.698436158656     
   7.27261000000000        586.450203314605     
   7.28388000000000        523.159466012418     
   7.29515000000000        462.039343607406     
   7.30642000000000        447.368036196688     
   7.31768000000000        427.443422387638     
   7.32894000000000        425.299449751297     
   7.34020000000000        439.738205168193     
   7.35146000000000        467.909620064549     
   7.36271000000000        499.883113111852     
   7.37396000000000        542.670344907255     
   7.38520000000000        562.826621648587     
   7.39644000000000        542.689628487453     
   7.40768000000000        522.141448421620     
   7.41892000000000        489.675309943696     
   7.43015000000000        459.535461535793     
   7.44138000000000        456.432165772494     
   7.45261000000000        435.116520996671     
   7.46383000000000        407.648933852398     
   7.47505000000000        382.392386127604     
   7.48626000000000        344.233099858533     
   7.49748000000000        329.149902669890     
   7.50869000000000        331.230946595699     
   7.51990000000000        318.682158931196     
   7.53110000000000        317.292087483472     
   7.54230000000000        326.969459169811     
   7.55350000000000        334.527418859648     
   7.56469000000000        325.144724261166     
   7.57588000000000        314.255573834959     
   7.58707000000000        313.256339340471     
   7.59826000000000        330.152718260634     
   7.60944000000000        341.029383956587     
   7.62062000000000        354.822934463568     
   7.63179000000000        370.478109644004     
   7.64296000000000        369.366709367021     
   7.65413000000000        360.507225856071     
   7.66530000000000        354.899975706508     
   7.67646000000000        360.615341707249     
   7.68762000000000        378.704691692439     
   7.69878000000000        383.401156215325     
   7.70993000000000        367.469997433081     
   7.72108000000000        356.593257152654     
   7.73223000000000        361.319041019577     
   7.74337000000000        367.165222050830     
   7.75451000000000        370.119144990975     
   7.76565000000000        374.564591326221     
   7.77678000000000        380.850657185077     
   7.78791000000000        388.049660022610     
   7.79904000000000        397.153418326419     
   7.81017000000000        413.064297806143     
   7.82129000000000        423.357418573244     
   7.83241000000000        430.967708203861     
   7.84352000000000        432.078063706114     
   7.85463000000000        426.675463073839     
   7.86574000000000        428.106043846774     
   7.87685000000000        432.021616044278     
   7.88795000000000        435.179162658163     
   7.89905000000000        439.499569626329     
   7.91015000000000        434.854800262363     
   7.92124000000000        411.096798714811     
   7.93233000000000        395.607742099306     
   7.94342000000000        389.363437483855     
   7.95450000000000        386.594925802547     
   7.96558000000000        387.061524567363     
   7.97666000000000        381.836101927927     
   7.98773000000000        378.745340356063     
   7.99880000000000        382.709298024745     
   8.00987000000000        379.478489784630     
   8.02093000000000        372.742887178367     
   8.03200000000000        372.706843227086     
   8.04305000000000        373.687410690868     
   8.05411000000000        370.010025306011     
   8.06516000000000        377.425367752495     
   8.07621000000000        393.148525605952     
   8.08726000000000        410.859386459251     
   8.09830000000000        422.386616416192     
   8.10934000000000        435.540583158319     
   8.12037000000000        437.162357646066     
   8.13141000000000        430.546587192106     
   8.14244000000000        423.036650388049     
   8.15346000000000        414.878547782013     
   8.16449000000000        399.961806345188     
   8.17551000000000        385.640363053440     
   8.18652000000000        371.708659052587     
   8.19754000000000        357.943569946204     
   8.20855000000000        348.538791740276     
   8.21955000000000        348.316161505336     
   8.23056000000000        359.699366390256     
   8.24156000000000        365.011399240458     
   8.25256000000000        367.604554470384     
   8.26355000000000        364.823049704528     
   8.27454000000000        360.423482609867     
   8.28553000000000        367.896864820277     
   8.29652000000000        380.178186797294     
   8.30750000000000        397.050618282964     
   8.31848000000000        405.504870672232     
   8.32946000000000        399.988909923389     
   8.34043000000000        398.912012439948     
   8.35140000000000        395.510447692965     
   8.36236000000000        394.457285850280     
   8.37333000000000        395.825398777202     
   8.38429000000000        395.023231947222     
   8.39524000000000        393.956644845101     
   8.40620000000000        404.717104006122     
   8.41715000000000        422.267167914878     
   8.42810000000000        436.384868743809     
   8.43904000000000        450.892762269446     
   8.44998000000000        467.790624212625     
   8.46092000000000        492.005114526526     
   8.47185000000000        511.963005359967     
   8.48278000000000        522.967796359674     
   8.49371000000000        524.229680991726     
   8.50464000000000        522.268980961712     
   8.51556000000000        517.839937801764     
   8.52648000000000        507.148868643525     
   8.53739000000000        495.516288763365     
   8.54831000000000        492.256320604730     
   8.55922000000000        494.414871043399     
   8.57012000000000        492.991273248470     
   8.58103000000000        493.571010547639     
   8.59193000000000        498.558017158802     
   8.60282000000000        505.066548767782     
   8.61372000000000        505.210189565851     
   8.62461000000000        508.063670865392     
   8.63549000000000        511.338637112431     
   8.64638000000000        507.087181589344     
   8.65726000000000        498.486852007731     
   8.66814000000000        497.856218703199     
   8.67901000000000        504.484500325497     
   8.68988000000000        509.494491148665     
   8.70075000000000        502.534896665595     
   8.71161000000000        497.388743353102     
   8.72248000000000        492.329047661197     
   8.73333000000000        480.643806474721     
   8.74419000000000        467.892460534488     
   8.75504000000000        457.346883032360     
   8.76589000000000        448.056125540353     
   8.77674000000000        448.939516318374     
   8.78758000000000        451.808287323596     
   8.79842000000000        451.818118820991     
   8.80926000000000        449.005968461164     
   8.82009000000000        442.621031715071     
   8.83092000000000        435.738676786714     
   8.84175000000000        434.322559321794     
   8.85257000000000        432.021162806426     
   8.86339000000000        432.156685324095     
   8.87421000000000        437.838942203939     
   8.88502000000000        440.341645089349     
   8.89583000000000        438.929080580800     
   8.90664000000000        435.676661497589     
   8.91745000000000        433.931214662965     
   8.92825000000000        435.284805402625     
   8.93905000000000        434.988690317380     
   8.94984000000000        432.515799588127     
   8.96063000000000        430.753145723204     
   8.97142000000000        432.625292009010     
   8.98221000000000        438.282156621920     
   8.99299000000000        457.680459147491     
   9.00377000000000        485.581417321889     
   9.01455000000000        514.327858695252     
   9.02532000000000        561.705086112849     
   9.03609000000000        636.185474223341     
   9.04686000000000        736.488119190736     
   9.05762000000000        850.628643701291     
   9.06838000000000        974.859873222913     
   9.07914000000000        1096.35175590452     
   9.08989000000000        1164.99874228338     
   9.10064000000000        1162.60563822791     
   9.11139000000000        1126.50975964939     
   9.12214000000000        1103.07517510241     
   9.13288000000000        1097.23615945796     
   9.14362000000000        1098.58944837764     
   9.15435000000000        1058.45417091551     
   9.16508000000000        975.124830350574     
   9.17581000000000        916.818475366948     
   9.18654000000000        917.200800675702     
   9.19726000000000        922.206288260704     
   9.20798000000000        898.613444687169     
   9.21870000000000        876.302928724625     
   9.22941000000000        868.169802428084     
   9.24012000000000        853.889630944637     
   9.25082000000000        825.408108571866     
   9.26153000000000        799.687381594981     
   9.27223000000000        777.193891114592     
   9.28293000000000        776.345950246527     
   9.29362000000000        798.429991287226     
   9.30431000000000        818.105835930571     
   9.31500000000000        801.472573889648     
   9.32568000000000        787.180028889343     
   9.33636000000000        820.107285452935     
   9.34704000000000        891.580222382741     
   9.35772000000000        962.365345961538     
   9.36839000000000        999.745273876098     
   9.37906000000000        1000.51582460989     
   9.38972000000000        1001.62287593771     
   9.40038000000000        1027.09108162483     
   9.41104000000000        1072.58075371194     
   9.42170000000000        1111.23599698027     
   9.43235000000000        1137.93855677022     
   9.44300000000000        1172.31019466638     
   9.45365000000000        1228.52325568409     
   9.46429000000000        1274.02323073765     
   9.47493000000000        1296.51166560893     
   9.48557000000000        1324.94553414396     
   9.49620000000000        1332.53295222147     
   9.50683000000000        1323.70874050488     
   9.51746000000000        1292.75591375948     
   9.52808000000000        1285.08430301012     
   9.53871000000000        1329.34256048395     
   9.54932000000000        1395.44098914149     
   9.55994000000000        1478.47614257125     
   9.57055000000000        1525.92285423274     
   9.58116000000000        1521.14302201884     
   9.59176000000000        1506.29569416807     
   9.60237000000000        1514.42188176499     
   9.61296000000000        1529.72882805274     
   9.62356000000000        1566.71467000526     
   9.63415000000000        1608.25297743659     
   9.64474000000000        1621.66845617526     
   9.65533000000000        1612.09235654443     
   9.66591000000000        1612.55457760163     
   9.67649000000000        1634.15613281492     
   9.68707000000000        1659.87317714484     
   9.69764000000000        1687.32677606776     
   9.70821000000000        1728.96278741239     
   9.71878000000000        1828.17000076222     
   9.72934000000000        1968.68879923679     
   9.73990000000000        2070.28736276003     
   9.75046000000000        2102.61317591079     
   9.76102000000000        2101.96323774059     
   9.77157000000000        2121.54464299149     
   9.78212000000000        2147.36252904713     
   9.79266000000000        2145.67707316428     
   9.80320000000000        2131.36849148941     
   9.81374000000000        2109.33472437236     
   9.82428000000000        2097.39763112984     
   9.83481000000000        2114.49973586163     
   9.84534000000000        2132.62737935817     
   9.85586000000000        2148.24011882802     
   9.86639000000000        2154.87895149648     
   9.87691000000000        2079.67393210799     
   9.88742000000000        1991.60303308938     
   9.89794000000000        2005.01821870581     
   9.90845000000000        2059.04605195161     
   9.91895000000000        2076.93378830070     
   9.92946000000000        2074.51638855281     
   9.93996000000000        2043.54369193534     
   9.95046000000000        1987.63793932789     
   9.96095000000000        1924.92888997930     
   9.97144000000000        1862.51394428481     
   9.98193000000000        1805.53418567212     
   9.99242000000000        1786.66884116519     
   10.0029000000000        1811.38351163565     
   10.0133800000000        1840.85519330051     
   10.0238500000000        1860.00450969050     
   10.0343200000000        1846.63085626808     
   10.0447900000000        1818.52173193275     
   10.0552600000000        1802.86598343386     
   10.0657200000000        1792.84033824780     
   10.0761800000000        1787.03531908171     
   10.0866400000000        1793.90848158042     
   10.0970900000000        1815.37352665114     
   10.1075400000000        1841.72534843618     
   10.1179900000000        1845.06446351468     
   10.1284300000000        1824.69669332379     
   10.1388700000000        1832.57157259804     
   10.1493100000000        1867.82269112522     
   10.1597400000000        1854.31170263492     
   10.1701700000000        1815.42622869283     
   10.1806000000000        1806.78037056751     
   10.1910300000000        1803.73416609206     
   10.2014500000000        1791.52209676894     
   10.2118700000000        1811.09122221603     
   10.2222800000000        1852.52425633339     
   10.2326900000000        1863.87076577934     
   10.2431000000000        1842.01932539370     
   10.2535100000000        1814.13940682213     
   10.2639100000000        1793.59956060830     
   10.2743100000000        1779.48548551657     
   10.2847100000000        1806.52623581910     
   10.2951000000000        1880.34380983715     
   10.3054900000000        1932.66898164072     
   10.3158800000000        1939.50166744750     
   10.3262600000000        1938.37638390361     
   10.3366400000000        1919.90327718533     
   10.3470200000000        1887.14602808526     
   10.3573900000000        1889.68467626569     
   10.3677600000000        1936.58284782375     
   10.3781300000000        1978.41654021062     
   10.3884900000000        1985.90968424333     
   10.3988600000000        1965.93762329379     
   10.4092100000000        1935.74364814757     
   10.4195700000000        1917.15722637761     
   10.4299200000000        1915.03370126671     
   10.4402700000000        1913.14751745388     
   10.4506100000000        1888.62560206811     
   10.4609600000000        1837.68369290425     
   10.4713000000000        1772.24232503855     
   10.4816300000000        1703.26182777192     
   10.4919600000000        1655.75100514815     
   10.5022900000000        1635.71735492972     
   10.5126200000000        1622.53656645278     
   10.5229400000000        1604.62353304979     
   10.5332600000000        1562.21377189958     
   10.5435800000000        1503.34459512455     
   10.5539000000000        1441.40440138166     
   10.5642100000000        1379.72550054692     
   10.5745100000000        1324.22620306300     
   10.5848200000000        1278.92692025037     
   10.5951200000000        1235.53509873654     
   10.6054200000000        1197.98581020492     
   10.6157100000000        1173.36914602493     
   10.6260000000000        1168.53594743211     
   10.6362900000000        1192.15600206610     
   10.6465800000000        1217.04713121422     
   10.6568600000000        1226.72793039461     
   10.6671400000000        1233.26602635514     
   10.6774100000000        1243.74968910523     
   10.6876900000000        1260.27604732416     
   10.6979600000000        1284.37552523166     
   10.7082200000000        1319.35625834767     
   10.7184900000000        1366.98534112393     
   10.7287500000000        1417.56499509811     
   10.7390000000000        1462.98569917593     
   10.7492600000000        1505.80014724930     
   10.7595100000000        1545.95356533097     
   10.7697500000000        1591.18805445725     
   10.7800000000000        1659.18887256704     
   10.7902400000000        1742.28234843920     
   10.8004800000000        1819.67748817138     
   10.8107100000000        1879.10665240405     
   10.8209400000000        1904.27815492545     
   10.8311700000000        1904.76716559162     
   10.8414000000000        1913.69801767291     
   10.8516200000000        1943.39547389267     
   10.8618400000000        1989.77802363102     
   10.8720500000000        2034.25084626031     
   10.8822700000000        2064.09071342441     
   10.8924800000000        2073.88817874606     
   10.9026800000000        2062.25025093831     
   10.9128800000000        2047.48923776297     
   10.9230800000000        2053.48573642470     
   10.9332800000000        2076.31865688110     
   10.9434700000000        2101.70076336180     
   10.9536600000000        2129.90286996817     
   10.9638500000000        2146.10345454013     
   10.9740400000000        2118.53243522349     
   10.9842200000000        2049.69126002655     
   10.9943900000000        1966.95183709067     
   11.0045700000000        1894.15630625740     
   11.0147400000000        1846.39201139870     
   11.0249100000000        1812.83999185043     
   11.0350700000000        1779.07310886494     
   11.0452300000000        1744.11138118970     
   11.0553900000000        1718.89624231967     
   11.0655500000000        1718.79365367753     
   11.0757000000000        1743.85578158291     
   11.0858500000000        1780.85137944083     
   11.0960000000000        1815.49798097733     
   11.1061400000000        1832.04044601280     
   11.1162800000000        1830.18907364300     
   11.1264200000000        1829.54957763091     
   11.1365500000000        1848.09688694044     
   11.1466800000000        1884.13859673067     
   11.1568100000000        1919.13082968796     
   11.1669300000000        1945.30976074979     
   11.1770500000000        1969.61676014562     
   11.1871700000000        1996.53539673879     
   11.1972800000000        2016.01343457980     
   11.2073900000000        2019.27985052269     
   11.2175000000000        2005.48666364486     
   11.2276100000000        1994.54879118879     
   11.2377100000000        2010.16018453971     
   11.2478100000000        2053.76874941421     
   11.2579000000000        2106.24691541032     
   11.2679900000000        2148.91845567124     
   11.2780800000000        2177.79784161355     
   11.2881700000000        2198.67227789850     
   11.2982500000000        2221.83236419882     
   11.3083300000000        2260.36486252569     
   11.3184100000000        2309.10373860608     
   11.3284800000000        2342.88534642142     
   11.3385500000000        2354.22079523052     
   11.3486200000000        2360.64191138952     
   11.3586800000000        2381.34076297987     
   11.3687400000000        2419.71228589901     
   11.3788000000000        2459.40551189240     
   11.3888500000000        2491.05437014684     
   11.3989000000000        2512.75756688309     
   11.4089500000000        2526.13508964941     
   11.4189900000000        2543.39578046495     
   11.4290400000000        2567.89913213285     
   11.4390700000000        2585.68824104652     
   11.4491100000000        2580.47142923342     
   11.4591400000000        2561.83627039491     
   11.4691700000000        2548.86934294929     
   11.4792000000000        2549.53380010621     
   11.4892200000000        2559.40709364855     
   11.4992400000000        2574.69028077818     
   11.5092500000000        2589.62789515201     
   11.5192700000000        2588.89331054401     
   11.5292800000000        2578.30483944033     
   11.5392800000000        2577.67406752158     
   11.5492900000000        2590.63879744707     
   11.5592900000000        2607.78530294623     
   11.5692800000000        2620.60869921043     
   11.5792800000000        2635.35983224373     
   11.5892700000000        2656.74694718780     
   11.5992600000000        2677.91846721302     
   11.6092400000000        2698.55426359733     
   11.6192200000000        2717.41223365554     
   11.6292000000000        2726.17073506948     
   11.6391700000000        2724.64318320813     
   11.6491500000000        2717.67759159682     
   11.6591200000000        2714.06177675092     
   11.6690800000000        2718.16690101084     
   11.6790400000000        2725.57306169269     
   11.6890000000000        2729.06242360274     
   11.6989600000000        2725.76755991407     
   11.7089100000000        2725.27961210299     
   11.7188600000000        2734.50195217292     
   11.7288100000000        2744.53540039354     
   11.7387500000000        2749.46944994416     
   11.7486900000000        2748.87817350818     
   11.7586300000000        2731.97108652370     
   11.7685600000000        2700.03222910916     
   11.7784900000000        2661.96284765772     
   11.7884200000000        2608.37407790495     
   11.7983400000000        2553.46106116628     
   11.8082600000000        2529.33442786343     
   11.8181800000000        2541.18319702057     
   11.8281000000000        2570.17712335490     
   11.8380100000000        2588.46281123718     
   11.8479200000000        2580.66712016870     
   11.8578200000000        2551.79113842876     
   11.8677200000000        2512.79528173133     
   11.8776200000000        2470.28498527112     
   11.8875200000000        2423.98368743766     
   11.8974100000000        2377.80873399158     
   11.9073000000000        2339.42712637969     
   11.9171900000000        2313.09453636713     
   11.9270700000000        2296.23677167077     
   11.9369500000000        2286.46797465488     
   11.9468300000000        2286.23876448209     
   11.9567000000000        2290.81882927008     
   11.9665700000000        2285.34742166229     
   11.9764400000000        2255.18880205367     
   11.9863000000000        2199.43319683906     
   11.9961600000000        2137.93616143851     
   12.0060200000000        2092.09828595959     
   12.0158700000000        2063.79538054549     
   12.0257300000000        2045.97747209128     
   12.0355700000000        2042.01397055868     
   12.0454200000000        2060.72369428593     
   12.0552600000000        2101.04248949700     
   12.0651000000000        2151.20104654575     
   12.0749400000000        2201.85941335437     
   12.0847700000000        2249.03224202601     
   12.0946000000000        2295.22607912878     
   12.1044200000000        2341.83196974325     
   12.1142500000000        2379.41061568606     
   12.1240700000000        2405.72077351894     
   12.1338800000000        2436.25200318114     
   12.1437000000000        2489.25601775156     
   12.1535100000000        2565.87270280115     
   12.1633100000000        2644.43959932386     
   12.1731200000000        2705.80622086913     
   12.1829200000000        2749.82989725767     
   12.1927200000000        2778.90694749537     
   12.2025100000000        2801.06796008644     
   12.2123000000000        2824.69226567495     
   12.2220900000000        2839.17749454604     
   12.2318700000000        2837.74118230977     
   12.2416600000000        2829.73187941562     
   12.2514300000000        2819.70573462665     
   12.2612100000000        2809.60185821540     
   12.2709800000000        2812.75188687650     
   12.2807500000000        2840.42976314760     
   12.2905200000000        2884.20679523933     
   12.3002800000000        2932.20602019691     
   12.3100400000000        2981.51414365499     
   12.3198000000000        3023.41964782335     
   12.3295500000000        3042.68782200882     
   12.3393000000000        3041.56794135497     
   12.3490500000000        3041.88442478630     
   12.3587900000000        3057.47780333579     
   12.3685300000000        3079.24612720542     
   12.3782700000000        3086.14108797471     
   12.3880000000000        3073.17600758630     
   12.3977300000000        3058.04657503100     
   12.4074600000000        3055.11911251194     
   12.4171800000000        3059.84311385604     
   12.4269100000000        3058.92574746585     
   12.4366200000000        3045.74841960375     
   12.4463400000000        3020.00112644610     
   12.4560500000000        2975.43362953515     
   12.4657600000000        2904.80072651832     
   12.4754700000000        2814.12661594552     
   12.4851700000000        2726.58110707997     
   12.4948700000000        2665.76910343294     
   12.5045600000000        2644.45570732811     
   12.5142600000000        2662.95136931352     
   12.5239500000000        2708.63948973371     
   12.5336300000000        2759.38873544740     
   12.5433200000000        2795.55125146302     
   12.5530000000000        2808.82072093812     
   12.5626800000000        2803.83814162696     
   12.5723500000000        2792.30067659903     
   12.5820200000000        2783.06108429143     
   12.5916900000000        2776.57354540237     
   12.6013500000000        2765.90452186679     
   12.6110100000000        2750.20135565975     
   12.6206700000000        2739.13731639777     
   12.6303300000000        2735.04179595727     
   12.6399800000000        2732.41343249419     
   12.6496300000000        2725.87335795362     
   12.6592700000000        2705.40710548126     
   12.6689200000000        2662.96326409805     
   12.6785500000000        2610.45907597288     
   12.6881900000000        2572.25432732183     
   12.6978200000000        2564.21798453208     
   12.7074500000000        2591.31596594157     
   12.7170800000000        2651.11011351203     
   12.7267000000000        2730.10323738516     
   12.7363200000000        2807.42326469639     
   12.7459400000000        2866.40722639189     
   12.7555500000000        2899.65371233273     
   12.7651600000000        2907.03953339152     
   12.7747700000000        2892.96372958260     
   12.7843800000000        2864.52861643214     
   12.7939800000000        2835.26610805225     
   12.8035800000000        2821.90268468908     
   12.8131700000000        2831.05706665240     
   12.8227600000000        2851.81619271748     
   12.8323500000000        2867.83256129960     
   12.8419400000000        2874.82024110978     
   12.8515200000000        2879.17939473436     
   12.8611000000000        2887.17416646835     
   12.8706700000000        2900.68277196931     
   12.8802500000000        2918.11171338676     
   12.8898100000000        2934.93875389806     
   12.8993800000000        2947.06800600966     
   12.9089400000000        2958.32995205938     
   12.9185000000000        2979.37228359021     
   12.9280600000000        3016.44348521304     
   12.9376100000000        3064.41235817445     
   12.9471700000000        3113.70468645512     
   12.9567100000000        3160.18325525154     
   12.9662600000000        3205.00018277584     
   12.9758000000000        3246.11696452541     
   12.9853400000000        3279.22997232277     
   12.9948700000000        3303.70208031018     
   13.0044000000000        3317.98688153489     
   13.0139300000000        3317.09752170682     
   13.0234600000000        3303.73641694055     
   13.0329800000000        3290.90642869385     
   13.0425000000000        3287.65477787407     
   13.0520100000000        3293.25832993153     
   13.0615200000000        3303.19238467620     
   13.0710300000000        3315.58730041193     
   13.0805400000000        3332.67803381773     
   13.0900400000000        3358.37437019621     
   13.0995400000000        3398.87839569188     
   13.1090400000000        3460.52117719814     
   13.1185300000000        3540.79756121453     
   13.1280200000000        3626.68638579947     
   13.1375100000000        3704.48363817891     
   13.1469900000000        3768.28154957201     
   13.1564700000000        3819.93658507556     
   13.1659500000000        3863.97681773631     
   13.1754300000000        3902.82939187784     
   13.1849000000000        3937.06206408353     
   13.1943700000000        3968.39877094300     
   13.2038300000000        4000.06001366810     
   13.2132900000000        4033.23832022425     
   13.2227500000000        4061.42207714986     
   13.2322100000000        4074.40039176227     
   13.2416600000000        4068.05756179497     
   13.2511100000000        4047.33371766057     
   13.2605500000000        4022.92124413076     
   13.2700000000000        4003.57442662378     
   13.2794400000000        3990.78562482278     
   13.2888700000000        3978.94234671000     
   13.2983100000000        3959.30195977934     
   13.3077400000000        3924.93687323853     
   13.3171600000000        3877.79609269840     
   13.3265900000000        3828.81731116865     
   13.3360100000000        3788.40264870395     
   13.3454300000000        3759.85824075603     
   13.3548400000000        3740.11575281930     
   13.3642500000000        3724.22060764249     
   13.3736600000000        3710.14670911611     
   13.3830600000000        3698.54246729351     
   13.3924700000000        3692.73505161639     
   13.4018600000000        3698.22531212104     
   13.4112600000000        3713.27567716777     
   13.4206500000000        3725.80056386480     
   13.4300400000000        3727.68126763465     
   13.4394300000000        3722.58216838463     
   13.4488100000000        3717.48742272289     
   13.4581900000000        3715.40455199455     
   13.4675600000000        3715.66950962174     
   13.4769400000000        3715.87854373353     
   13.4863100000000        3715.61582913662     
   13.4956700000000        3720.09088775335     
   13.5050400000000        3734.32940399233     
   13.5144000000000        3753.73506213526     
   13.5237600000000        3765.68712841822     
   13.5331100000000        3759.84577518587     
   13.5424600000000        3736.47215795981     
   13.5518100000000        3703.73669195862     
   13.5611500000000        3671.47801656587     
   13.5704900000000        3649.20276229572     
   13.5798300000000        3644.53619307741     
   13.5891700000000        3660.12353362197     
   13.5985000000000        3691.58973526444     
   13.6078300000000        3730.48143471540     
   13.6171500000000        3770.25994442067     
   13.6264800000000        3808.34795507333     
   13.6358000000000        3843.24496828678     
   13.6451100000000        3873.58800722549     
   13.6544200000000        3899.32933583855     
   13.6637300000000        3921.33780790013     
   13.6730400000000        3939.89620783825     
   13.6823400000000        3954.62820241256     
   13.6916400000000        3965.59836174059     
   13.7009400000000        3973.31424666742     
   13.7102400000000        3976.59614227948     
   13.7195300000000        3972.79998352300     
   13.7288100000000        3962.39734518382     
   13.7381000000000        3950.77957553046     
   13.7473800000000        3943.29870640850     
   13.7566600000000        3939.13873331144     
   13.7659300000000        3932.04354305066     
   13.7752000000000        3918.45047720608     
   13.7844700000000        3902.80275466946     
   13.7937400000000        3893.94918915146     
   13.8030000000000        3900.13767897248     
   13.8122600000000        3926.90896851193     
   13.8215200000000        3976.19890889895     
   13.8307700000000        4046.17109071063     
   13.8400200000000        4132.31588369407     
   13.8492600000000        4228.60508659752     
   13.8585100000000        4327.02085619263     
   13.8677500000000        4416.19873672436     
   13.8769800000000        4486.68157428582     
   13.8862200000000        4535.48411811191     
   13.8954500000000        4564.81325426414     
   13.9046800000000        4577.75673653634     
   13.9139000000000        4575.36664863104     
   13.9231200000000        4558.18509812378     
   13.9323400000000        4528.42921853137     
   13.9415500000000        4492.55960959330     
   13.9507700000000        4463.31104442790     
   13.9599700000000        4455.69690469808     
   13.9691800000000        4476.72242894494     
   13.9783800000000        4520.53937352148     
   13.9875800000000        4573.30926283925     
   13.9967800000000        4621.00977682007     
   14.0059700000000        4656.11479384749     
   14.0151600000000        4681.10618641489     
   14.0243400000000        4703.20528852832     
   14.0335300000000        4727.06720277266     
   14.0427100000000        4753.14162697073     
   14.0518800000000        4778.55293830169     
   14.0610600000000        4797.50020001436     
   14.0702300000000        4803.41615528709     
   14.0794000000000        4793.23664075812     
   14.0885600000000        4770.13058052620     
   14.0977200000000        4741.30723485508     
   14.1068800000000        4713.96490027304     
   14.1160300000000        4693.86555332927     
   14.1251800000000        4683.71158270356     
   14.1343300000000        4680.21267717251     
   14.1434800000000        4675.09462920200     
   14.1526200000000        4661.66880947365     
   14.1617600000000        4639.15860231144     
   14.1708900000000        4610.91555831641     
   14.1800300000000        4582.23499349453     
   14.1891500000000        4561.33084848794     
   14.1982800000000        4557.05382538071     
   14.2074000000000        4572.97412701531     
   14.2165200000000        4604.01784043374     
   14.2256400000000        4640.29803269142     
   14.2347500000000        4674.22768496449     
   14.2438600000000        4705.73248111039     
   14.2529700000000        4742.15214580982     
   14.2620700000000        4793.49696972969     
   14.2711800000000        4867.11225015584     
   14.2802700000000        4964.39832424750     
   14.2893700000000        5081.66127938970     
   14.2984600000000        5209.39031145689     
   14.3075500000000        5335.07571776855     
   14.3166300000000        5448.16888844985     
   14.3257100000000        5546.31699640039     
   14.3347900000000        5632.84417394466     
   14.3438700000000        5708.18790848840     
   14.3529400000000        5765.98853577010     
   14.3620100000000        5797.90997275799     
   14.3710700000000        5798.82817061112     
   14.3801400000000        5768.43062079190     
   14.3892000000000        5711.16108719429     
   14.3982500000000        5634.80105967132     
   14.4073100000000        5546.89574485593     
   14.4163600000000        5453.61592614420     
   14.4254000000000        5360.59547765954     
   14.4344500000000        5273.50875226995     
   14.4434900000000        5196.87574339121     
   14.4525200000000        5131.33628485470     
   14.4615600000000        5073.70748950683     
   14.4705900000000        5020.38403532657     
   14.4796200000000        4970.52163297621     
   14.4886400000000        4926.04592590310     
   14.4976600000000        4887.82754834701     
   14.5066800000000        4854.23314226168     
   14.5157000000000        4822.49016922041     
   14.5247100000000        4790.71078054225     
   14.5337200000000        4759.44497850028     
   14.5427200000000        4732.61870986769     
   14.5517300000000        4716.21452955743     
   14.5607300000000        4716.00678574196     
   14.5697200000000        4734.69153835677     
   14.5787100000000        4769.80252233150     
   14.5877000000000        4813.98787288048     
   14.5966900000000        4858.27327506694     
   14.6056700000000        4896.08003637791     
   14.6146600000000        4926.10726661849     
   14.6236300000000        4951.19112786439     
   14.6326100000000        4973.85408792317     
   14.6415800000000        4991.94184977905     
   14.6505400000000        5001.12665567147     
   14.6595100000000        5000.75462827554     
   14.6684700000000        4994.68820792712     
   14.6774300000000        4986.57131734505     
   14.6863800000000        4977.48815300507     
   14.6953400000000        4968.01370958197     
   14.7042800000000        4959.36415600341     
   14.7132300000000        4952.09748182741     
   14.7221700000000        4945.96359537251     
   14.7311100000000        4940.54666565005     
   14.7400500000000        4935.13756865065     
   14.7489800000000        4927.16523701683     
   14.7579100000000        4910.63427496039     
   14.7668400000000        4878.17702741802     
   14.7757600000000        4826.74834170163     
   14.7846800000000        4760.57561889991     
   14.7936000000000        4688.84181393500     
   14.8025100000000        4621.23746116355     
   14.8114200000000        4565.04859880236     
   14.8203300000000        4525.47968219472     
   14.8292300000000        4506.13203837233     
   14.8381300000000        4507.89686005260     
   14.8470300000000        4527.95802490834     
   14.8559300000000        4560.60972669014     
   14.8648200000000        4599.43130467837     
   14.8737100000000        4638.93556655063     
   14.8825900000000        4674.17925866441     
   14.8914700000000        4700.71365190884     
   14.9003500000000        4715.87793118660     
   14.9092300000000        4719.94930533510     
   14.9181000000000        4714.79749068434     
   14.9269700000000        4701.67823597395     
   14.9358400000000        4680.75580072519     
   14.9447000000000        4651.94885045928     
   14.9535600000000        4615.44691675418     
   14.9624200000000        4572.15488404515     
   14.9712700000000        4524.20118613882     
   14.9801200000000        4475.04575883047     
   14.9889700000000        4429.08286165994     
   14.9978100000000        4390.17277855305     
   15.0066500000000        4360.26781676413     
   15.0154900000000        4339.44541500576     
   15.0243300000000        4326.12251231894     
   15.0331600000000        4317.21393602656     
   15.0419900000000        4308.82570382110     
   15.0508100000000        4297.71944673103     
   15.0596300000000        4282.40039572598     
   15.0684500000000        4263.33533206777     
   15.0772700000000        4242.02126721897     
   15.0860800000000        4219.47183935035     
   15.0948900000000        4195.62923881432     
   15.1037000000000        4170.92250377625     
   15.1125000000000        4147.82550224643     
   15.1213000000000        4129.67399427414     
   15.1301000000000        4118.02685685868     
   15.1388900000000        4111.87255566733     
   15.1476800000000        4109.49034525795     
   15.1564700000000        4110.31854402325     
   15.1652500000000        4114.86772156241     
   15.1740300000000        4123.54880067756     
   15.1828100000000        4135.67325073141     
   15.1915800000000        4149.08927120217     
   15.2003500000000        4160.45043703183     
   15.2091200000000        4165.63804169103     
   15.2178900000000        4160.51838113613     
   15.2266500000000        4142.22170215729     
   15.2354100000000        4110.39945396378     
   15.2441600000000        4067.35536527129     
   15.2529200000000        4015.83506835035     
   15.2616700000000        3957.05420238271     
   15.2704100000000        3890.64269851256     
   15.2791500000000        3817.61390726673     
   15.2878900000000        3742.81732670379     
   15.2966300000000        3673.55475342017     
   15.3053600000000        3615.70076222636     
   15.3140900000000        3570.62517090511     
   15.3228200000000        3535.72011833073     
   15.3315400000000        3507.06613784910     
   15.3402600000000        3482.53605631002     
   15.3489800000000        3463.30984300000     
   15.3577000000000        3452.40486574961     
   15.3664100000000        3451.67466473160     
   15.3751200000000        3459.68991082044     
   15.3838200000000        3472.09769736036     
   15.3925200000000        3483.56070911522     
   15.4012200000000        3489.14280077905     
   15.4099200000000        3485.00974563608     
   15.4186100000000        3469.38179726850     
   15.4273000000000        3443.28866449626     
   15.4359800000000        3410.25504063444     
   15.4446700000000        3374.75985695222     
   15.4533400000000        3341.15443368175     
   15.4620200000000        3312.29795079106     
   15.4706900000000        3289.38635872084     
   15.4793600000000        3271.37399892583     
   15.4880300000000        3255.33693827002     
   15.4966900000000        3237.46236454824     
   15.5053500000000        3214.70864785627     
   15.5140100000000        3186.49211501168     
   15.5226700000000        3155.11671782679     
   15.5313200000000        3124.62207698566     
   15.5399600000000        3098.65059960376     
   15.5486100000000        3078.95125302252     
   15.5572500000000        3065.26541282455     
   15.5658900000000        3055.62957906605     
   15.5745200000000        3047.12984292406     
   15.5831600000000        3036.55544223341     
   15.5917900000000        3021.20726819283     
   15.6004100000000        2999.41357253534     
   15.6090300000000        2970.71525022035     
   15.6176500000000        2935.68850353164     
   15.6262700000000        2895.48606529550     
   15.6348800000000        2851.58800544109     
   15.6434900000000        2805.65795476756     
   15.6521000000000        2759.88964746598     
   15.6607000000000        2717.10594279825     
   15.6693000000000        2680.25702881728     
   15.6779000000000        2651.79121691277     
   15.6864900000000        2632.78010765486     
   15.6950800000000        2622.28178793054     
   15.7036700000000        2617.29666269230     
   15.7122600000000        2613.40275911508     
   15.7208400000000        2606.39780146649     
   15.7294100000000        2594.10515425022     
   15.7379900000000        2577.22990820106     
   15.7465600000000        2559.03428105841     
   15.7551300000000        2543.61638613095     
   15.7637000000000        2533.95157029552     
   15.7722600000000        2530.52306183102     
   15.7808200000000        2531.38190711411     
   15.7893700000000        2533.33686615892     
   15.7979300000000        2533.24453456376     
   15.8064700000000        2528.79708983635     
   15.8150200000000        2518.83979953546     
   15.8235600000000        2503.67379014091     
   15.8321000000000        2485.13944921139     
   15.8406400000000        2466.21743075000     
   15.8491800000000        2449.90389503022     
   15.8577100000000        2438.14806791833     
   15.8662300000000        2431.44849753058     
   15.8747600000000        2429.10133980583     
   15.8832800000000        2429.62306483778     
   15.8918000000000        2431.29127537012     
   15.9003100000000        2432.86393389349     
   15.9088200000000        2433.96922681440     
   15.9173300000000        2434.89506111856     
   15.9258400000000        2436.15108314237     
   15.9343400000000        2438.16396372821     
   15.9428400000000        2441.01621784393     
   15.9513300000000        2444.01456636273     
   15.9598300000000        2445.31137753084     
   15.9683100000000        2442.02548245425     
   15.9768000000000        2431.18425404775     
   15.9852800000000        2411.15183885346     
   15.9937600000000        2382.52376826170     
   16.0022400000000        2348.02458970286     
   16.0107100000000        2311.43797684929     
   16.0191800000000        2276.19913363237     
   16.0276500000000        2244.68030393392     
   16.0361200000000        2217.72026144577     
   16.0445800000000        2194.53061191984     
   16.0530300000000        2172.96040658745     
   16.0614900000000        2150.34322882132     
   16.0699400000000        2124.86424624137     
   16.0783900000000        2096.46026126499     
   16.0868300000000        2067.24301541760     
   16.0952800000000        2040.47308917035     
   16.1037100000000        2019.26425388564     
   16.1121500000000        2005.03149886723     
   16.1205800000000        1997.57248285896     
   16.1290100000000        1995.59712277331     
   16.1374400000000        1997.72588711107     
   16.1458600000000        2002.89150405767     
   16.1542800000000        2010.06040743475     
   16.1627000000000        2017.62106158924     
   16.1711100000000        2023.10062539447     
   16.1795200000000        2023.48754030480     
   16.1879300000000        2015.94531102872     
   16.1963300000000        1998.81586667676     
   16.2047300000000        1972.44690271801     
   16.2131300000000        1939.53953257794     
   16.2215200000000        1904.53234623595     
   16.2299100000000        1872.02687454750     
   16.2383000000000        1845.52116965509     
   16.2466900000000        1826.69930355624     
   16.2550700000000        1815.41849749446     
   16.2634500000000        1809.89681337404     
   16.2718200000000        1807.21684022808     
   16.2802000000000        1804.14526521712     
   16.2885600000000        1798.28793901460     
   16.2969300000000        1788.86226046470     
   16.3052900000000        1776.85551418341     
   16.3136500000000        1764.32072515823     
   16.3220100000000        1753.52790029373     
   16.3303600000000        1746.35462826644     
   16.3387100000000        1744.13295487519     
   16.3470600000000        1747.85859823335     
   16.3554000000000        1758.29588486483     
   16.3637400000000        1775.87680596800     
   16.3720800000000        1800.25731098869     
   16.3804200000000        1829.86821537783     
   16.3887500000000        1861.83415393005     
   16.3970700000000        1892.59294599042     
   16.4054000000000        1918.70492815904     
   16.4137200000000        1937.19260296875     
   16.4220400000000        1946.01858689137     
   16.4303500000000        1944.19243084006     
   16.4386700000000        1932.09648000202     
   16.4469700000000        1911.63213917052     
   16.4552800000000        1885.58542743305     
   16.4635800000000        1856.98562144384     
   16.4718800000000        1827.98008731073     
   16.4801800000000        1799.44462584141     
   16.4884700000000        1771.16787096196     
   16.4967600000000        1742.51739716369     
   16.5050500000000        1713.36583260678     
   16.5133300000000        1684.41655062006     
   16.5216100000000        1656.78862018684     
   16.5298900000000        1631.49460122060     
   16.5381600000000        1608.91103029873     
   16.5464300000000        1588.55426753556     
   16.5547000000000        1569.42327244207     
   16.5629700000000        1550.40960194797     
   16.5712300000000        1530.66690675290     
   16.5794900000000        1509.62239959350     
   16.5877400000000        1486.95867918259     
   16.5959900000000        1462.39440274712     
   16.6042400000000        1435.75491595839     
   16.6124900000000        1407.01295093722     
   16.6207300000000        1376.41007295453     
   16.6289700000000        1344.43935908753     
   16.6372000000000        1312.02575749247     
   16.6454400000000        1280.21332092338     
   16.6536700000000        1250.22492496735     
   16.6618900000000        1223.07886604387     
   16.6701200000000        1199.56392884402     
   16.6783400000000        1180.33403574335     
   16.6865500000000        1165.55582123979     
   16.6947700000000        1154.84891730887     
   16.7029800000000        1147.40618573068     
   16.7111900000000        1142.04706659929     
   16.7193900000000        1137.45516659854     
   16.7275900000000        1132.30178684577     
   16.7357900000000        1125.42606677302     
   16.7439800000000        1116.03680360808     
   16.7521800000000        1103.83840336509     
   16.7603600000000        1089.20784819697     
   16.7685500000000        1072.94334284841     
   16.7767300000000        1056.24157360267     
   16.7849100000000        1040.29799070391     
   16.7930900000000        1026.19529909124     
   16.8012600000000        1014.80561813847     
   16.8094300000000        1006.68498406319     
   16.8175900000000        1002.02730174966     
   16.8257600000000        1000.53959211422     
   16.8339200000000        1001.54479385012     
   16.8420700000000        1004.24640389836     
   16.8502300000000        1008.12774729707     
   16.8583800000000        1013.12882563519     
   16.8665300000000        1019.56749769619     
   16.8746700000000        1027.76842541383     
   16.8828100000000        1037.75478430066     
   16.8909500000000        1049.07969304086     
   16.8990800000000        1060.91305699711     
   16.9072100000000        1072.31945222247     
   16.9153400000000        1082.39994089819     
   16.9234700000000        1090.31298500782     
   16.9315900000000        1095.15578270617     
   16.9397100000000        1095.93762825377     
   16.9478200000000        1091.69322335993     
   16.9559400000000        1081.74678493816     
   16.9640500000000        1066.07064058545     
   16.9721500000000        1045.42537893094     
   16.9802600000000        1021.22131253756     
   16.9883600000000        995.366043407784     
   16.9964500000000        969.661438696583     
   17.0045500000000        945.446643090258     
   17.0126400000000        923.615120372558     
   17.0207200000000        904.409697417260     
   17.0288100000000        887.563957781028     
   17.0368900000000        872.631697621061     
   17.0449700000000        859.061255633770     
   17.0530400000000        846.465991266707     
   17.0611100000000        834.609878977461     
   17.0691800000000        823.387330549968     
