   7.15970000000000        201.972340433047     
   7.17100000000000        203.720279988412     
   7.18231000000000        205.682920838129     
   7.19360000000000        203.089177436457     
   7.20490000000000        199.372423306487     
   7.21619000000000        197.483824804075     
   7.22748000000000        193.532137898321     
   7.23877000000000        193.571695272811     
   7.25005000000000        193.339169218647     
   7.26133000000000        193.057855281906     
   7.27261000000000        190.030178670851     
   7.28388000000000        188.700042579346     
   7.29515000000000        189.792856102696     
   7.30642000000000        196.672461857265     
   7.31768000000000        201.969253798107     
   7.32894000000000        206.313166130910     
   7.34020000000000        211.568378962337     
   7.35146000000000        222.634294907393     
   7.36271000000000        231.736675006884     
   7.37396000000000        240.374453130073     
   7.38520000000000        238.305567369368     
   7.39644000000000        228.498720190648     
   7.40768000000000        223.383266701881     
   7.41892000000000        219.086942330365     
   7.43015000000000        216.529982722225     
   7.44138000000000        217.914374734437     
   7.45261000000000        213.219653194979     
   7.46383000000000        207.287336612413     
   7.47505000000000        205.600220406780     
   7.48626000000000        203.389970038391     
   7.49748000000000        208.416827184778     
   7.50869000000000        213.088901318397     
   7.51990000000000        211.944915764885     
   7.53110000000000        208.302659442765     
   7.54230000000000        211.083449946918     
   7.55350000000000        214.815578791079     
   7.56469000000000        215.914561975917     
   7.57588000000000        216.095581921907     
   7.58707000000000        213.748688094192     
   7.59826000000000        214.224844640808     
   7.60944000000000        217.580595794742     
   7.62062000000000        225.506155128728     
   7.63179000000000        234.332228281232     
   7.64296000000000        233.347382667199     
   7.65413000000000        224.562368323814     
   7.66530000000000        215.122161386353     
   7.67646000000000        208.101271236904     
   7.68762000000000        208.429507371323     
   7.69878000000000        209.097306587832     
   7.70993000000000        203.271890842598     
   7.72108000000000        194.523826773381     
   7.73223000000000        189.916941487589     
   7.74337000000000        189.002109784508     
   7.75451000000000        186.428930444633     
   7.76565000000000        183.967447069803     
   7.77678000000000        181.461769170747     
   7.78791000000000        179.685824925930     
   7.79904000000000        179.201421880178     
   7.81017000000000        180.226757134099     
   7.82129000000000        182.060349163080     
   7.83241000000000        185.390954404634     
   7.84352000000000        189.526529531208     
   7.85463000000000        189.239598950402     
   7.86574000000000        185.107345089960     
   7.87685000000000        178.332830211593     
   7.88795000000000        173.936981150608     
   7.89905000000000        173.225452913105     
   7.91015000000000        171.499288281362     
   7.92124000000000        161.954703258511     
   7.93233000000000        155.042427923537     
   7.94342000000000        151.419942924687     
   7.95450000000000        147.731638672357     
   7.96558000000000        141.872641443720     
   7.97666000000000        133.129116528085     
   7.98773000000000        124.002154282143     
   7.99880000000000        117.450183252160     
   8.00987000000000        110.791643945612     
   8.02093000000000        106.363932569950     
   8.03200000000000        108.950914623294     
   8.04305000000000        113.560792375351     
   8.05411000000000        114.551374938871     
   8.06516000000000        116.660567290634     
   8.07621000000000        121.978905330515     
   8.08726000000000        127.485169748211     
   8.09830000000000        131.753673223587     
   8.10934000000000        135.098495609756     
   8.12037000000000        137.383365615252     
   8.13141000000000        137.737792049142     
   8.14244000000000        134.391678341020     
   8.15346000000000        131.242182106461     
   8.16449000000000        128.052701515463     
   8.17551000000000        123.084563944380     
   8.18652000000000        113.249429370621     
   8.19754000000000        102.192465774034     
   8.20855000000000        93.7172511863967     
   8.21955000000000        87.9446261203103     
   8.23056000000000        85.6901219987760     
   8.24156000000000        87.6721398769088     
   8.25256000000000        91.5896107635497     
   8.26355000000000        94.5836871035443     
   8.27454000000000        97.5187360352844     
   8.28553000000000        101.331279853479     
   8.29652000000000        109.150091237586     
   8.30750000000000        121.827548535961     
   8.31848000000000        133.562654865870     
   8.32946000000000        143.337723969577     
   8.34043000000000        147.812020305913     
   8.35140000000000        151.016977434032     
   8.36236000000000        154.677144137451     
   8.37333000000000        160.347600061312     
   8.38429000000000        168.264060843800     
   8.39524000000000        177.900796235248     
   8.40620000000000        182.619462258034     
   8.41715000000000        183.861346347737     
   8.42810000000000        181.429422794286     
   8.43904000000000        180.792319086714     
   8.44998000000000        176.449087784669     
   8.46092000000000        168.524541161043     
   8.47185000000000        162.105035521494     
   8.48278000000000        159.677547848766     
   8.49371000000000        157.566051614474     
   8.50464000000000        155.204388914250     
   8.51556000000000        154.126311004136     
   8.52648000000000        155.074199131009     
   8.53739000000000        157.622077765110     
   8.54831000000000        160.210621409787     
   8.55922000000000        163.825485345583     
   8.57012000000000        172.189492777797     
   8.58103000000000        181.777740562355     
   8.59193000000000        190.054485279493     
   8.60282000000000        194.300323798065     
   8.61372000000000        198.244380553075     
   8.62461000000000        204.782417379687     
   8.63549000000000        210.822302514043     
   8.64638000000000        216.573483613452     
   8.65726000000000        223.039971619049     
   8.66814000000000        228.980728289420     
   8.67901000000000        234.996387621319     
   8.68988000000000        240.190643775909     
   8.70075000000000        242.948952107495     
   8.71161000000000        242.169915159387     
   8.72248000000000        241.761157514162     
   8.73333000000000        240.810329200620     
   8.74419000000000        236.620061408662     
   8.75504000000000        228.048418578520     
   8.76589000000000        219.286658769508     
   8.77674000000000        209.960128272145     
   8.78758000000000        201.284598546600     
   8.79842000000000        195.703556463368     
   8.80926000000000        193.387132951382     
   8.82009000000000        191.399063883562     
   8.83092000000000        187.332334838686     
   8.84175000000000        183.595359944478     
   8.85257000000000        177.493655622145     
   8.86339000000000        174.337617620052     
   8.87421000000000        173.138150313200     
   8.88502000000000        172.200566006283     
   8.89583000000000        173.193048399500     
   8.90664000000000        175.555804604567     
   8.91745000000000        177.851679735801     
   8.92825000000000        177.767827950935     
   8.93905000000000        176.611510546639     
   8.94984000000000        176.561030042358     
   8.96063000000000        178.195645586517     
   8.97142000000000        180.454279253627     
   8.98221000000000        181.600663708526     
   8.99299000000000        179.933484718278     
   9.00377000000000        176.646182775697     
   9.01455000000000        173.460207066587     
   9.02532000000000        168.716857010749     
   9.03609000000000        162.533038759017     
   9.04686000000000        161.138925139587     
   9.05762000000000        164.737057688454     
   9.06838000000000        170.096380516552     
   9.07914000000000        174.457860706691     
   9.08989000000000        173.620377416330     
   9.10064000000000        167.788790997774     
   9.11139000000000        162.234367075433     
   9.12214000000000        156.153102166316     
   9.13288000000000        148.923369528852     
   9.14362000000000        142.439391110187     
   9.15435000000000        135.904493636508     
   9.16508000000000        128.919941672079     
   9.17581000000000        124.062289261847     
   9.18654000000000        122.933405423951     
   9.19726000000000        120.805139887044     
   9.20798000000000        115.127399192251     
   9.21870000000000        109.355737889884     
   9.22941000000000        104.804763384732     
   9.24012000000000        102.257139869451     
   9.25082000000000        100.727856097064     
   9.26153000000000        100.626972300385     
   9.27223000000000        101.882488498648     
   9.28293000000000        104.075199877117     
   9.29362000000000        106.883815146973     
   9.30431000000000        108.855539197968     
   9.31500000000000        106.921731332071     
   9.32568000000000        104.188529543207     
   9.33636000000000        106.284323088579     
   9.34704000000000        112.302665583569     
   9.35772000000000        118.608234530918     
   9.36839000000000        122.960566017749     
   9.37906000000000        124.508209826778     
   9.38972000000000        125.079598775025     
   9.40038000000000        125.842457850253     
   9.41104000000000        127.102473283973     
   9.42170000000000        126.592674685769     
   9.43235000000000        124.652605202542     
   9.44300000000000        123.618897710834     
   9.45365000000000        124.492661658896     
   9.46429000000000        124.649157665849     
   9.47493000000000        123.999597921556     
   9.48557000000000        124.989158593534     
   9.49620000000000        124.936837293385     
   9.50683000000000        124.079997283263     
   9.51746000000000        122.022791210115     
   9.52808000000000        121.737455201128     
   9.53871000000000        124.534866740184     
   9.54932000000000        128.312279423514     
   9.55994000000000        133.605355923773     
   9.57055000000000        136.499804128637     
   9.58116000000000        135.677592513754     
   9.59176000000000        133.965010052212     
   9.60237000000000        133.709812543245     
   9.61296000000000        134.125090181102     
   9.62356000000000        137.198216790788     
   9.63415000000000        141.322764646563     
   9.64474000000000        143.057323255111     
   9.65533000000000        142.669004548733     
   9.66591000000000        143.087997461242     
   9.67649000000000        145.113175148249     
   9.68707000000000        147.506231204503     
   9.69764000000000        149.774882196617     
   9.70821000000000        153.208686617856     
   9.71878000000000        161.192627567006     
   9.72934000000000        172.392606675058     
   9.73990000000000        180.872256322276     
   9.75046000000000        184.770184522063     
   9.76102000000000        186.432944346555     
   9.77157000000000        188.575321371092     
   9.78212000000000        190.466231806653     
   9.79266000000000        190.394096922609     
   9.80320000000000        189.432806856866     
   9.81374000000000        187.718918954908     
   9.82428000000000        186.402061830301     
   9.83481000000000        187.173555929216     
   9.84534000000000        188.680898175581     
   9.85586000000000        190.795488622654     
   9.86639000000000        192.153397826137     
   9.87691000000000        187.185285275638     
   9.88742000000000        181.180353983063     
   9.89794000000000        182.225310642798     
   9.90845000000000        185.870948605347     
   9.91895000000000        186.368264497753     
   9.92946000000000        184.737762117917     
   9.93996000000000        181.233859528157     
   9.95046000000000        176.917334123212     
   9.96095000000000        173.109078033372     
   9.97144000000000        169.857587087592     
   9.98193000000000        166.645675320139     
   9.99242000000000        165.737711083537     
   10.0029000000000        168.112849537862     
   10.0133800000000        170.881997512391     
   10.0238500000000        172.149463395997     
   10.0343200000000        170.290735572402     
   10.0447900000000        167.016311600534     
   10.0552600000000        165.157064925853     
   10.0657200000000        164.732478555985     
   10.0761800000000        164.994565023739     
   10.0866400000000        166.195877321022     
   10.0970900000000        168.545542108827     
   10.1075400000000        171.372686468829     
   10.1179900000000        173.331992390178     
   10.1284300000000        174.680035964181     
   10.1388700000000        178.788004582540     
   10.1493100000000        184.460933976551     
   10.1597400000000        185.002169877751     
   10.1701700000000        183.180654977873     
   10.1806000000000        184.618988039819     
   10.1910300000000        186.377335705037     
   10.2014500000000        186.887474287910     
   10.2118700000000        190.119617608188     
   10.2222800000000        195.768293474080     
   10.2326900000000        199.595656701376     
   10.2431000000000        200.445416434407     
   10.2535100000000        199.012569408087     
   10.2639100000000        196.784406448719     
   10.2743100000000        195.347219246037     
   10.2847100000000        197.418873582070     
   10.2951000000000        202.926457291673     
   10.3054900000000        206.723453071223     
   10.3158800000000        207.391335387931     
   10.3262600000000        208.163283602111     
   10.3366400000000        207.475877121606     
   10.3470200000000        205.195658016955     
   10.3573900000000        204.917338414148     
   10.3677600000000        206.671937153615     
   10.3781300000000        206.961016607426     
   10.3884900000000        204.395620927864     
   10.3988600000000        200.809903234224     
   10.4092100000000        197.443933219013     
   10.4195700000000        195.646561212862     
   10.4299200000000        195.270231387841     
   10.4402700000000        195.472522882853     
   10.4506100000000        195.647013480615     
   10.4609600000000        195.132024908790     
   10.4713000000000        194.159471734666     
   10.4816300000000        194.318158723686     
   10.4919600000000        196.773206347303     
   10.5022900000000        200.587272591644     
   10.5126200000000        203.902086796695     
   10.5229400000000        206.112250490667     
   10.5332600000000        206.139423680052     
   10.5435800000000        204.894506292119     
   10.5539000000000        203.549065671891     
   10.5642100000000        201.814459303069     
   10.5745100000000        200.398507039542     
   10.5848200000000        200.083045509356     
   10.5951200000000        199.978474204602     
   10.6054200000000        200.585275190236     
   10.6157100000000        201.821583212672     
   10.6260000000000        202.995413929881     
   10.6362900000000        206.414137234102     
   10.6465800000000        210.729695660582     
   10.6568600000000        213.579630375907     
   10.6671400000000        215.586744116804     
   10.6774100000000        217.711086423131     
   10.6876900000000        220.772299983419     
   10.6979600000000        225.047588853382     
   10.7082200000000        230.470004396667     
   10.7184900000000        238.128130643060     
   10.7287500000000        246.745159506024     
   10.7390000000000        253.967307265484     
   10.7492600000000        259.678438935577     
   10.7595100000000        264.463630170638     
   10.7697500000000        269.741213152564     
   10.7800000000000        276.873042477102     
   10.7902400000000        282.565767380024     
   10.8004800000000        285.554744464339     
   10.8107100000000        288.281197590351     
   10.8209400000000        291.461174130089     
   10.8311700000000        294.642858813993     
   10.8414000000000        299.969111449441     
   10.8516200000000        309.586469405495     
   10.8618400000000        321.833452116692     
   10.8720500000000        331.705425947882     
   10.8822700000000        338.706696372342     
   10.8924800000000        344.966426800719     
   10.9026800000000        352.586963186253     
   10.9128800000000        362.962341925988     
   10.9230800000000        375.524113339337     
   10.9332800000000        387.912775524587     
   10.9434700000000        397.924541351709     
   10.9536600000000        405.084994638667     
   10.9638500000000        408.530136908864     
   10.9740400000000        405.521065208429     
   10.9842200000000        399.403058101423     
   10.9943900000000        396.017175377187     
   11.0045700000000        396.526591279841     
   11.0147400000000        400.428147654848     
   11.0249100000000        407.399058197350     
   11.0350700000000        414.821542702776     
   11.0452300000000        420.334766956525     
   11.0553900000000        424.475654820195     
   11.0655500000000        428.266546198234     
   11.0757000000000        432.851469893538     
   11.0858500000000        438.822878499417     
   11.0960000000000        445.301524731503     
   11.1061400000000        449.760816660086     
   11.1162800000000        450.356187156077     
   11.1264200000000        448.884908606447     
   11.1365500000000        449.537086222403     
   11.1466800000000        452.318747607404     
   11.1568100000000        454.192918937425     
   11.1669300000000        455.874306139126     
   11.1770500000000        458.750606905787     
   11.1871700000000        460.540081101798     
   11.1972800000000        460.898095794473     
   11.2073900000000        461.661283721262     
   11.2175000000000        461.419464136314     
   11.2276100000000        461.713701668935     
   11.2377100000000        466.562137396191     
   11.2478100000000        477.379039857052     
   11.2579000000000        490.762170349209     
   11.2679900000000        500.528818551257     
   11.2780800000000        504.797687694708     
   11.2881700000000        506.589236709231     
   11.2982500000000        508.033932366900     
   11.3083300000000        511.272829177287     
   11.3184100000000        517.575444614137     
   11.3284800000000        524.624084335076     
   11.3385500000000        530.439084703207     
   11.3486200000000        535.368722828217     
   11.3586800000000        540.363143302573     
   11.3687400000000        546.346394993315     
   11.3788000000000        552.318788191159     
   11.3888500000000        557.311484989819     
   11.3989000000000        561.787736784541     
   11.4089500000000        565.233167183790     
   11.4189900000000        566.871336634488     
   11.4290400000000        568.169224342900     
   11.4390700000000        570.760999078580     
   11.4491100000000        574.547697919957     
   11.4591400000000        580.278205298835     
   11.4691700000000        588.686579228054     
   11.4792000000000        597.919023779974     
   11.4892200000000        605.196520429813     
   11.4992400000000        610.225926848820     
   11.5092500000000        613.639052533975     
   11.5192700000000        615.901516673900     
   11.5292800000000        617.937260734896     
   11.5392800000000        620.643637456636     
   11.5492900000000        624.021563860023     
   11.5592900000000        627.107547079029     
   11.5692800000000        628.982991752317     
   11.5792800000000        631.000108960435     
   11.5892700000000        634.322360708374     
   11.5992600000000        636.953512037128     
   11.6092400000000        637.754578950359     
   11.6192200000000        637.797810982556     
   11.6292000000000        638.426763370935     
   11.6391700000000        640.183260716256     
   11.6491500000000        642.450228686777     
   11.6591200000000        645.644651177727     
   11.6690800000000        650.363283187727     
   11.6790400000000        655.353790237159     
   11.6890000000000        658.913450699289     
   11.6989600000000        660.777818260808     
   11.7089100000000        662.530830086847     
   11.7188600000000        664.835821994004     
   11.7288100000000        666.163935743566     
   11.7387500000000        665.613208234015     
   11.7486900000000        663.321107652962     
   11.7586300000000        658.838588486546     
   11.7685600000000        652.236548209812     
   11.7784900000000        644.184440348291     
   11.7884200000000        634.458334066209     
   11.7983400000000        625.552145940416     
   11.8082600000000        621.322902359310     
   11.8181800000000        621.337789806055     
   11.8281000000000        621.941117557333     
   11.8380100000000        619.596243588692     
   11.8479200000000        613.297437604351     
   11.8578200000000        605.080910835535     
   11.8677200000000        597.429127934396     
   11.8776200000000        591.217247050610     
   11.8875200000000        586.333104188127     
   11.8974100000000        582.772492651247     
   11.9073000000000        579.906633545085     
   11.9171900000000        576.643841069025     
   11.9270700000000        572.644323112924     
   11.9369500000000        568.917927252559     
   11.9468300000000        565.835168468423     
   11.9567000000000        561.326942345544     
   11.9665700000000        553.739385708538     
   11.9764400000000        543.546062796533     
   11.9863000000000        532.747952044514     
   11.9961600000000        524.409016735128     
   12.0060200000000        520.644974884007     
   12.0158700000000        521.166154846294     
   12.0257300000000        524.647668824467     
   12.0355700000000        530.579947406135     
   12.0454200000000        538.573710967401     
   12.0552600000000        547.651403221040     
   12.0651000000000        557.594214074483     
   12.0749400000000        568.209570293561     
   12.0847700000000        577.491732357784     
   12.0946000000000        584.005221926177     
   12.1044200000000        587.890213313289     
   12.1142500000000        589.521392589248     
   12.1240700000000        590.638035890658     
   12.1338800000000        593.090277006906     
   12.1437000000000        597.265329820414     
   12.1535100000000        603.355564937381     
   12.1633100000000        610.826676015163     
   12.1731200000000        618.646631985506     
   12.1829200000000        626.625111867059     
   12.1927200000000        634.878746387154     
   12.2025100000000        643.704901138460     
   12.2123000000000        652.323402631383     
   12.2220900000000        659.162526997099     
   12.2318700000000        664.814139998163     
   12.2416600000000        671.039559388147     
   12.2514300000000        677.370926708140     
   12.2612100000000        682.465072400370     
   12.2709800000000        686.663805883703     
   12.2807500000000        690.874143758992     
   12.2905200000000        694.765116787022     
   12.3002800000000        698.771746244075     
   12.3100400000000        704.022564739301     
   12.3198000000000        709.225170758100     
   12.3295500000000        710.861734165338     
   12.3393000000000        708.150118617278     
   12.3490500000000        704.225022607640     
   12.3587900000000        701.738237790867     
   12.3685300000000        700.961002440471     
   12.3782700000000        700.985367889905     
   12.3880000000000        701.523855639365     
   12.3977300000000        702.989257244367     
   12.4074600000000        705.205813233208     
   12.4171800000000        707.254692999284     
   12.4269100000000        708.485476204369     
   12.4366200000000        708.904030723185     
   12.4463400000000        708.110247329341     
   12.4560500000000        704.510384555089     
   12.4657600000000        696.489350606592     
   12.4754700000000        684.498930103991     
   12.4851700000000        671.700403014969     
   12.4948700000000        661.203908414128     
   12.5045600000000        654.309078751808     
   12.5142600000000        650.710479331277     
   12.5239500000000        649.308906806604     
   12.5336300000000        648.711030171408     
   12.5433200000000        647.620467036319     
   12.5530000000000        645.790844704833     
   12.5626800000000        643.834253621687     
   12.5723500000000        642.049474426419     
   12.5820200000000        640.764425826075     
   12.5916900000000        640.998268566564     
   12.6013500000000        643.297039434231     
   12.6110100000000        647.283541616506     
   12.6206700000000        652.459487071967     
   12.6303300000000        658.103698939777     
   12.6399800000000        663.561993801593     
   12.6496300000000        668.037214583462     
   12.6592700000000        669.872275065304     
   12.6689200000000        667.890372156102     
   12.6785500000000        663.595508870879     
   12.6881900000000        660.564451005988     
   12.6978200000000        662.012571795791     
   12.7074500000000        669.192182921395     
   12.7170800000000        680.947444846594     
   12.7267000000000        695.000885319341     
   12.7363200000000        709.234946426902     
   12.7459400000000        721.462915800358     
   12.7555500000000        729.602548089497     
   12.7651600000000        732.795206339623     
   12.7747700000000        731.888751102749     
   12.7843800000000        729.309439950446     
   12.7939800000000        728.247994672402     
   12.8035800000000        730.558465704005     
   12.8131700000000        735.791906934840     
   12.8227600000000        742.279430460536     
   12.8323500000000        748.825384710311     
   12.8419400000000        755.419330489492     
   12.8515200000000        762.040251535788     
   12.8611000000000        768.068576323631     
   12.8706700000000        773.316130094709     
   12.8802500000000        778.471308411296     
   12.8898100000000        784.294060256788     
   12.8993800000000        791.346403376143     
   12.9089400000000        800.390560916188     
   12.9185000000000        811.732054840560     
   12.9280600000000        824.306668413170     
   12.9376100000000        835.858655364985     
   12.9471700000000        844.099328255268     
   12.9567100000000        848.404612645843     
   12.9662600000000        850.180446673789     
   12.9758000000000        851.135741936065     
   12.9853400000000        852.231152699105     
   12.9948700000000        853.943583754191     
   13.0044000000000        856.088051907478     
   13.0139300000000        857.922107116097     
   13.0234600000000        859.128229777848     
   13.0329800000000        859.993610360573     
   13.0425000000000        860.487501858245     
   13.0520100000000        860.288029494513     
   13.0615200000000        859.737288480238     
   13.0710300000000        860.121460452381     
   13.0805400000000        862.775526142861     
   13.0900400000000        868.102696507226     
   13.0995400000000        875.773372699806     
   13.1090400000000        885.456077722275     
   13.1185300000000        896.702669013466     
   13.1280200000000        908.216817996807     
   13.1375100000000        918.029873444164     
   13.1469900000000        924.492130774351     
   13.1564700000000        926.967591777030     
   13.1659500000000        926.265751748784     
   13.1754300000000        924.455844146805     
   13.1849000000000        923.629698386655     
   13.1943700000000        924.820053397385     
   13.2038300000000        928.253593020320     
   13.2132900000000        933.553346146811     
   13.2227500000000        939.103520113051     
   13.2322100000000        942.462152512770     
   13.2416600000000        941.723811839019     
   13.2511100000000        936.750376254373     
   13.2605500000000        929.387318895650     
   13.2700000000000        922.280838870879     
   13.2794400000000        917.732150295675     
   13.2888700000000        916.818242278392     
   13.2983100000000        918.892719512951     
   13.3077400000000        921.860328568038     
   13.3171600000000        924.070861189541     
   13.3265900000000        925.687895708329     
   13.3360100000000        927.443527933038     
   13.3454300000000        928.916729189881     
   13.3548400000000        928.535847967911     
   13.3642500000000        925.119651367413     
   13.3736600000000        918.997822592201     
   13.3830600000000        911.317491181701     
   13.3924700000000        903.321090954851     
   13.4018600000000        896.650999221893     
   13.4112600000000        892.419141191590     
   13.4206500000000        890.164454926747     
   13.4300400000000        888.897517820100     
   13.4394300000000        888.601297255950     
   13.4488100000000        889.621986656467     
   13.4581900000000        891.560063751358     
   13.4675600000000        893.287026589876     
   13.4769400000000        893.841420970073     
   13.4863100000000        893.658274960294     
   13.4956700000000        894.693008078569     
   13.5050400000000        898.723538367071     
   13.5144000000000        905.451704025468     
   13.5237600000000        912.172142157439     
   13.5331100000000        915.287114399468     
   13.5424600000000        912.976323059236     
   13.5518100000000        906.442319563971     
   13.5611500000000        898.717315252641     
   13.5704900000000        892.641012954199     
   13.5798300000000        889.594360676575     
   13.5891700000000        889.388062766279     
   13.5985000000000        891.017221978545     
   13.6078300000000        893.656818338884     
   13.6171500000000        897.183401369034     
   13.6264800000000        901.764167714784     
   13.6358000000000        907.109330785522     
   13.6451100000000        912.358745407533     
   13.6544200000000        916.529799120728     
   13.6637300000000        919.200400003216     
   13.6730400000000        920.936553347750     
   13.6823400000000        922.855309928168     
   13.6916400000000        925.841934044096     
   13.7009400000000        930.068631058642     
   13.7102400000000        934.775091558787     
   13.7195300000000        938.843889033503     
   13.7288100000000        941.837261271957     
   13.7381000000000        943.979875641501     
   13.7473800000000        945.109253816016     
   13.7566600000000        944.230411443014     
   13.7659300000000        940.515524965382     
   13.7752000000000        934.601389727570     
   13.7844700000000        928.509126228476     
   13.7937400000000        924.255167494164     
   13.8030000000000        922.759307598636     
   13.8122600000000        923.985838769681     
   13.8215200000000        927.471031914685     
   13.8307700000000        932.552110864674     
   13.8400200000000        938.605666981986     
   13.8492600000000        945.063268176580     
   13.8585100000000        951.169953932814     
   13.8677500000000        955.821629610863     
   13.8769800000000        957.974253884300     
   13.8862200000000        957.223513970539     
   13.8954500000000        954.202250455386     
   13.9046800000000        950.351598484196     
   13.9139000000000        947.168615831582     
   13.9231200000000        945.390470833508     
   13.9323400000000        944.715345304601     
   13.9415500000000        944.407536201752     
   13.9507700000000        944.350117115302     
   13.9599700000000        945.228652824321     
   13.9691800000000        947.452594687742     
   13.9783800000000        950.263325709770     
   13.9875800000000        952.177604035903     
   13.9967800000000        952.129474404906     
   14.0059700000000        950.337809587808     
   14.0151600000000        948.186272136860     
   14.0243400000000        947.025332890059     
   14.0335300000000        947.164594783568     
   14.0427100000000        948.082070007841     
   14.0518800000000        948.956307638590     
   14.0610600000000        948.667214683991     
   14.0702300000000        945.765099694876     
   14.0794000000000        939.168622205720     
   14.0885600000000        929.037317343698     
   14.0977200000000        916.745084127979     
   14.1068800000000        904.278968596475     
   14.1160300000000        893.401244430159     
   14.1251800000000        884.723300900491     
   14.1343300000000        877.612243850881     
   14.1434800000000        871.066747783944     
   14.1526200000000        864.696914401880     
   14.1617600000000        858.718159545817     
   14.1708900000000        853.284543237732     
   14.1800300000000        848.228589021413     
   14.1891500000000        843.531391757873     
   14.1982800000000        839.379747114986     
   14.2074000000000        835.796596805777     
   14.2165200000000        832.348006144230     
   14.2256400000000        828.502025570010     
   14.2347500000000        824.193643877231     
   14.2438600000000        820.004195258728     
   14.2529700000000        816.972524007563     
   14.2620700000000        816.214671485808     
   14.2711800000000        818.547926882383     
   14.2802700000000        824.280819241631     
   14.2893700000000        833.172279826518     
   14.2984600000000        844.244711945820     
   14.3075500000000        855.903862001894     
   14.3166300000000        866.550694442107     
   14.3257100000000        875.447798490375     
   14.3347900000000        882.573266698280     
   14.3438700000000        887.765865199998     
   14.3529400000000        890.473589295579     
   14.3620100000000        890.359463390612     
   14.3710700000000        887.595413603846     
   14.3801400000000        882.514182105766     
   14.3892000000000        875.397510942372     
   14.3982500000000        866.567215609047     
   14.4073100000000        856.461182569204     
   14.4163600000000        845.757852126036     
   14.4254000000000        835.418228964605     
   14.4344500000000        826.543923280550     
   14.4434900000000        820.045926646152     
   14.4525200000000        816.242809516601     
   14.4615600000000        814.737460401890     
   14.4705900000000        814.646000612484     
   14.4796200000000        815.143491510471     
   14.4886400000000        815.726136713676     
   14.4976600000000        815.999005285463     
   14.5066800000000        815.549485537909     
   14.5157000000000        813.999088381012     
   14.5247100000000        811.055776521119     
   14.5337200000000        806.668071496016     
   14.5427200000000        801.269910694633     
   14.5517300000000        795.769705708788     
   14.5607300000000        791.406657752632     
   14.5697200000000        789.320058793135     
   14.5787100000000        789.933302982541     
   14.5877000000000        792.558254720458     
   14.5966900000000        795.666688218141     
   14.6056700000000        797.795715566182     
   14.6146600000000        798.531478009869     
   14.6236300000000        798.651489196933     
   14.6326100000000        799.237948315418     
   14.6415800000000        800.666920679786     
   14.6505400000000        802.522368921556     
   14.6595100000000        804.234858080853     
   14.6684700000000        805.371200280195     
   14.6774300000000        805.452256173312     
   14.6863800000000        804.108667400661     
   14.6953400000000        801.641122013737     
   14.7042800000000        799.021008102750     
   14.7132300000000        797.150124582129     
   14.7221700000000        796.375904400822     
   14.7311100000000        796.524352218489     
   14.7400500000000        797.167003492049     
   14.7489800000000        797.671778128500     
   14.7579100000000        797.048829338485     
   14.7668400000000        794.102312958059     
   14.7757600000000        788.082983228185     
   14.7846800000000        779.114448769358     
   14.7936000000000        768.068726173101     
   14.8025100000000        756.196341008063     
   14.8114200000000        744.746256789946     
   14.8203300000000        734.792263457718     
   14.8292300000000        727.087065919984     
   14.8381300000000        721.891127429378     
   14.8470300000000        718.993801731980     
   14.8559300000000        717.922137970364     
   14.8648200000000        718.184823713058     
   14.8737100000000        719.322399985809     
   14.8825900000000        720.807130925515     
   14.8914700000000        722.037144619588     
   14.9003500000000        722.493605647859     
   14.9092300000000        721.861292470193     
   14.9181000000000        719.975579174441     
   14.9269700000000        716.715041144846     
   14.9358400000000        712.017341660655     
   14.9447000000000        705.983611508496     
   14.9535600000000        698.883268873590     
   14.9624200000000        691.105542066040     
   14.9712700000000        683.099967748750     
   14.9801200000000        675.325802820388     
   14.9889700000000        668.296100141905     
   14.9978100000000        662.553391199157     
   15.0066500000000        658.517382612573     
   15.0154900000000        656.333797454328     
   15.0243300000000        655.727635171722     
   15.0331600000000        655.974340343555     
   15.0419900000000        656.118898462495     
   15.0508100000000        655.394977320397     
   15.0596300000000        653.506810281608     
   15.0684500000000        650.560420441758     
   15.0772700000000        646.778026508637     
   15.0860800000000        642.275659484949     
   15.0948900000000        637.078419073398     
   15.1037000000000        631.388420912766     
   15.1125000000000        625.749993313780     
   15.1213000000000        620.813009759746     
   15.1301000000000        616.951304877215     
   15.1388900000000        614.138996878647     
   15.1476800000000        612.179783558794     
   15.1564700000000        610.954173243534     
   15.1652500000000        610.420573530056     
   15.1740300000000        610.540387670807     
   15.1828100000000        611.282897645523     
   15.1915800000000        612.633868497408     
   15.2003500000000        614.531371707302     
   15.2091200000000        616.726553059922     
   15.2178900000000        618.700594717620     
   15.2266500000000        619.757753518316     
   15.2354100000000        619.270250687326     
   15.2441600000000        616.861791510062     
   15.2529200000000        612.387401229478     
   15.2616700000000        605.874728355712     
   15.2704100000000        597.552223313628     
   15.2791500000000        587.996741769309     
   15.2878900000000        578.184010730860     
   15.2966300000000        569.207259140385     
   15.3053600000000        561.852713480800     
   15.3140900000000        556.330577041806     
   15.3228200000000        552.397441955732     
   15.3315400000000        549.656820431766     
   15.3402600000000        547.877724254382     
   15.3489800000000        547.120619990912     
   15.3577000000000        547.529302537474     
   15.3664100000000        548.987497941801     
   15.3751200000000        550.963942219124     
   15.3838200000000        552.693002796236     
   15.3925200000000        553.526884382884     
   15.4012200000000        553.107571300128     
   15.4099200000000        551.341307028760     
   15.4186100000000        548.346118186329     
   15.4273000000000        544.420256679717     
   15.4359800000000        540.016970437359     
   15.4446700000000        535.657536738007     
   15.4533400000000        531.889562985855     
   15.4620200000000        529.116105286300     
   15.4706900000000        527.501179601764     
   15.4793600000000        526.863506648437     
   15.4880300000000        526.752657765756     
   15.4966900000000        526.629866710750     
   15.5053500000000        526.092773255608     
   15.5140100000000        525.021126259732     
   15.5226700000000        523.580038599828     
   15.5313200000000        522.107810590337     
   15.5399600000000        520.920033110262     
   15.5486100000000        520.115017815387     
   15.5572500000000        519.506221021250     
   15.5658900000000        518.695079375796     
   15.5745200000000        517.228280090683     
   15.5831600000000        514.738448444710     
   15.5917900000000        511.084200239680     
   15.6004100000000        506.416892964854     
   15.6090300000000        501.154298866466     
   15.6176500000000        495.850559088528     
   15.6262700000000        491.000938193262     
   15.6348800000000        486.910713322592     
   15.6434900000000        483.646750886806     
   15.6521000000000        481.103747226491     
   15.6607000000000        479.087590455350     
   15.6693000000000        477.394179510768     
   15.6779000000000        475.889717598204     
   15.6864900000000        474.553149720019     
   15.6950800000000        473.427812796101     
   15.7036700000000        472.482974217018     
   15.7122600000000        471.507372064780     
   15.7208400000000        470.197478333735     
   15.7294100000000        468.382920610098     
   15.7379900000000        466.188855747874     
   15.7465600000000        464.028467634107     
   15.7551300000000        462.393731203766     
   15.7637000000000        461.629564096102     
   15.7722600000000        461.787670840582     
   15.7808200000000        462.627764573960     
   15.7893700000000        463.697645288944     
   15.7979300000000        464.408002077556     
   15.8064700000000        464.101514777519     
   15.8150200000000        462.214003246198     
   15.8235600000000        458.512082141561     
   15.8321000000000        453.261660977402     
   15.8406400000000        447.191275035636     
   15.8491800000000        441.203542166038     
   15.8577100000000        436.040639951162     
   15.8662300000000        432.101229278111     
   15.8747600000000        429.481798653600     
   15.8832800000000        428.110547130812     
   15.8918000000000        427.821198532304     
   15.9003100000000        428.446297716349     
   15.9088200000000        429.867572781950     
   15.9173300000000        432.010154451904     
   15.9258400000000        434.790604398661     
   15.9343400000000        438.054631131421     
   15.9428400000000        441.537882127361     
   15.9513300000000        444.824952218353     
   15.9598300000000        447.404820678258     
   15.9683100000000        448.764810506136     
   15.9768000000000        448.575433999915     
   15.9852800000000        446.780357447382     
   15.9937600000000        443.604182446253     
   16.0022400000000        439.446009152502     
   16.0107100000000        434.747983322815     
   16.0191800000000        429.895541868248     
   16.0276500000000        425.214105771210     
   16.0361200000000        420.937507660911     
   16.0445800000000        417.141598443118     
   16.0530300000000        413.686332291124     
   16.0614900000000        410.276298865168     
   16.0699400000000        406.650807684050     
   16.0783900000000        402.724958548619     
   16.0868300000000        398.674093181025     
   16.0952800000000        394.834415812036     
   16.1037100000000        391.570386817299     
   16.1121500000000        389.058621758819     
   16.1205800000000        387.251615155267     
   16.1290100000000        385.889934795131     
   16.1374400000000        384.630144948382     
   16.1458600000000        383.151863214984     
   16.1542800000000        381.201846657896     
   16.1627000000000        378.597495389156     
   16.1711100000000        375.216198590015     
   16.1795200000000        370.974130445530     
   16.1879300000000        365.843810232759     
   16.1963300000000        359.899173559296     
   16.2047300000000        353.349401910631     
   16.2131300000000        346.578050491952     
   16.2215200000000        340.091689701192     
   16.2299100000000        334.380447303618     
   16.2383000000000        329.820321649612     
   16.2466900000000        326.578179160832     
   16.2550700000000        324.574075897578     
   16.2634500000000        323.491480575422     
   16.2718200000000        322.880913619477     
   16.2802000000000        322.306352677108     
   16.2885600000000        321.492946721493     
   16.2969300000000        320.368771377040     
   16.3052900000000        319.023741331269     
   16.3136500000000        317.600730754341     
   16.3220100000000        316.223030999646     
   16.3303600000000        314.979336233920     
   16.3387100000000        313.948115444327     
   16.3470600000000        313.227104048348     
   16.3554000000000        312.926678950896     
   16.3637400000000        313.136399832774     
   16.3720800000000        313.873546837327     
   16.3804200000000        315.025498466806     
   16.3887500000000        316.336056369962     
   16.3970700000000        317.466225362361     
   16.4054000000000        318.073617249593     
   16.4137200000000        317.845943002600     
   16.4220400000000        316.520722080992     
   16.4303500000000        313.933230725917     
   16.4386700000000        310.090826975318     
   16.4469700000000        305.255154704304     
   16.4552800000000        299.839357529896     
   16.4635800000000        294.332609835732     
   16.4718800000000        289.100560454596     
   16.4801800000000        284.316805450392     
   16.4884700000000        279.969214196250     
   16.4967600000000        275.942126736008     
   16.5050500000000        272.153641108673     
   16.5133300000000        268.620389295971     
   16.5216100000000        265.425284735040     
   16.5298900000000        262.651302236284     
   16.5381600000000        260.297337504646     
   16.5464300000000        258.239639502314     
   16.5547000000000        256.278613639565     
   16.5629700000000        254.206944215271     
   16.5712300000000        251.869003389407     
   16.5794900000000        249.167887663778     
   16.5877400000000        246.063334928305     
   16.5959900000000        242.544302284686     
   16.6042400000000        238.636263723440     
   16.6124900000000        234.398523827415     
   16.6207300000000        229.926809440786     
   16.6289700000000        225.333001303056     
   16.6372000000000        220.756644771673     
   16.6454400000000        216.315341329875     
   16.6536700000000        212.121445860543     
   16.6618900000000        208.248410772818     
   16.6701200000000        204.752679402174     
   16.6783400000000        201.712132260175     
   16.6865500000000        199.188290576120     
   16.6947700000000        197.208015914483     
   16.7029800000000        195.757221061208     
   16.7111900000000        194.753655523513     
   16.7193900000000        194.059943143757     
   16.7275900000000        193.484730536077     
   16.7357900000000        192.799278771388     
   16.7439800000000        191.770896346926     
   16.7521800000000        190.214151181800     
   16.7603600000000        188.064248845883     
   16.7685500000000        185.384049282220     
   16.7767300000000        182.370211272000     
   16.7849100000000        179.269513850015     
   16.7930900000000        176.324711721424     
   16.8012600000000        173.730789956844     
   16.8094300000000        171.609070495725     
   16.8175900000000        170.020362318804     
   16.8257600000000        168.961804166508     
   16.8339200000000        168.392644057501     
   16.8420700000000        168.244166836963     
   16.8502300000000        168.450037737744     
   16.8583800000000        168.965373162470     
   16.8665300000000        169.774371076251     
   16.8746700000000        170.879325279907     
   16.8828100000000        172.286033315014     
   16.8909500000000        173.980258494470     
   16.8990800000000        175.908266780950     
   16.9072100000000        177.972378520568     
   16.9153400000000        180.022456252866     
   16.9234700000000        181.867072608427     
   16.9315900000000        183.292522216640     
   16.9397100000000        184.097118959635     
   16.9478200000000        184.113007567305     
   16.9559400000000        183.230402235124     
   16.9640500000000        181.418010233013     
   16.9721500000000        178.734765198500     
   16.9802600000000        175.318397418773     
   16.9883600000000        171.390465883683     
   16.9964500000000        167.201563564089     
   17.0045500000000        162.991351149110     
   17.0126400000000        158.986754689749     
   17.0207200000000        155.339411740807     
   17.0288100000000        152.113960879609     
   17.0368900000000        149.324418002198     
   17.0449700000000        146.936926523947     
   17.0530400000000        144.919777624371     
   17.0611100000000        143.242362194711     
   17.0691800000000        141.869973613299     
