   7.15970000000000        251.735991515693     
   7.17100000000000        253.061923932123     
   7.18231000000000        254.338245440467     
   7.19360000000000        249.638988296854     
   7.20490000000000        243.537862730151     
   7.21619000000000        239.625239653413     
   7.22748000000000        235.230721887514     
   7.23877000000000        236.407420772996     
   7.25005000000000        235.862181121166     
   7.26133000000000        233.726475457944     
   7.27261000000000        227.311908588327     
   7.28388000000000        223.633373620254     
   7.29515000000000        222.162278091376     
   7.30642000000000        228.703419001227     
   7.31768000000000        233.377698239802     
   7.32894000000000        237.772103344495     
   7.34020000000000        244.122505583996     
   7.35146000000000        257.605852911767     
   7.36271000000000        268.746108316986     
   7.37396000000000        279.719268994178     
   7.38520000000000        278.087676177065     
   7.39644000000000        266.950902784453     
   7.40768000000000        261.068041359278     
   7.41892000000000        255.783300837185     
   7.43015000000000        251.616894449963     
   7.44138000000000        252.872038835456     
   7.45261000000000        246.270872105272     
   7.46383000000000        238.589004708364     
   7.47505000000000        236.171481115956     
   7.48626000000000        232.585461277197     
   7.49748000000000        237.644071298637     
   7.50869000000000        242.655133223340     
   7.51990000000000        240.761056177493     
   7.53110000000000        237.848352443764     
   7.54230000000000        242.562521895740     
   7.55350000000000        247.687547357761     
   7.56469000000000        248.678557536180     
   7.57588000000000        248.442333032917     
   7.58707000000000        246.473333002373     
   7.59826000000000        248.918266880790     
   7.60944000000000        253.315339582295     
   7.62062000000000        262.308851987016     
   7.63179000000000        272.119719031670     
   7.64296000000000        270.371197394192     
   7.65413000000000        260.776523432167     
   7.66530000000000        251.474226363634     
   7.67646000000000        245.047802083757     
   7.68762000000000        247.154343046139     
   7.69878000000000        248.571841148333     
   7.70993000000000        241.163611758175     
   7.72108000000000        230.691879565184     
   7.73223000000000        225.988994048702     
   7.74337000000000        225.907588583438     
   7.75451000000000        222.928172669608     
   7.76565000000000        219.371536413850     
   7.77678000000000        215.778664031863     
   7.78791000000000        213.649404591772     
   7.79904000000000        213.597426076991     
   7.81017000000000        215.776754799528     
   7.82129000000000        218.442978831484     
   7.83241000000000        222.543663876977     
   7.84352000000000        226.906471094011     
   7.85463000000000        226.439732386639     
   7.86574000000000        222.599296872375     
   7.87685000000000        215.804219528005     
   7.88795000000000        211.378444498633     
   7.89905000000000        211.186233842457     
   7.91015000000000        209.113188708521     
   7.92124000000000        197.185972480934     
   7.93233000000000        188.467291816083     
   7.94342000000000        184.025754906041     
   7.95450000000000        179.682953956792     
   7.96558000000000        172.696016673815     
   7.97666000000000        161.582286442483     
   7.98773000000000        150.019869575066     
   7.99880000000000        141.947873726310     
   8.00987000000000        133.744729215080     
   8.02093000000000        127.758012857801     
   8.03200000000000        130.177196772656     
   8.04305000000000        134.584912868891     
   8.05411000000000        134.850532908063     
   8.06516000000000        136.982975868928     
   8.07621000000000        143.031222784106     
   8.08726000000000        149.294340708551     
   8.09830000000000        153.630951149810     
   8.10934000000000        157.201265428882     
   8.12037000000000        158.849839225581     
   8.13141000000000        158.255202700967     
   8.14244000000000        153.770875036702     
   8.15346000000000        149.386951017101     
   8.16449000000000        145.161012528128     
   8.17551000000000        139.550981701412     
   8.18652000000000        128.784332685119     
   8.19754000000000        116.280115899012     
   8.20855000000000        107.031346743908     
   8.21955000000000        101.379049737973     
   8.23056000000000        99.5998980533448     
   8.24156000000000        101.531345218468     
   8.25256000000000        105.002155864598     
   8.26355000000000        107.028285697224     
   8.27454000000000        108.785827461470     
   8.28553000000000        111.889834554795     
   8.29652000000000        119.659883169096     
   8.30750000000000        132.826977706826     
   8.31848000000000        144.948599830040     
   8.32946000000000        154.581567466965     
   8.34043000000000        159.013307398740     
   8.35140000000000        162.448297638468     
   8.36236000000000        166.108917718284     
   8.37333000000000        171.592434925253     
   8.38429000000000        179.286745126711     
   8.39524000000000        188.765114081484     
   8.40620000000000        193.436870537658     
   8.41715000000000        195.031995246791     
   8.42810000000000        192.976560150841     
   8.43904000000000        192.601065392235     
   8.44998000000000        188.631457115039     
   8.46092000000000        181.664324878580     
   8.47185000000000        176.084348888440     
   8.48278000000000        173.891078559566     
   8.49371000000000        171.700153126999     
   8.50464000000000        168.882587942343     
   8.51556000000000        167.068864612321     
   8.52648000000000        167.309666343226     
   8.53739000000000        169.399197856673     
   8.54831000000000        171.649237056035     
   8.55922000000000        174.939442299254     
   8.57012000000000        182.673558018074     
   8.58103000000000        191.601750679560     
   8.59193000000000        199.317745139705     
   8.60282000000000        203.488467567119     
   8.61372000000000        207.565994701828     
   8.62461000000000        214.444974429407     
   8.63549000000000        220.782146260410     
   8.64638000000000        226.394904041315     
   8.65726000000000        232.196858695344     
   8.66814000000000        237.431927234031     
   8.67901000000000        243.048676186192     
   8.68988000000000        248.112805853194     
   8.70075000000000        250.703554981182     
   8.71161000000000        249.893238225072     
   8.72248000000000        249.479245182926     
   8.73333000000000        248.164927599173     
   8.74419000000000        243.468922385180     
   8.75504000000000        234.784509183045     
   8.76589000000000        226.194536241684     
   8.77674000000000        217.523743345117     
   8.78758000000000        209.467870893852     
   8.79842000000000        204.201335023427     
   8.80926000000000        201.896660735313     
   8.82009000000000        199.728980403284     
   8.83092000000000        195.423062798276     
   8.84175000000000        191.612555324782     
   8.85257000000000        185.618698746764     
   8.86339000000000        182.760342431652     
   8.87421000000000        182.073214931194     
   8.88502000000000        181.472158165955     
   8.89583000000000        182.471572937393     
   8.90664000000000        184.680967462265     
   8.91745000000000        186.756109565525     
   8.92825000000000        186.546300068598     
   8.93905000000000        185.312388712112     
   8.94984000000000        185.174221540285     
   8.96063000000000        186.777359121874     
   8.97142000000000        189.194997118994     
   8.98221000000000        190.731894556419     
   8.99299000000000        190.042120907574     
   9.00377000000000        187.948330082447     
   9.01455000000000        185.794523592863     
   9.02532000000000        182.596329042677     
   9.03609000000000        178.843145876062     
   9.04686000000000        180.701013100856     
   9.05762000000000        187.771622781714     
   9.06838000000000        196.649266057305     
   9.07914000000000        204.468929372701     
   9.08989000000000        205.749794517387     
   9.10064000000000        200.147394799468     
   9.11139000000000        194.057310663136     
   9.12214000000000        188.092111996997     
   9.13288000000000        181.710982115556     
   9.14362000000000        176.339659543991     
   9.15435000000000        169.190694022325     
   9.16508000000000        159.926154321244     
   9.17581000000000        153.878981277349     
   9.18654000000000        153.781435164259     
   9.19726000000000        152.626821008441     
   9.20798000000000        146.628424234334     
   9.21870000000000        140.455187325657     
   9.22941000000000        135.847976904096     
   9.24012000000000        132.712099113099     
   9.25082000000000        129.988428194892     
   9.26153000000000        128.810818387579     
   9.27223000000000        129.087550149160     
   9.28293000000000        131.328281816025     
   9.29362000000000        135.228352468162     
   9.30431000000000        138.154959743414     
   9.31500000000000        135.572642501573     
   9.32568000000000        132.422954638738     
   9.33636000000000        136.359996828250     
   9.34704000000000        146.013261827112     
   9.35772000000000        155.813272512550     
   9.36839000000000        161.968755734490     
   9.37906000000000        163.551357169607     
   9.38972000000000        164.185964010965     
   9.40038000000000        166.251458743993     
   9.41104000000000        169.718141073374     
   9.42170000000000        171.295202094217     
   9.43235000000000        171.039856375667     
   9.44300000000000        171.865647803782     
   9.45365000000000        175.456755482342     
   9.46429000000000        177.904417035872     
   9.47493000000000        178.526950169776     
   9.48557000000000        180.913140288103     
   9.49620000000000        181.150645326738     
   9.50683000000000        179.956108568602     
   9.51746000000000        176.657302313533     
   9.52808000000000        176.228646507155     
   9.53871000000000        181.346150146614     
   9.54932000000000        188.331518662707     
   9.55994000000000        197.578704175852     
   9.57055000000000        202.762499757738     
   9.58116000000000        201.706366591654     
   9.59176000000000        199.193486078598     
   9.60237000000000        199.159427473214     
   9.61296000000000        200.218437783504     
   9.62356000000000        205.149777965758     
   9.63415000000000        211.491150577568     
   9.64474000000000        213.930878133285     
   9.65533000000000        212.951832621126     
   9.66591000000000        213.379375043997     
   9.67649000000000        216.704929444796     
   9.68707000000000        220.778686939647     
   9.69764000000000        224.722484955158     
   9.70821000000000        230.388530181122     
   9.71878000000000        243.465403257882     
   9.72934000000000        261.781309223054     
   9.73990000000000        275.416335296016     
   9.75046000000000        281.035806716470     
   9.76102000000000        282.702659638745     
   9.77157000000000        285.722574401624     
   9.78212000000000        288.713005298581     
   9.79266000000000        288.354780495856     
   9.80320000000000        286.595044730511     
   9.81374000000000        283.766184061499     
   9.82428000000000        281.835956589841     
   9.83481000000000        283.483901794319     
   9.84534000000000        286.020971075230     
   9.85586000000000        288.996596451224     
   9.86639000000000        290.658628606710     
   9.87691000000000        282.086724163297     
   9.88742000000000        272.056727498598     
   9.89794000000000        274.052264183202     
   9.90845000000000        280.532096421346     
   9.91895000000000        282.009270436770     
   9.92946000000000        280.238614459397     
   9.93996000000000        275.031710472038     
   9.95046000000000        267.715449842160     
   9.96095000000000        260.522434245668     
   9.97144000000000        253.899917704943     
   9.98193000000000        247.593435504473     
   9.99242000000000        245.464342123778     
   10.0029000000000        248.946536231471     
   10.0133800000000        253.321220515679     
   10.0238500000000        255.750193821452     
   10.0343200000000        253.503931190110     
   10.0447900000000        249.143458511884     
   10.0552600000000        246.845179328729     
   10.0657200000000        246.260582027019     
   10.0761800000000        246.345507435060     
   10.0866400000000        247.700689001777     
   10.0970900000000        250.835973403877     
   10.1075400000000        254.804898269417     
   10.1179900000000        257.059241624171     
   10.1284300000000        257.795097382864     
   10.1388700000000        262.786436734234     
   10.1493100000000        270.736777940856     
   10.1597400000000        271.114449943977     
   10.1701700000000        267.772445650806     
   10.1806000000000        269.167911870260     
   10.1910300000000        271.045729415411     
   10.2014500000000        271.150181697201     
   10.2118700000000        275.762441402675     
   10.2222800000000        284.195198816331     
   10.2326900000000        289.501560762144     
   10.2431000000000        290.181356516435     
   10.2535100000000        288.083441653915     
   10.2639100000000        285.189328413465     
   10.2743100000000        283.117064737721     
   10.2847100000000        286.408943686025     
   10.2951000000000        295.390188552147     
   10.3054900000000        301.641002605395     
   10.3158800000000        302.572017007205     
   10.3262600000000        303.254865986015     
   10.3366400000000        301.522697299633     
   10.3470200000000        297.369666893942     
   10.3573900000000        296.844351973975     
   10.3677600000000        300.354097571214     
   10.3781300000000        302.012348149746     
   10.3884900000000        299.100734425636     
   10.3988600000000        293.971689225223     
   10.4092100000000        288.605712644713     
   10.4195700000000        285.439651753593     
   10.4299200000000        284.571886624832     
   10.4402700000000        284.441129255491     
   10.4506100000000        283.605803875824     
   10.4609600000000        281.261087451143     
   10.4713000000000        278.112655627201     
   10.4816300000000        276.191376208720     
   10.4919600000000        277.647114774985     
   10.5022900000000        281.669183490539     
   10.5126200000000        285.443585103649     
   10.5229400000000        287.872634330867     
   10.5332600000000        286.734772632868     
   10.5435800000000        283.209248484101     
   10.5539000000000        279.279263077190     
   10.5642100000000        274.893018721554     
   10.5745100000000        271.193315447366     
   10.5848200000000        269.267659726277     
   10.5951200000000        267.832951784395     
   10.6054200000000        267.584175279296     
   10.6157100000000        268.594996294851     
   10.6260000000000        270.264775521323     
   10.6362900000000        275.627149465849     
   10.6465800000000        282.117157473844     
   10.6568600000000        286.288117318622     
   10.6671400000000        289.165082478936     
   10.6774100000000        292.087064844292     
   10.6876900000000        296.150909019152     
   10.6979600000000        301.834758977737     
   10.7082200000000        309.309666081705     
   10.7184900000000        319.862157400623     
   10.7287500000000        331.486698107710     
   10.7390000000000        341.171892964654     
   10.7492600000000        349.054577364223     
   10.7595100000000        355.844624394594     
   10.7697500000000        363.381605694294     
   10.7800000000000        373.887876859126     
   10.7902400000000        383.224750881193     
   10.8004800000000        389.131587738926     
   10.8107100000000        394.021712353970     
   10.8209400000000        398.182481002986     
   10.8311700000000        401.400654212336     
   10.8414000000000        407.364867331666     
   10.8516200000000        419.038093402127     
   10.8618400000000        434.381114960978     
   10.8720500000000        446.962510817142     
   10.8822700000000        455.785738296417     
   10.8924800000000        463.135099866729     
   10.9026800000000        471.349119382703     
   10.9128800000000        482.664191224368     
   10.9230800000000        497.359914894073     
   10.9332800000000        512.597107275074     
   10.9434700000000        525.270232819040     
   10.9536600000000        534.786519679698     
   10.9638500000000        539.628626383056     
   10.9740400000000        535.317039364870     
   10.9842200000000        525.736487834471     
   10.9943900000000        518.776301261881     
   11.0045700000000        516.652944861353     
   11.0147400000000        519.315312333994     
   11.0249100000000        525.940146422704     
   11.0350700000000        532.864911876519     
   11.0452300000000        537.389993003693     
   11.0553900000000        540.842737757036     
   11.0655500000000        545.209538326019     
   11.0757000000000        551.836964376804     
   11.0858500000000        560.602374288362     
   11.0960000000000        569.561592733185     
   11.1061400000000        575.173607334467     
   11.1162800000000        575.523755117437     
   11.1264200000000        573.483818872141     
   11.1365500000000        574.561417328166     
   11.1466800000000        578.765444061119     
   11.1568100000000        581.975147416658     
   11.1669300000000        584.699556676115     
   11.1770500000000        588.593634021756     
   11.1871700000000        591.112701236222     
   11.1972800000000        591.578877361227     
   11.2073900000000        591.824282866172     
   11.2175000000000        590.222325981791     
   11.2276100000000        589.396113575863     
   11.2377100000000        594.905746788345     
   11.2478100000000        608.353265219397     
   11.2579000000000        625.041813375725     
   11.2679900000000        637.183972839535     
   11.2780800000000        642.641324244754     
   11.2881700000000        645.178610018595     
   11.2982500000000        647.581734520544     
   11.3083300000000        652.751513008398     
   11.3184100000000        661.800164310475     
   11.3284800000000        670.998162035681     
   11.3385500000000        677.886435268196     
   11.3486200000000        683.726248736782     
   11.3586800000000        690.434259672636     
   11.3687400000000        699.066917410464     
   11.3788000000000        707.621929471870     
   11.3888500000000        714.526006641477     
   11.3989000000000        720.314177190370     
   11.4089500000000        724.586194803714     
   11.4189900000000        726.991141187343     
   11.4290400000000        729.369731754801     
   11.4390700000000        733.070067377275     
   11.4491100000000        737.276583532456     
   11.4591400000000        743.210185458533     
   11.4691700000000        752.440383337483     
   11.4792000000000        762.984671890234     
   11.4892200000000        771.430251443365     
   11.4992400000000        777.374850275870     
   11.5092500000000        781.419476084042     
   11.5192700000000        783.694890456572     
   11.5292800000000        785.605010880423     
   11.5392800000000        788.784815411223     
   11.5492900000000        793.160491896211     
   11.5592900000000        797.212404297476     
   11.5692800000000        799.702894235022     
   11.5792800000000        802.574777007635     
   11.5892700000000        807.344899334451     
   11.5992600000000        811.423277095676     
   11.6092400000000        813.471784487030     
   11.6192200000000        814.648451696364     
   11.6292000000000        816.047545675597     
   11.6391700000000        818.115248490547     
   11.6491500000000        820.298472277429     
   11.6591200000000        823.581007109439     
   11.6690800000000        828.972020244158     
   11.6790400000000        834.801280026546     
   11.6890000000000        838.687148493702     
   11.6989600000000        840.168464009730     
   11.7089100000000        841.443275477400     
   11.7188600000000        843.599206977819     
   11.7288100000000        844.640758122374     
   11.7387500000000        843.402672552858     
   11.7486900000000        840.157653793456     
   11.7586300000000        833.890951834041     
   11.7685600000000        824.458028832607     
   11.7784900000000        812.935564442421     
   11.7884200000000        798.878681155584     
   11.7983400000000        785.901033121199     
   11.8082600000000        779.833547288681     
   11.8181800000000        780.434932166866     
   11.8281000000000        782.760180739251     
   11.8380100000000        781.555681093644     
   11.8479200000000        774.890627266060     
   11.8578200000000        765.083627779313     
   11.8677200000000        755.266439318066     
   11.8776200000000        746.693622957478     
   11.8875200000000        739.284499052759     
   11.8974100000000        733.356589584086     
   11.9073000000000        728.692901432048     
   11.9171900000000        724.194542607913     
   11.9270700000000        719.154678278213     
   11.9369500000000        714.526448568467     
   11.9468300000000        710.907142671640     
   11.9567000000000        705.845606453256     
   11.9665700000000        696.861595133784     
   11.9764400000000        683.859391292251     
   11.9863000000000        669.034985732906     
   11.9961600000000        656.689121449412     
   12.0060200000000        650.161619407546     
   12.0158700000000        649.202721885768     
   12.0257300000000        651.989560361906     
   12.0355700000000        658.062212767970     
   12.0454200000000        667.322139810585     
   12.0552600000000        678.683760018812     
   12.0651000000000        691.500695521678     
   12.0749400000000        705.223658341461     
   12.0847700000000        717.444210964995     
   12.0946000000000        726.486348755990     
   12.1044200000000        732.345526374261     
   12.1142500000000        735.089550166649     
   12.1240700000000        736.794513085064     
   12.1338800000000        740.342857344650     
   12.1437000000000        747.058389978856     
   12.1535100000000        757.216371314121     
   12.1633100000000        769.109516546698     
   12.1731200000000        780.609542904174     
   12.1829200000000        791.465677376914     
   12.1927200000000        801.816206542252     
   12.2025100000000        812.253532921960     
   12.2123000000000        822.356581578168     
   12.2220900000000        830.023185508236     
   12.2318700000000        835.625749312635     
   12.2416600000000        841.490376255502     
   12.2514300000000        847.301674190704     
   12.2612100000000        851.683797241787     
   12.2709800000000        855.659564334966     
   12.2807500000000        860.781275181042     
   12.2905200000000        866.250324354906     
   12.3002800000000        871.905149300219     
   12.3100400000000        878.852532609721     
   12.3198000000000        885.360004707423     
   12.3295500000000        887.027381448844     
   12.3393000000000        883.225031601075     
   12.3490500000000        878.360935791541     
   12.3587900000000        875.869630795745     
   12.3685300000000        875.619546364747     
   12.3782700000000        875.731055992010     
   12.3880000000000        875.734392951486     
   12.3977300000000        876.948080651375     
   12.4074600000000        879.755949147586     
   12.4171800000000        882.754366142211     
   12.4269100000000        884.365806876397     
   12.4366200000000        884.031163930662     
   12.4463400000000        881.302828778988     
   12.4560500000000        874.447594017458     
   12.4657600000000        861.677304331757     
   12.4754700000000        843.849258138028     
   12.4851700000000        825.388930140705     
   12.4948700000000        810.691416380008     
   12.5045600000000        801.797513051579     
   12.5142600000000        798.474886318425     
   12.5239500000000        798.887604440725     
   12.5336300000000        800.268072838060     
   12.5433200000000        800.153664770773     
   12.5530000000000        797.960615685438     
   12.5626800000000        794.714730661480     
   12.5723500000000        791.441061857795     
   12.5820200000000        789.007792509181     
   12.5916900000000        788.517144995071     
   12.6013500000000        790.168769061688     
   12.6110100000000        793.493982982507     
   12.6206700000000        798.393184779166     
   12.6303300000000        804.073816837502     
   12.6399800000000        809.411590083067     
   12.6496300000000        813.288501706913     
   12.6592700000000        813.523645327810     
   12.6689200000000        808.540429517268     
   12.6785500000000        800.609103329198     
   12.6881900000000        794.711575149644     
   12.6978200000000        794.948291125013     
   12.7074500000000        802.938753440358     
   12.7170800000000        817.518327975029     
   12.7267000000000        835.697303275378     
   12.7363200000000        854.149664005871     
   12.7459400000000        869.609815260028     
   12.7555500000000        879.331828648419     
   12.7651600000000        882.294662132313     
   12.7747700000000        879.651831027534     
   12.7843800000000        874.430310653332     
   12.7939800000000        870.762113995459     
   12.8035800000000        871.490476928711     
   12.8131700000000        876.552985171012     
   12.8227600000000        883.773076619889     
   12.8323500000000        891.134990584401     
   12.8419400000000        898.295886437974     
   12.8515200000000        905.363293046304     
   12.8611000000000        911.882783441079     
   12.8706700000000        917.725554873169     
   12.8802500000000        923.558351502758     
   12.8898100000000        930.014004084932     
   12.8993800000000        937.536710171954     
   12.9089400000000        947.118459584652     
   12.9185000000000        959.558692094968     
   12.9280600000000        974.034860263663     
   12.9376100000000        987.979871774075     
   12.9471700000000        998.550578472271     
   12.9567100000000        1004.85597752280     
   12.9662600000000        1008.43353132882     
   12.9758000000000        1011.05231912663     
   12.9853400000000        1013.52237634139     
   12.9948700000000        1016.22287780799     
   13.0044000000000        1018.77105495175     
   13.0139300000000        1020.06576107354     
   13.0234600000000        1019.87444946081     
   13.0329800000000        1019.18026050681     
   13.0425000000000        1018.50984281051     
   13.0520100000000        1017.66928243054     
   13.0615200000000        1016.95942071916     
   13.0710300000000        1017.65674015891     
   13.0805400000000        1021.18096278461     
   13.0900400000000        1028.12285561283     
   13.0995400000000        1038.48776759144     
   13.1090400000000        1052.19824731107     
   13.1185300000000        1068.49583709051     
   13.1280200000000        1085.26957146517     
   13.1375100000000        1099.83503975184     
   13.1469900000000        1110.25834784957     
   13.1564700000000        1115.98808802520     
   13.1659500000000        1118.05081737185     
   13.1754300000000        1118.62996646059     
   13.1849000000000        1119.80776120242     
   13.1943700000000        1122.65233390984     
   13.2038300000000        1127.63633013787     
   13.2132900000000        1134.68600253900     
   13.2227500000000        1141.98515923290     
   13.2322100000000        1146.41645882022     
   13.2416600000000        1145.61078778949     
   13.2511100000000        1139.55549545361     
   13.2605500000000        1130.67623790035     
   13.2700000000000        1122.20961689097     
   13.2794400000000        1116.70686467480     
   13.2888700000000        1115.05003287399     
   13.2983100000000        1116.11241709168     
   13.3077400000000        1117.32821738642     
   13.3171600000000        1117.05696575029     
   13.3265900000000        1116.04659883315     
   13.3360100000000        1115.64179593192     
   13.3454300000000        1115.59563851639     
   13.3548400000000        1114.09281405313     
   13.3642500000000        1109.60335878935     
   13.3736600000000        1102.33975031015     
   13.3830600000000        1093.56872560655     
   13.3924700000000        1084.84474205436     
   13.4018600000000        1078.25027693158     
   13.4112600000000        1074.87199944740     
   13.4206500000000        1073.51490279086     
   13.4300400000000        1072.60871897606     
   13.4394300000000        1072.26000027202     
   13.4488100000000        1073.15247563029     
   13.4581900000000        1074.99146764889     
   13.4675600000000        1076.61174741361     
   13.4769400000000        1077.02971242224     
   13.4863100000000        1076.79400445073     
   13.4956700000000        1078.21084092964     
   13.5050400000000        1083.31316245718     
   13.5144000000000        1091.46613979370     
   13.5237600000000        1099.14128272748     
   13.5331100000000        1102.04173126400     
   13.5424600000000        1098.28536215194     
   13.5518100000000        1089.50098534371     
   13.5611500000000        1079.29123151735     
   13.5704900000000        1071.11171745849     
   13.5798300000000        1066.91715761853     
   13.5891700000000        1066.84438589866     
   13.5985000000000        1069.79171009488     
   13.6078300000000        1074.52228144915     
   13.6171500000000        1080.53663082817     
   13.6264800000000        1087.79236288469     
   13.6358000000000        1095.75048420881     
   13.6451100000000        1103.24412610509     
   13.6544200000000        1109.11249791427     
   13.6637300000000        1112.93655719668     
   13.6730400000000        1115.38188496423     
   13.6823400000000        1117.68241361568     
   13.6916400000000        1120.83404720080     
   13.7009400000000        1125.12363023149     
   13.7102400000000        1129.80596092498     
   13.7195300000000        1133.63721041870     
   13.7288100000000        1136.14621847806     
   13.7381000000000        1137.78566530871     
   13.7473800000000        1138.64783399206     
   13.7566600000000        1137.65674185487     
   13.7659300000000        1133.62559575080     
   13.7752000000000        1127.04112376132     
   13.7844700000000        1120.26047593840     
   13.7937400000000        1115.90969579711     
   13.8030000000000        1115.47457088393     
   13.8122600000000        1119.22837597166     
   13.8215200000000        1126.67589326669     
   13.8307700000000        1136.86895540947     
   13.8400200000000        1148.81655969917     
   13.8492600000000        1161.56854538407     
   13.8585100000000        1173.90018621620     
   13.8677500000000        1184.04472686458     
   13.8769800000000        1190.41447270743     
   13.8862200000000        1192.44342584859     
   13.8954500000000        1190.94067572546     
   13.9046800000000        1187.65781495273     
   13.9139000000000        1184.34407715376     
   13.9231200000000        1181.90730259278     
   13.9323400000000        1180.17678337236     
   13.9415500000000        1178.66578484695     
   13.9507700000000        1177.81316659673     
   13.9599700000000        1178.98916374341     
   13.9691800000000        1182.86091806951     
   13.9783800000000        1188.26167065431     
   13.9875800000000        1192.97479079277     
   13.9967800000000        1195.29835652603     
   14.0059700000000        1195.20813641526     
   14.0151600000000        1194.35658671694     
   14.0243400000000        1194.54349128015     
   14.0335300000000        1196.29494290365     
   14.0427100000000        1199.01102241474     
   14.0518800000000        1201.61861867912     
   14.0610600000000        1202.62234471644     
   14.0702300000000        1200.13485408424     
   14.0794000000000        1192.79895067940     
   14.0885600000000        1180.89976895067     
   14.0977200000000        1166.27291150596     
   14.1068800000000        1151.43897334574     
   14.1160300000000        1138.60730481920     
   14.1251800000000        1128.59721531380     
   14.1343300000000        1120.59530774309     
   14.1434800000000        1113.14972931945     
   14.1526200000000        1105.53732605074     
   14.1617600000000        1097.94062892570     
   14.1708900000000        1090.62883975769     
   14.1800300000000        1083.60364687057     
   14.1891500000000        1077.20710055752     
   14.1982800000000        1072.08968740213     
   14.2074000000000        1068.51378772206     
   14.2165200000000        1065.84914893671     
   14.2256400000000        1063.13338565846     
   14.2347500000000        1060.01186166961     
   14.2438600000000        1057.15605474467     
   14.2529700000000        1056.02044370196     
   14.2620700000000        1058.19207336487     
   14.2711800000000        1064.77566589618     
   14.2802700000000        1076.07411904704     
   14.2893700000000        1091.62037177172     
   14.2984600000000        1109.91185663234     
   14.3075500000000        1128.64737922653     
   14.3166300000000        1145.61407802373     
   14.3257100000000        1159.93355224974     
   14.3347900000000        1171.79727944002     
   14.3438700000000        1181.11392606194     
   14.3529400000000        1187.00660453766     
   14.3620100000000        1188.69456103872     
   14.3710700000000        1186.10232974832     
   14.3801400000000        1179.58199247149     
   14.3892000000000        1169.64848750222     
   14.3982500000000        1156.99159308869     
   14.4073100000000        1142.40806577943     
   14.4163600000000        1126.90438686826     
   14.4254000000000        1111.78399619734     
   14.4344500000000        1098.50508827463     
   14.4434900000000        1088.27040789086     
   14.4525200000000        1081.48910339986     
   14.4615600000000        1077.64195977803     
   14.4705900000000        1075.65250019047     
   14.4796200000000        1074.59697134124     
   14.4886400000000        1073.97993201024     
   14.4976600000000        1073.35735527031     
   14.5066800000000        1072.16053456972     
   14.5157000000000        1069.82035098456     
   14.5247100000000        1065.90527150262     
   14.5337200000000        1060.36364283709     
   14.5427200000000        1053.84789605544     
   14.5517300000000        1047.65224094065     
   14.5607300000000        1043.42277638839     
   14.5697200000000        1042.53255360817     
   14.5787100000000        1045.31155504915     
   14.5877000000000        1050.64197288661     
   14.5966900000000        1056.41906237033     
   14.6056700000000        1060.73557508642     
   14.6146600000000        1063.10382871583     
   14.6236300000000        1064.55648647316     
   14.6326100000000        1066.44631279187     
   14.6415800000000        1069.11515005150     
   14.6505400000000        1071.92334149518     
   14.6595100000000        1074.22391475155     
   14.6684700000000        1075.70529627461     
   14.6774300000000        1075.97269168739     
   14.6863800000000        1074.62214521461     
   14.6953400000000        1071.97788843535     
   14.7042800000000        1069.15692749488     
   14.7132300000000        1067.19362914101     
   14.7221700000000        1066.47372226866     
   14.7311100000000        1066.78790933207     
   14.7400500000000        1067.62586090664     
   14.7489800000000        1068.18659627739     
   14.7579100000000        1067.13503073029     
   14.7668400000000        1062.82470385706     
   14.7757600000000        1054.25919149213     
   14.7846800000000        1041.71934597594     
   14.7936000000000        1026.54852924473     
   14.8025100000000        1010.55395173269     
   14.8114200000000        995.456044369233     
   14.8203300000000        982.717446836706     
   14.8292300000000        973.406792433308     
   14.8381300000000        967.932328198839     
   14.8470300000000        965.974090649015     
   14.8559300000000        966.734189831352     
   14.8648200000000        969.333770096014     
   14.8737100000000        972.982152815633     
   14.8825900000000        976.846961980044     
   14.8914700000000        980.022309342455     
   14.9003500000000        981.749743909469     
   14.9092300000000        981.626241786828     
   14.9181000000000        979.512392689328     
   14.9269700000000        975.324565565733     
   14.9358400000000        969.020816662738     
   14.9447000000000        960.743254311738     
   14.9535600000000        950.844432233577     
   14.9624200000000        939.859468708669     
   14.9712700000000        928.456665336412     
   14.9801200000000        917.362908171386     
   14.9889700000000        907.377394307186     
   14.9978100000000        899.277120964586     
   15.0066500000000        893.600680108915     
   15.0154900000000        890.499235993712     
   15.0243300000000        889.586728319569     
   15.0331600000000        889.903772724430     
   15.0419900000000        890.181937830295     
   15.0508100000000        889.371726298607     
   15.0596300000000        887.023323182945     
   15.0684500000000        883.243351295798     
   15.0772700000000        878.344143203853     
   15.0860800000000        872.515715666539     
   15.0948900000000        865.802335067220     
   15.1037000000000        858.463693676108     
   15.1125000000000        851.228322049700     
   15.1213000000000        844.974845144116     
   15.1301000000000        840.188069707758     
   15.1388900000000        836.798391942583     
   15.1476800000000        834.535703477968     
   15.1564700000000        833.282002855826     
   15.1652500000000        833.043216893221     
   15.1740300000000        833.794574026953     
   15.1828100000000        835.441391607757     
   15.1915800000000        837.826808976712     
   15.2003500000000        840.689851583023     
   15.2091200000000        843.538750302440     
   15.2178900000000        845.598870485128     
   15.2266500000000        845.976996197116     
   15.2354100000000        843.985108473586     
   15.2441600000000        839.331887579606     
   15.2529200000000        831.982821190392     
   15.2616700000000        822.006704050692     
   15.2704100000000        809.618227591998     
   15.2791500000000        795.490427058018     
   15.2878900000000        780.931702423220     
   15.2966300000000        767.511201695256     
   15.3053600000000        756.405519214739     
   15.3140900000000        747.952902096774     
   15.3228200000000        741.805701316209     
   15.3315400000000        737.371808231181     
   15.3402600000000        734.299211536545     
   15.3489800000000        732.686774188744     
   15.3577000000000        732.799132111762     
   15.3664100000000        734.564504802077     
   15.3751200000000        737.315983274080     
   15.3838200000000        740.009428442380     
   15.3925200000000        741.698398528847     
   15.4012200000000        741.775032495386     
   15.4099200000000        739.963062792433     
   15.4186100000000        736.302994015986     
   15.4273000000000        731.161789947538     
   15.4359800000000        725.195768724805     
   15.4446700000000        719.186039959934     
   15.4533400000000        713.934942489779     
   15.4620200000000        710.016841729186     
   15.4706900000000        707.657645245094     
   15.4793600000000        706.590463728462     
   15.4880300000000        706.149721933264     
   15.4966900000000        705.523441381007     
   15.5053500000000        704.102457700198     
   15.5140100000000        701.742132655683     
   15.5226700000000        698.790276078993     
   15.5313200000000        695.885572829243     
   15.5399600000000        693.604370868550     
   15.5486100000000        692.153304464719     
   15.5572500000000        691.291811944960     
   15.5658900000000        690.449535349475     
   15.5745200000000        688.947893561169     
   15.5831600000000        686.193349158341     
   15.5917900000000        681.869591261396     
   15.6004100000000        676.047250220811     
   15.6090300000000        669.168575446697     
   15.6176500000000        661.890758194468     
   15.6262700000000        654.838258686427     
   15.6348800000000        648.439146011527     
   15.6434900000000        642.867755369134     
   15.6521000000000        638.137559316631     
   15.6607000000000        634.194356133635     
   15.6693000000000        630.970521172423     
   15.6779000000000        628.436007933050     
   15.6864900000000        626.606284878703     
   15.6950800000000        625.468418434977     
   15.7036700000000        624.826843222311     
   15.7122600000000        624.213457815926     
   15.7208400000000        623.062473726686     
   15.7294100000000        621.054528859498     
   15.7379900000000        618.347131445315     
   15.7465600000000        615.551195152000     
   15.7551300000000        613.417606683192     
   15.7637000000000        612.482928667526     
   15.7722600000000        612.837039514584     
   15.7808200000000        614.128962178024     
   15.7893700000000        615.713607285910     
   15.7979300000000        616.798920710471     
   15.8064700000000        616.555153628291     
   15.8150200000000        614.309255100256     
   15.8235600000000        609.816654558873     
   15.8321000000000        603.456357901523     
   15.8406400000000        596.174204898299     
   15.8491800000000        589.113404346660     
   15.8577100000000        583.192297539220     
   15.8662300000000        578.879412746844     
   15.8747600000000        576.248299133884     
   15.8832800000000        575.142647933401     
   15.8918000000000        575.288759465337     
   15.9003100000000        576.434167056280     
   15.9088200000000        578.426667751844     
   15.9173300000000        581.196278717936     
   15.9258400000000        584.673790740181     
   15.9343400000000        588.704538105090     
   15.9428400000000        592.995371345883     
   15.9513300000000        597.050088728902     
   15.9598300000000        600.214346428547     
   15.9683100000000        601.780551512407     
   15.9768000000000        601.239231642312     
   15.9852800000000        598.444520949489     
   15.9937600000000        593.668477099065     
   16.0022400000000        587.479213020773     
   16.0107100000000        580.547676668391     
   16.0191800000000        573.472771866476     
   16.0276500000000        566.742734966254     
   16.0361200000000        560.672984060296     
   16.0445800000000        555.322002957549     
   16.0530300000000        550.436636513425     
   16.0614900000000        545.561159580905     
   16.0699400000000        540.317278198650     
   16.0783900000000        534.607760575118     
   16.0868300000000        528.734248575994     
   16.0952800000000        523.239084038176     
   16.1037100000000        518.691945270099     
   16.1121500000000        515.369435611254     
   16.1205800000000        513.211325591473     
   16.1290100000000        511.858175496762     
   16.1374400000000        510.843297635433     
   16.1458600000000        509.737422468932     
   16.1542800000000        508.192419946919     
   16.1627000000000        505.918255254375     
   16.1711100000000        502.656621691658     
   16.1795200000000        498.170549589353     
   16.1879300000000        492.294643228169     
   16.1963300000000        485.032028219084     
   16.2047300000000        476.631561658327     
   16.2131300000000        467.648064912738     
   16.2215200000000        458.858971791032     
   16.2299100000000        451.037688713759     
   16.2383000000000        444.783245838853     
   16.2466900000000        440.374546801013     
   16.2550700000000        437.720184100658     
   16.2634500000000        436.376084100962     
   16.2718200000000        435.687257795588     
   16.2802000000000        434.997159836679     
   16.2885600000000        433.873589125328     
   16.2969300000000        432.198235265544     
   16.3052900000000        430.128418018406     
   16.3136500000000        427.939240467648     
   16.3220100000000        425.895919137262     
   16.3303600000000        424.201328573699     
   16.3387100000000        423.011565844049     
   16.3470600000000        422.478769150681     
   16.3554000000000        422.752626320977     
   16.3637400000000        423.943632887878     
   16.3720800000000        426.047046935893     
   16.3804200000000        428.858127685686     
   16.3887500000000        431.953338014629     
   16.3970700000000        434.788245954971     
   16.4054000000000        436.823743428054     
   16.4137200000000        437.576107043354     
   16.4220400000000        436.659605788387     
   16.4303500000000        433.841949516543     
   16.4386700000000        429.142243539804     
   16.4469700000000        422.928648714122     
   16.4552800000000        415.779214625276     
   16.4635800000000        408.371203168448     
   16.4718800000000        401.211307610843     
   16.4801800000000        394.540303550736     
   16.4884700000000        388.344478466783     
   16.4967600000000        382.473226646327     
   16.5050500000000        376.833547099434     
   16.5133300000000        371.479363479260     
   16.5216100000000        366.558569060413     
   16.5298900000000        362.215632022822     
   16.5381600000000        358.471796345488     
   16.5464300000000        355.170245247626     
   16.5547000000000        352.044550665745     
   16.5629700000000        348.813824106458     
   16.5712300000000        345.265333649991     
   16.5794900000000        341.261250139806     
   16.5877400000000        336.734984994024     
   16.5959900000000        331.651818661178     
   16.6042400000000        326.023405513928     
   16.6124900000000        319.909481594188     
   16.6207300000000        313.427529201456     
   16.6289700000000        306.728003692343     
   16.6372000000000        300.013606149347     
   16.6454400000000        293.466876453071     
   16.6536700000000        287.271903948622     
   16.6618900000000        281.559012600678     
   16.6701200000000        276.429265413889     
   16.6783400000000        272.003317664235     
   16.6865500000000        268.360895756047     
   16.6947700000000        265.515628677127     
   16.7029800000000        263.413475626630     
   16.7111900000000        261.904622385547     
   16.7193900000000        260.772566056059     
   16.7275900000000        259.742804997737     
   16.7357900000000        258.510636298142     
   16.7439800000000        256.786330585054     
   16.7521800000000        254.355512515582     
   16.7603600000000        251.169412693678     
   16.7685500000000        247.338859987704     
   16.7767300000000        243.140680587630     
   16.7849100000000        238.903579227972     
   16.7930900000000        234.942781407140     
   16.8012600000000        231.508610113764     
   16.8094300000000        228.756520102243     
   16.8175900000000        226.763286884361     
   16.8257600000000        225.518741741239     
   16.8339200000000        224.956981293599     
   16.8420700000000        224.974882217385     
   16.8502300000000        225.479918737767     
   16.8583800000000        226.416463388203     
   16.8665300000000        227.772330904299     
   16.8746700000000        229.552531725386     
   16.8828100000000        231.754100272263     
   16.8909500000000        234.334758223948     
   16.8990800000000        237.196042982816     
   16.9072100000000        240.190166529056     
   16.9153400000000        243.113325423140     
   16.9234700000000        245.716051358486     
   16.9315900000000        247.716582719218     
   16.9397100000000        248.838336908417     
   16.9478200000000        248.839899764666     
   16.9559400000000        247.557268568991     
   16.9640500000000        244.943467326740     
   16.9721500000000        241.090977303699     
   16.9802600000000        236.213598390615     
   16.9883600000000        230.645696748493     
   16.9964500000000        224.754321711323     
   17.0045500000000        218.877151960208     
   17.0126400000000        213.320297584863     
   17.0207200000000        208.276553918512     
   17.0288100000000        203.816406860600     
   17.0368900000000        199.942911236235     
   17.0449700000000        196.597102695539     
   17.0530400000000        193.727578534964     
   17.0611100000000        191.289711085479     
   17.0691800000000        189.240049295727     
