   7.15970000000000        2.34041580028133     
   7.17100000000000        2.32805237634197     
   7.18231000000000        2.68022831625440     
   7.19360000000000        2.93920114701626     
   7.20490000000000        2.97127295034337     
   7.21619000000000        2.92621571029604     
   7.22748000000000        2.69755699873538     
   7.23877000000000        2.70561797931916     
   7.25005000000000        2.83794678744388     
   7.26133000000000        2.87240359126010     
   7.27261000000000        2.93550552935055     
   7.28388000000000        2.78264722009980     
   7.29515000000000        3.04364615874240     
   7.30642000000000        3.51587660190918     
   7.31768000000000        3.98344388437903     
   7.32894000000000        4.42861372025358     
   7.34020000000000        4.44240834901019     
   7.35146000000000        4.28967900968889     
   7.36271000000000        4.13022865998669     
   7.37396000000000        3.83367097035536     
   7.38520000000000        3.57789011885242     
   7.39644000000000        3.08448332651986     
   7.40768000000000        2.91304546970061     
   7.41892000000000        3.20167668026807     
   7.43015000000000        3.80485047266224     
   7.44138000000000        4.27583479617901     
   7.45261000000000        4.61243483358398     
   7.46383000000000        4.28499066971733     
   7.47505000000000        3.87268042840681     
   7.48626000000000        3.76742096879989     
   7.49748000000000        4.13370390902917     
   7.50869000000000        4.40319022454631     
   7.51990000000000        4.84058500641949     
   7.53110000000000        5.34939490098894     
   7.54230000000000        5.53912402993675     
   7.55350000000000        5.63881926374071     
   7.56469000000000        6.29418060716851     
   7.57588000000000        6.94772598878555     
   7.58707000000000        7.43834247226044     
   7.59826000000000        7.59214867493231     
   7.60944000000000        7.73496000773580     
   7.62062000000000        7.84302378689458     
   7.63179000000000        7.82048974120246     
   7.64296000000000        7.71623112329203     
   7.65413000000000        7.63462331183430     
   7.66530000000000        6.55702600512320     
   7.67646000000000        5.56992075532604     
   7.68762000000000        5.20094781574077     
   7.69878000000000        5.35119068908799     
   7.70993000000000        5.94504605016597     
   7.72108000000000        6.75291170112482     
   7.73223000000000        7.50816587651458     
   7.74337000000000        7.46045517578221     
   7.75451000000000        7.79538744440033     
   7.76565000000000        8.52218673180007     
   7.77678000000000        8.98306574371701     
   7.78791000000000        8.87369713263410     
   7.79904000000000        8.73985718180024     
   7.81017000000000        8.85411407431152     
   7.82129000000000        9.15146879225875     
   7.83241000000000        9.68068220407492     
   7.84352000000000        10.0493733361022     
   7.85463000000000        10.1043587483294     
   7.86574000000000        9.31189135507760     
   7.87685000000000        8.31848834127698     
   7.88795000000000        7.80128732779008     
   7.89905000000000        7.96707011181366     
   7.91015000000000        8.39759014870290     
   7.92124000000000        8.59354527047910     
   7.93233000000000        8.90045235968890     
   7.94342000000000        9.15140726214246     
   7.95450000000000        9.24019689976027     
   7.96558000000000        9.64209466087075     
   7.97666000000000        10.2960296514201     
   7.98773000000000        10.4719153681946     
   7.99880000000000        9.89289255058110     
   8.00987000000000        9.17393286865849     
   8.02093000000000        8.99292730702536     
   8.03200000000000        9.11325591180662     
   8.04305000000000        9.59858515501540     
   8.05411000000000        10.0450929891808     
   8.06516000000000        10.4646640706466     
   8.07621000000000        10.9268047181888     
   8.08726000000000        10.9501990768131     
   8.09830000000000        10.8338472834483     
   8.10934000000000        11.0316611802831     
   8.12037000000000        11.6687569483773     
   8.13141000000000        12.2413893786365     
   8.14244000000000        12.5055991081419     
   8.15346000000000        12.6699286640683     
   8.16449000000000        12.5558250778117     
   8.17551000000000        12.3879590943360     
   8.18652000000000        12.3282050479473     
   8.19754000000000        12.1228256165669     
   8.20855000000000        11.4508367495330     
   8.21955000000000        10.0836754175271     
   8.23056000000000        8.58667974788979     
   8.24156000000000        7.78753744496389     
   8.25256000000000        7.67780156233137     
   8.26355000000000        8.03830393959985     
   8.27454000000000        8.46923032236544     
   8.28553000000000        8.71161231994116     
   8.29652000000000        8.79409030177070     
   8.30750000000000        9.08995589416500     
   8.31848000000000        9.56463857913717     
   8.32946000000000        10.2220522421921     
   8.34043000000000        10.8280622392714     
   8.35140000000000        11.3636053004144     
   8.36236000000000        11.5092882048431     
   8.37333000000000        11.0585946765804     
   8.38429000000000        10.7051764043451     
   8.39524000000000        11.0687825745969     
   8.40620000000000        11.7641979752502     
   8.41715000000000        12.5131577474594     
   8.42810000000000        13.3553565327621     
   8.43904000000000        13.8205846472572     
   8.44998000000000        13.6516207914559     
   8.46092000000000        12.8145265449204     
   8.47185000000000        12.2789325375706     
   8.48278000000000        12.5701308772457     
   8.49371000000000        13.5877644507363     
   8.50464000000000        14.3147436649658     
   8.51556000000000        14.4579408194791     
   8.52648000000000        14.3220065456448     
   8.53739000000000        13.5398523308121     
   8.54831000000000        13.3124026977768     
   8.55922000000000        13.5571086510706     
   8.57012000000000        13.9383867117818     
   8.58103000000000        14.3521005475247     
   8.59193000000000        14.8636810575812     
   8.60282000000000        15.0676326580157     
   8.61372000000000        14.3709757007438     
   8.62461000000000        13.2369219346292     
   8.63549000000000        12.5275625790832     
   8.64638000000000        12.6684842566201     
   8.65726000000000        13.2312751276490     
   8.66814000000000        14.4799601732203     
   8.67901000000000        16.0456960583516     
   8.68988000000000        16.8114875204063     
   8.70075000000000        16.8163097850523     
   8.71161000000000        17.0941697108239     
   8.72248000000000        17.6632178157380     
   8.73333000000000        18.1211604622440     
   8.74419000000000        18.3358976738376     
   8.75504000000000        18.0102472808186     
   8.76589000000000        17.3912827634014     
   8.77674000000000        16.5850408051728     
   8.78758000000000        16.0643221118175     
   8.79842000000000        15.5549397782623     
   8.80926000000000        15.2394515351080     
   8.82009000000000        15.3617024284059     
   8.83092000000000        15.9121648660087     
   8.84175000000000        16.7976888420540     
   8.85257000000000        17.5894476939956     
   8.86339000000000        17.1261622505868     
   8.87421000000000        16.2499260464583     
   8.88502000000000        16.0056087271910     
   8.89583000000000        15.8895209284940     
   8.90664000000000        15.5121330942865     
   8.91745000000000        14.8992732961867     
   8.92825000000000        15.0981083266155     
   8.93905000000000        16.0907117502925     
   8.94984000000000        16.9059512440813     
   8.96063000000000        17.2857463246885     
   8.97142000000000        17.7533617138197     
   8.98221000000000        18.6360041493709     
   8.99299000000000        19.5769834265882     
   9.00377000000000        20.1411935765284     
   9.01455000000000        20.1713753464542     
   9.02532000000000        20.3931224691448     
   9.03609000000000        20.7097818586333     
   9.04686000000000        20.0790780277929     
   9.05762000000000        18.5911037787503     
   9.06838000000000        17.0311043664703     
   9.07914000000000        15.7444167176755     
   9.08989000000000        15.0678285410097     
   9.10064000000000        15.3833998133659     
   9.11139000000000        16.9020546459168     
   9.12214000000000        19.0174087899851     
   9.13288000000000        20.6141748428975     
   9.14362000000000        21.3270428885416     
   9.15435000000000        23.3280330538308     
   9.16508000000000        25.8205443226401     
   9.17581000000000        27.1919066495927     
   9.18654000000000        27.5877257390145     
   9.19726000000000        26.9269529604969     
   9.20798000000000        27.2705551261836     
   9.21870000000000        29.3403660062002     
   9.22941000000000        32.1675408235467     
   9.24012000000000        33.1121220907604     
   9.25082000000000        32.1551876375089     
   9.26153000000000        31.1847875235220     
   9.27223000000000        30.6571811780459     
   9.28293000000000        30.6741226573087     
   9.29362000000000        30.2754266670570     
   9.30431000000000        30.5241574029289     
   9.31500000000000        31.0837841393892     
   9.32568000000000        30.4268077931909     
   9.33636000000000        30.0401262354780     
   9.34704000000000        30.3337585374576     
   9.35772000000000        30.9843544606492     
   9.36839000000000        30.9115764524873     
   9.37906000000000        30.6273519679976     
   9.38972000000000        31.7948667432881     
   9.40038000000000        33.8419783357330     
   9.41104000000000        35.8400508903734     
   9.42170000000000        37.3890032513057     
   9.43235000000000        38.8911497123135     
   9.44300000000000        41.4367397009356     
   9.45365000000000        44.2544174716273     
   9.46429000000000        47.2888469071698     
   9.47493000000000        49.2258153843384     
   9.48557000000000        48.4503290908588     
   9.49620000000000        46.4092805359109     
   9.50683000000000        45.4703680868115     
   9.51746000000000        46.6510136162348     
   9.52808000000000        46.9298571121064     
   9.53871000000000        44.9401441130976     
   9.54932000000000        41.9011117720664     
   9.55994000000000        39.4256355453109     
   9.57055000000000        39.2214031083892     
   9.58116000000000        41.5816737042849     
   9.59176000000000        45.3370788230266     
   9.60237000000000        47.7831279515584     
   9.61296000000000        48.4434146341670     
   9.62356000000000        50.1065862219918     
   9.63415000000000        52.1831810035890     
   9.64474000000000        52.7898563635606     
   9.65533000000000        52.4742664756711     
   9.66591000000000        51.2548217617569     
   9.67649000000000        49.3769379993411     
   9.68707000000000        46.6300666930307     
   9.69764000000000        42.4912002435854     
   9.70821000000000        40.2126192626382     
   9.71878000000000        40.6959155176336     
   9.72934000000000        42.4960410127940     
   9.73990000000000        44.6763294380417     
   9.75046000000000        46.1522761212933     
   9.76102000000000        48.7041727074295     
   9.77157000000000        52.9067142475185     
   9.78212000000000        56.5663930261870     
   9.79266000000000        59.5740705338510     
   9.80320000000000        62.0414893862525     
   9.81374000000000        63.6043304350549     
   9.82428000000000        65.4645186020965     
   9.83481000000000        67.2359517859889     
   9.84534000000000        68.3817446965372     
   9.85586000000000        68.4276603481157     
   9.86639000000000        65.2280758590388     
   9.87691000000000        60.0633762143632     
   9.88742000000000        54.9325295273122     
   9.89794000000000        50.5641299461527     
   9.90845000000000        47.5108578392095     
   9.91895000000000        44.9980719095326     
   9.92946000000000        41.8364283395765     
   9.93996000000000        38.9487233167658     
   9.95046000000000        37.6205301201235     
   9.96095000000000        37.9398005712713     
   9.97144000000000        38.4452316054511     
   9.98193000000000        38.5900633901567     
   9.99242000000000        38.9005519232200     
   10.0029000000000        39.3461455786790     
   10.0133800000000        39.2367753339962     
   10.0238500000000        38.8960626124748     
   10.0343200000000        38.7711512754730     
   10.0447900000000        39.0495008122177     
   10.0552600000000        39.8797401240662     
   10.0657200000000        40.1511130271913     
   10.0761800000000        39.2334871666199     
   10.0866400000000        38.3949840237592     
   10.0970900000000        38.2881246507005     
   10.1075400000000        39.5834366064044     
   10.1179900000000        42.1442130547165     
   10.1284300000000        44.8379104014515     
   10.1388700000000        47.2931431252729     
   10.1493100000000        49.1704486899975     
   10.1597400000000        50.9049140633217     
   10.1701700000000        53.1641268240633     
   10.1806000000000        55.5967801707347     
   10.1910300000000        56.6138172651647     
   10.2014500000000        55.9993451300347     
   10.2118700000000        54.0051857227159     
   10.2222800000000        51.6153462268495     
   10.2326900000000        49.7708799038138     
   10.2431000000000        49.1167814930380     
   10.2535100000000        49.1843467099896     
   10.2639100000000        49.2770396614035     
   10.2743100000000        49.0233261282937     
   10.2847100000000        48.3873707354335     
   10.2951000000000        47.6474181402244     
   10.3054900000000        46.6633920214620     
   10.3158800000000        45.4939783908002     
   10.3262600000000        43.9453329660455     
   10.3366400000000        42.2430642205093     
   10.3470200000000        41.2088671462793     
   10.3573900000000        40.9546959544586     
   10.3677600000000        40.8752995069389     
   10.3781300000000        40.5231768054368     
   10.3884900000000        39.7483708091048     
   10.3988600000000        38.5227264527404     
   10.4092100000000        37.6388428969568     
   10.4195700000000        37.4308550832553     
   10.4299200000000        37.6263153845232     
   10.4402700000000        38.0193202342479     
   10.4506100000000        38.7939796630841     
   10.4609600000000        40.0226484054746     
   10.4713000000000        42.1306251902076     
   10.4816300000000        44.9621772458070     
   10.4919600000000        47.6738490532009     
   10.5022900000000        49.5296020216861     
   10.5126200000000        50.3988611309402     
   10.5229400000000        51.2529221847228     
   10.5332600000000        52.5932175598870     
   10.5435800000000        54.2772704615070     
   10.5539000000000        55.8642780928776     
   10.5642100000000        56.1160618284979     
   10.5745100000000        54.1522940162286     
   10.5848200000000        50.3350615876835     
   10.5951200000000        45.4708929043350     
   10.6054200000000        40.4518640554174     
   10.6157100000000        36.1481308191811     
   10.6260000000000        32.4864549371097     
   10.6362900000000        28.8889235729225     
   10.6465800000000        25.0560413367470     
   10.6568600000000        21.3800497075996     
   10.6671400000000        18.4954385055259     
   10.6774100000000        16.6692597406423     
   10.6876900000000        15.7924815209071     
   10.6979600000000        15.6766309825708     
   10.7082200000000        16.1484054623897     
   10.7184900000000        17.2410925061753     
   10.7287500000000        18.8339310632755     
   10.7390000000000        20.5256814149424     
   10.7492600000000        22.1201068947192     
   10.7595100000000        23.4599999745001     
   10.7697500000000        24.5192460741854     
   10.7800000000000        25.6657657295626     
   10.7902400000000        27.2144759215605     
   10.8004800000000        28.4122434935698     
   10.8107100000000        28.5712910144541     
   10.8209400000000        27.9838293864548     
   10.8311700000000        26.7187404332737     
   10.8414000000000        24.8668706130303     
   10.8516200000000        23.0027060432219     
   10.8618400000000        21.4166735001109     
   10.8720500000000        20.1273980383601     
   10.8822700000000        19.0754097321666     
   10.8924800000000        18.2185277723758     
   10.9026800000000        17.6961992571303     
   10.9128800000000        17.5359375017117     
   10.9230800000000        17.7638116318499     
   10.9332800000000        18.2409205608873     
   10.9434700000000        18.6121065204730     
   10.9536600000000        18.5920026118735     
   10.9638500000000        18.2817263507722     
   10.9740400000000        17.9010732864846     
   10.9842200000000        17.4883557296227     
   10.9943900000000        16.9758714419138     
   11.0045700000000        16.3190501886280     
   11.0147400000000        15.5404293831872     
   11.0249100000000        14.8431553215184     
   11.0350700000000        14.3735007237271     
   11.0452300000000        14.0576472643748     
   11.0553900000000        13.7312154053328     
   11.0655500000000        13.2401244054526     
   11.0757000000000        12.6934331759450     
   11.0858500000000        12.2855789316400     
   11.0960000000000        12.1124152445958     
   11.1061400000000        12.1908861618328     
   11.1162800000000        12.5174608303556     
   11.1264200000000        13.2350103671137     
   11.1365500000000        14.5009172611517     
   11.1466800000000        16.2282783230317     
   11.1568100000000        17.8332198993943     
   11.1669300000000        18.7110115766896     
   11.1770500000000        18.9786519703668     
   11.1871700000000        19.1503202410974     
   11.1972800000000        19.6882918015950     
   11.2073900000000        20.6169294800178     
   11.2175000000000        21.5435861497839     
   11.2276100000000        22.3139025578198     
   11.2377100000000        23.0429336387754     
   11.2478100000000        23.7331940930679     
   11.2579000000000        24.4110885748579     
   11.2679900000000        25.2130590888287     
   11.2780800000000        26.2967959760208     
   11.2881700000000        27.7384886019034     
   11.2982500000000        29.3669394433625     
   11.3083300000000        31.0956865463170     
   11.3184100000000        32.8778649317847     
   11.3284800000000        34.5777818054279     
   11.3385500000000        36.5412028870504     
   11.3486200000000        38.8254908694248     
   11.3586800000000        40.4525768734096     
   11.3687400000000        41.0764150359436     
   11.3788000000000        41.4814499337781     
   11.3888500000000        42.2975593867204     
   11.3989000000000        43.8945176896000     
   11.4089500000000        45.9844715188133     
   11.4189900000000        47.6727847008431     
   11.4290400000000        48.2739614638224     
   11.4390700000000        46.8180029166584     
   11.4491100000000        43.3027295704564     
   11.4591400000000        39.9752444134589     
   11.4691700000000        38.6222694820366     
   11.4792000000000        39.4139364458531     
   11.4892200000000        41.2872071439260     
   11.4992400000000        42.4831827983443     
   11.5092500000000        42.1948774997285     
   11.5192700000000        40.7756418567093     
   11.5292800000000        38.9049983716000     
   11.5392800000000        37.6903414753871     
   11.5492900000000        37.8125300103986     
   11.5592900000000        39.2982309423195     
   11.5692800000000        41.5352430986874     
   11.5792800000000        43.4092517256373     
   11.5892700000000        44.5479924194966     
   11.5992600000000        45.7146630487883     
   11.6092400000000        47.2347402824008     
   11.6192200000000        48.7375828422409     
   11.6292000000000        50.0268311796141     
   11.6391700000000        51.4047061311132     
   11.6491500000000        53.4070506025764     
   11.6591200000000        56.3615284337681     
   11.6690800000000        59.9192505001505     
   11.6790400000000        63.4512906677228     
   11.6890000000000        66.9831326257360     
   11.6989600000000        70.8986308939336     
   11.7089100000000        75.1674201107628     
   11.7188600000000        79.4991680990728     
   11.7288100000000        83.7816657633434     
   11.7387500000000        88.1901118110090     
   11.7486900000000        92.5671948032580     
   11.7586300000000        96.1703018002296     
   11.7685600000000        98.9967100082205     
   11.7784900000000        101.999738743121     
   11.7884200000000        105.811146472995     
   11.7983400000000        110.086525867287     
   11.8082600000000        113.683521897650     
   11.8181800000000        115.335404074629     
   11.8281000000000        114.652803343920     
   11.8380100000000        112.162995308682     
   11.8479200000000        108.717612587774     
   11.8578200000000        105.684224690203     
   11.8677200000000        104.160292136268     
   11.8776200000000        104.004148142615     
   11.8875200000000        104.646894610027     
   11.8974100000000        105.559639771132     
   11.9073000000000        105.383932153937     
   11.9171900000000        102.880595127047     
   11.9270700000000        98.4921965562954     
   11.9369500000000        93.9602689154322     
   11.9468300000000        91.2044666401038     
   11.9567000000000        91.1064488756993     
   11.9665700000000        92.6619359180407     
   11.9764400000000        93.8895331981172     
   11.9863000000000        93.5126246664478     
   11.9961600000000        91.1891367350460     
   12.0060200000000        87.3179846661651     
   12.0158700000000        83.2915594495128     
   12.0257300000000        80.6286427117692     
   12.0355700000000        79.8633121846478     
   12.0454200000000        80.7021809911894     
   12.0552600000000        82.6184232128653     
   12.0651000000000        84.8458141191368     
   12.0749400000000        86.7724877836014     
   12.0847700000000        88.5681890932890     
   12.0946000000000        90.7059113354125     
   12.1044200000000        93.2858715386538     
   12.1142500000000        96.2617772308764     
   12.1240700000000        99.6404041919814     
   12.1338800000000        103.341271463552     
   12.1437000000000        106.930336212102     
   12.1535100000000        109.796286776521     
   12.1633100000000        111.773345080442     
   12.1731200000000        113.154811113158     
   12.1829200000000        114.077455749961     
   12.1927200000000        114.858865543822     
   12.2025100000000        116.346847151185     
   12.2123000000000        118.589655755718     
   12.2220900000000        120.422003088703     
   12.2318700000000        120.928267055454     
   12.2416600000000        119.852043152325     
   12.2514300000000        116.778929128617     
   12.2612100000000        111.985260183849     
   12.2709800000000        107.011276902482     
   12.2807500000000        102.851621081981     
   12.2905200000000        99.1119146315982     
   12.3002800000000        95.0295905371039     
   12.3100400000000        90.3265761340106     
   12.3198000000000        84.9065948321261     
   12.3295500000000        78.8623327557474     
   12.3393000000000        73.0227926667600     
   12.3490500000000        68.4578649080335     
   12.3587900000000        65.4926002571504     
   12.3685300000000        63.6761757204639     
   12.3782700000000        62.3881325851352     
   12.3880000000000        61.3327944956940     
   12.3977300000000        60.6139333613943     
   12.4074600000000        60.3878295175273     
   12.4171800000000        60.6415021635137     
   12.4269100000000        61.2075104609810     
   12.4366200000000        61.9620180325538     
   12.4463400000000        63.0145539943625     
   12.4560500000000        64.5916094041920     
   12.4657600000000        66.8173697494515     
   12.4754700000000        69.4602391600629     
   12.4851700000000        71.7425864353062     
   12.4948700000000        73.0160379718431     
   12.5045600000000        73.4634513054608     
   12.5142600000000        73.7204921589567     
   12.5239500000000        74.5664950529328     
   12.5336300000000        76.6594007149503     
   12.5433200000000        80.1409299582044     
   12.5530000000000        84.6132063515048     
   12.5626800000000        89.1969486090775     
   12.5723500000000        92.5534915334952     
   12.5820200000000        93.7089002540175     
   12.5916900000000        92.8994846143351     
   12.6013500000000        91.0658378184209     
   12.6110100000000        89.0880570558854     
   12.6206700000000        87.7893178666517     
   12.6303300000000        87.5488345072771     
   12.6399800000000        87.7998345985313     
   12.6496300000000        87.5840109849501     
   12.6592700000000        86.7043296448242     
   12.6689200000000        85.5777519587909     
   12.6785500000000        84.4071880726660     
   12.6881900000000        83.3168160384408     
   12.6978200000000        82.6821196821699     
   12.7074500000000        82.7893344145702     
   12.7170800000000        83.6088639648812     
   12.7267000000000        84.9587606220748     
   12.7363200000000        86.4469493686570     
   12.7459400000000        87.4314545843823     
   12.7555500000000        87.4756141049204     
   12.7651600000000        86.8567200885895     
   12.7747700000000        86.3321474569991     
   12.7843800000000        86.2962801644186     
   12.7939800000000        86.4192072765116     
   12.8035800000000        86.0963363501042     
   12.8131700000000        84.9454942957127     
   12.8227600000000        82.9802565135793     
   12.8323500000000        80.5014489777234     
   12.8419400000000        77.8949109142168     
   12.8515200000000        75.5808508065474     
   12.8611000000000        73.9943781784657     
   12.8706700000000        73.4441968868033     
   12.8802500000000        73.9858593374205     
   12.8898100000000        75.4523991527928     
   12.8993800000000        77.5212683455331     
   12.9089400000000        79.7192256362198     
   12.9185000000000        81.4850693042021     
   12.9280600000000        82.3894764787275     
   12.9376100000000        82.4283724979996     
   12.9471700000000        82.0044959322935     
   12.9567100000000        81.4733231854467     
   12.9662600000000        80.8271410855793     
   12.9758000000000        80.1746715202203     
   12.9853400000000        80.0416385948302     
   12.9948700000000        80.8544792315816     
   13.0044000000000        82.5686406540133     
   13.0139300000000        84.7625314664620     
   13.0234600000000        86.9677884860881     
   13.0329800000000        88.8614083110329     
   13.0425000000000        90.0353140867636     
   13.0520100000000        90.1424154939399     
   13.0615200000000        89.4292921083805     
   13.0710300000000        88.4669803070641     
   13.0805400000000        87.4834078895866     
   13.0900400000000        86.4078176910932     
   13.0995400000000        85.3182914862604     
   13.1090400000000        84.5142233916043     
   13.1185300000000        84.1368828435281     
   13.1280200000000        83.8928890567429     
   13.1375100000000        83.4040822028828     
   13.1469900000000        82.5979120872524     
   13.1564700000000        81.5557685142677     
   13.1659500000000        80.2558085600123     
   13.1754300000000        78.6634184123902     
   13.1849000000000        76.8717388838189     
   13.1943700000000        75.0178616573392     
   13.2038300000000        73.0983642219178     
   13.2132900000000        70.9702326207140     
   13.2227500000000        68.6489095086913     
   13.2322100000000        66.3384768067965     
   13.2416600000000        64.1427734521828     
   13.2511100000000        62.0197882404353     
   13.2605500000000        59.9697938786558     
   13.2700000000000        58.0122229918436     
   13.2794400000000        56.1808352171752     
   13.2888700000000        54.5963103644258     
   13.2983100000000        53.3942681223036     
   13.3077400000000        52.5803939521718     
   13.3171600000000        51.9527221176891     
   13.3265900000000        51.1905886448497     
   13.3360100000000        50.1453151615065     
   13.3454300000000        48.9821035265107     
   13.3548400000000        47.9566339556344     
   13.3642500000000        47.1677801944532     
   13.3736600000000        46.5292407882877     
   13.3830600000000        45.9026358866172     
   13.3924700000000        45.2328715546552     
   13.4018600000000        44.5493734148706     
   13.4112600000000        43.8874969413991     
   13.4206500000000        43.2573267353829     
   13.4300400000000        42.6641091412975     
   13.4394300000000        42.1652432206451     
   13.4488100000000        41.8649535529292     
   13.4581900000000        41.8579123833369     
   13.4675600000000        42.1699788381146     
   13.4769400000000        42.7172652102516     
   13.4863100000000        43.3513627033318     
   13.4956700000000        43.9696166328192     
   13.5050400000000        44.5418964013821     
   13.5144000000000        45.0521821693560     
   13.5237600000000        45.4748657795786     
   13.5331100000000        45.8032717180638     
   13.5424600000000        46.0949554855034     
   13.5518100000000        46.4804679032674     
   13.5611500000000        47.1198606837675     
   13.5704900000000        48.1281135905953     
   13.5798300000000        49.4830304359429     
   13.5891700000000        50.9667805332151     
   13.5985000000000        52.2670047988597     
   13.6078300000000        53.2080597338908     
   13.6171500000000        53.8136155911983     
   13.6264800000000        54.1520979831805     
   13.6358000000000        54.2243308175122     
   13.6451100000000        54.0291401729932     
   13.6544200000000        53.6372739092338     
   13.6637300000000        53.2172288244896     
   13.6730400000000        52.9772212281627     
   13.6823400000000        53.0381171504676     
   13.6916400000000        53.3651903444890     
   13.7009400000000        53.7908862163378     
   13.7102400000000        54.1115996532411     
   13.7195300000000        54.2124016234010     
   13.7288100000000        54.0950838207922     
   13.7381000000000        53.7755239062928     
   13.7473800000000        53.2295019328277     
   13.7566600000000        52.4547757640337     
   13.7659300000000        51.5026105512785     
   13.7752000000000        50.4513710291827     
   13.7844700000000        49.3912571151533     
   13.7937400000000        48.3700750925086     
   13.8030000000000        47.3656387967908     
   13.8122600000000        46.3484775570395     
   13.8215200000000        45.3340579117487     
   13.8307700000000        44.3460183146852     
   13.8400200000000        43.3932322713628     
   13.8492600000000        42.5133221168791     
   13.8585100000000        41.7767354943526     
   13.8677500000000        41.2394869629045     
   13.8769800000000        40.8906531386892     
   13.8862200000000        40.6594863751133     
   13.8954500000000        40.4553801821771     
   13.9046800000000        40.2232968840240     
   13.9139000000000        39.9869955075381     
   13.9231200000000        39.8043046791173     
   13.9323400000000        39.6852117026357     
   13.9415500000000        39.5750715899280     
   13.9507700000000        39.4159842629697     
   13.9599700000000        39.2210436255727     
   13.9691800000000        39.0709438510054     
   13.9783800000000        39.0317113822857     
   13.9875800000000        39.0911422415067     
   13.9967800000000        39.1933465842224     
   14.0059700000000        39.3039427233158     
   14.0151600000000        39.4327314638114     
   14.0243400000000        39.6323410428215     
   14.0335300000000        39.9910812696668     
   14.0427100000000        40.5882358134191     
   14.0518800000000        41.4592731768028     
   14.0610600000000        42.6091054334898     
   14.0702300000000        44.0007443952923     
   14.0794000000000        45.5220342748061     
   14.0885600000000        46.9742066659207     
   14.0977200000000        48.1346984472460     
   14.1068800000000        48.8440394787728     
   14.1160300000000        49.1170795094485     
   14.1251800000000        49.1981466184912     
   14.1343300000000        49.4848485901683     
   14.1434800000000        50.3610665139077     
   14.1526200000000        52.0624607145137     
   14.1617600000000        54.6450256838655     
   14.1708900000000        57.9977423370162     
   14.1800300000000        61.8644195443779     
   14.1891500000000        65.7593639060893     
   14.1982800000000        69.0182770526247     
   14.2074000000000        71.0066931638162     
   14.2165200000000        71.5457149992476     
   14.2256400000000        71.0300126939981     
   14.2347500000000        70.1161201117090     
   14.2438600000000        69.2672524220083     
   14.2529700000000        68.5934885793074     
   14.2620700000000        68.0519742385128     
   14.2711800000000        67.7051727098393     
   14.2802700000000        67.6724721319662     
   14.2893700000000        67.8614157288749     
   14.2984600000000        67.9477437837019     
   14.3075500000000        67.6827741383934     
   14.3166300000000        67.1405867458375     
   14.3257100000000        66.5726952923606     
   14.3347900000000        66.0295668150157     
   14.3438700000000        65.2207650120319     
   14.3529400000000        63.8009722589318     
   14.3620100000000        61.7192566050065     
   14.3710700000000        59.2571064078202     
   14.3801400000000        56.8225644910952     
   14.3892000000000        54.7985576563607     
   14.3982500000000        53.4257006867130     
   14.4073100000000        52.7543503758607     
   14.4163600000000        52.6369224514533     
   14.4254000000000        52.7497667461710     
   14.4344500000000        52.6983484224785     
   14.4434900000000        52.2016582679964     
   14.4525200000000        51.2322079983998     
   14.4615600000000        49.9662240789704     
   14.4705900000000        48.6417708471466     
   14.4796200000000        47.4192531610079     
   14.4886400000000        46.3372656795289     
   14.4976600000000        45.3730458563546     
   14.5066800000000        44.5599985251001     
   14.5157000000000        44.0123437043407     
   14.5247100000000        43.8496809839318     
   14.5337200000000        44.1180219906888     
   14.5427200000000        44.7659605298590     
   14.5517300000000        45.6725660818974     
   14.5607300000000        46.7067515299796     
   14.5697200000000        47.8072143121936     
   14.5787100000000        49.0229098415243     
   14.5877000000000        50.5021293636727     
   14.5966900000000        52.4327559689399     
   14.6056700000000        54.9511233651602     
   14.6146600000000        58.1045103217710     
   14.6236300000000        61.8289561420889     
   14.6326100000000        65.9924375804711     
   14.6415800000000        70.3484094473279     
   14.6505400000000        74.6256975662176     
   14.6595100000000        78.6345363286802     
   14.6684700000000        82.2831895366630     
   14.6774300000000        85.5957576741158     
   14.6863800000000        88.6654348167372     
   14.6953400000000        91.5856272486770     
   14.7042800000000        94.2931282524936     
   14.7132300000000        96.5774972947978     
   14.7221700000000        98.2024433422851     
   14.7311100000000        99.1426484513233     
   14.7400500000000        99.6481852223419     
   14.7489800000000        100.118831656466     
   14.7579100000000        100.871052721672     
   14.7668400000000        101.943867735876     
   14.7757600000000        103.057923894119     
   14.7846800000000        103.768513003378     
   14.7936000000000        103.694837912278     
   14.8025100000000        102.642680696191     
   14.8114200000000        100.545053270400     
   14.8203300000000        97.3962152786716     
   14.8292300000000        93.3179060435200     
   14.8381300000000        88.6393915697032     
   14.8470300000000        83.8716222964037     
   14.8559300000000        79.5399797850718     
   14.8648200000000        76.0034424761048     
   14.8737100000000        73.3287429925019     
   14.8825900000000        71.3325338896195     
   14.8914700000000        69.7051423341676     
   14.9003500000000        68.1408449908582     
   14.9092300000000        66.3832028925501     
   14.9181000000000        64.2470714894206     
   14.9269700000000        61.6346842477202     
   14.9358400000000        58.5637911471473     
   14.9447000000000        55.1708862772943     
   14.9535600000000        51.6672022679304     
   14.9624200000000        48.2919058291289     
   14.9712700000000        45.2449146567670     
   14.9801200000000        42.6345561255927     
   14.9889700000000        40.4917797470788     
   14.9978100000000        38.7962821884107     
   15.0066500000000        37.4987955280324     
   15.0154900000000        36.5449099362691     
   15.0243300000000        35.8842778559221     
   15.0331600000000        35.4839336428640     
   15.0419900000000        35.3362936220295     
   15.0508100000000        35.4603134855957     
   15.0596300000000        35.8897708907078     
   15.0684500000000        36.6584322711343     
   15.0772700000000        37.7885579945220     
   15.0860800000000        39.2796307073745     
   15.0948900000000        41.0934985066618     
   15.1037000000000        43.1250003513905     
   15.1125000000000        45.2010166461687     
   15.1213000000000        47.1399416576360     
   15.1301000000000        48.8280535503568     
   15.1388900000000        50.2689498814783     
   15.1476800000000        51.5538860887859     
   15.1564700000000        52.7715449111853     
   15.1652500000000        53.9565254770567     
   15.1740300000000        55.1085508213775     
   15.1828100000000        56.2274169264097     
   15.1915800000000        57.3252046845647     
   15.2003500000000        58.4086269533979     
   15.2091200000000        59.4482352270523     
   15.2178900000000        60.3835692561339     
   15.2266500000000        61.1728939329546     
   15.2354100000000        61.8523035137732     
   15.2441600000000        62.5167443109213     
   15.2529200000000        63.2253247686294     
   15.2616700000000        63.9061905189813     
   15.2704100000000        64.3845204030293     
   15.2791500000000        64.5115864677389     
   15.2878900000000        64.2723295760792     
   15.2966300000000        63.7626323833419     
   15.3053600000000        63.0805160317907     
   15.3140900000000        62.2622844134418     
   15.3228200000000        61.3144673629639     
   15.3315400000000        60.2691096132681     
   15.3402600000000        59.1950151915161     
   15.3489800000000        58.1797235965361     
   15.3577000000000        57.2999718908555     
   15.3664100000000        56.5947284244763     
   15.3751200000000        56.0402551050391     
   15.3838200000000        55.5551656984039     
   15.3925200000000        55.0348983140115     
   15.4012200000000        54.4024818464628     
   15.4099200000000        53.6302567810091     
   15.4186100000000        52.7298447638669     
   15.4273000000000        51.7273726675356     
   15.4359800000000        50.6552754335641     
   15.4446700000000        49.5470822104904     
   15.4533400000000        48.4504124770774     
   15.4620200000000        47.4066415289730     
   15.4706900000000        46.4511993182586     
   15.4793600000000        45.5977408411515     
   15.4880300000000        44.8501995878111     
   15.4966900000000        44.2111340484706     
   15.5053500000000        43.6783678714499     
   15.5140100000000        43.2373506929668     
   15.5226700000000        42.8519186089585     
   15.5313200000000        42.4719818659902     
   15.5399600000000        42.0568142281265     
   15.5486100000000        41.5948377806828     
   15.5572500000000        41.1045180629503     
   15.5658900000000        40.6131319657138     
   15.5745200000000        40.1469001650828     
   15.5831600000000        39.7270218489495     
   15.5917900000000        39.3736014458561     
   15.6004100000000        39.0962135441889     
   15.6090300000000        38.8864306551637     
   15.6176500000000        38.7196398826452     
   15.6262700000000        38.5680675307353     
   15.6348800000000        38.4138417848854     
   15.6434900000000        38.2482239091337     
   15.6521000000000        38.0616953927513     
   15.6607000000000        37.8365666339779     
   15.6693000000000        37.5502978833958     
   15.6779000000000        37.1883467289667     
   15.6864900000000        36.7547277109142     
   15.6950800000000        36.2728703920709     
   15.7036700000000        35.7824916896494     
   15.7122600000000        35.3298663553213     
   15.7208400000000        34.9557730014921     
   15.7294100000000        34.6831261639779     
   15.7379900000000        34.5129370432904     
   15.7465600000000        34.4300676232267     
   15.7551300000000        34.4116936025420     
   15.7637000000000        34.4385618652791     
   15.7722600000000        34.5003441967667     
   15.7808200000000        34.5951962885902     
   15.7893700000000        34.7253621114899     
   15.7979300000000        34.8943078340351     
   15.8064700000000        35.1041204239656     
   15.8150200000000        35.3576769162705     
   15.8235600000000        35.6541744579406     
   15.8321000000000        35.9897312760306     
   15.8406400000000        36.3603298298425     
   15.8491800000000        36.7688796803083     
   15.8577100000000        37.2260180957489     
   15.8662300000000        37.7474177926778     
   15.8747600000000        38.3524397800446     
   15.8832800000000        39.0595895974405     
   15.8918000000000        39.8904731457816     
   15.9003100000000        40.8644776853144     
   15.9088200000000        42.0009812833368     
   15.9173300000000        43.3145531357772     
   15.9258400000000        44.8158827309376     
   15.9343400000000        46.5122719506711     
   15.9428400000000        48.4162951236896     
   15.9513300000000        50.5400845455845     
   15.9598300000000        52.9116507130942     
   15.9683100000000        55.5599900546113     
   15.9768000000000        58.5503671080770     
   15.9852800000000        61.9447479439278     
   15.9937600000000        65.8103788817265     
   16.0022400000000        70.1807632959671     
   16.0107100000000        75.0286325650688     
   16.0191800000000        80.2676936089110     
   16.0276500000000        85.7362798619261     
   16.0361200000000        91.2206814425710     
   16.0445800000000        96.4837438681626     
   16.0530300000000        101.318058061905     
   16.0614900000000        105.579985107617     
   16.0699400000000        109.171793320002     
   16.0783900000000        112.068512704292     
   16.0868300000000        114.261845048843     
   16.0952800000000        115.735252551390     
   16.1037100000000        116.429349845810     
   16.1121500000000        116.280144264362     
   16.1205800000000        115.255313003323     
   16.1290100000000        113.395343233046     
   16.1374400000000        110.816072575868     
   16.1458600000000        107.685358973447     
   16.1542800000000        104.178660078712     
   16.1627000000000        100.470984097931     
   16.1711100000000        96.7347413272477     
   16.1795200000000        93.1217824071179     
   16.1879300000000        89.7658211150728     
   16.1963300000000        86.7702382300397     
   16.2047300000000        84.1944995114799     
   16.2131300000000        82.0714422418579     
   16.2215200000000        80.4082168908667     
   16.2299100000000        79.1748942190326     
   16.2383000000000        78.3025067837424     
   16.2466900000000        77.6772852770878     
   16.2550700000000        77.1513388786801     
   16.2634500000000        76.5646687992749     
   16.2718200000000        75.7804715180672     
   16.2802000000000        74.7101597415794     
   16.2885600000000        73.3333821102423     
   16.2969300000000        71.6674568376515     
   16.3052900000000        69.7568359193169     
   16.3136500000000        67.6407120439069     
   16.3220100000000        65.3587260596288     
   16.3303600000000        62.9578275762266     
   16.3387100000000        60.4873976999492     
   16.3470600000000        58.0063024192718     
   16.3554000000000        55.5773715773514     
   16.3637400000000        53.2491908040811     
   16.3720800000000        51.0545651883450     
   16.3804200000000        49.0014019005248     
   16.3887500000000        47.0787087152511     
   16.3970700000000        45.2647676932972     
   16.4054000000000        43.5408143927336     
   16.4137200000000        41.9120313890190     
   16.4220400000000        40.3905567844077     
   16.4303500000000        38.9948507882582     
   16.4386700000000        37.7300295400378     
   16.4469700000000        36.5972120130411     
   16.4552800000000        35.5826869832600     
   16.4635800000000        34.6812713249219     
   16.4718800000000        33.8892680939810     
   16.4801800000000        33.2075832049744     
   16.4884700000000        32.6365624288312     
   16.4967600000000        32.1680533209417     
   16.5050500000000        31.7818991993624     
   16.5133300000000        31.4440976804126     
   16.5216100000000        31.1133320476016     
   16.5298900000000        30.7563662703680     
   16.5381600000000        30.3594259664042     
   16.5464300000000        29.9280282581649     
   16.5547000000000        29.4806568469363     
   16.5629700000000        29.0392784430965     
   16.5712300000000        28.6246148051004     
   16.5794900000000        28.2524843847147     
   16.5877400000000        27.9335599266766     
   16.5959900000000        27.6687122348815     
   16.6042400000000        27.4488761702927     
   16.6124900000000        27.2561873389327     
   16.6207300000000        27.0686434783343     
   16.6289700000000        26.8647831563457     
   16.6372000000000        26.6286925748893     
   16.6454400000000        26.3507817528384     
   16.6536700000000        26.0310310592067     
   16.6618900000000        25.6774899299173     
   16.6701200000000        25.3046395693217     
   16.6783400000000        24.9334338397235     
   16.6865500000000        24.5852055629434     
   16.6947700000000        24.2782053215139     
   16.7029800000000        24.0264137773801     
   16.7111900000000        23.8347022554759     
   16.7193900000000        23.7017283572727     
   16.7275900000000        23.6230890617334     
   16.7357900000000        23.5955108142829     
   16.7439800000000        23.6162055120444     
   16.7521800000000        23.6790308545107     
   16.7603600000000        23.7701233383642     
   16.7685500000000        23.8692770877487     
   16.7767300000000        23.9555372918409     
   16.7849100000000        24.0182217927606     
   16.7930900000000        24.0638479598361     
   16.8012600000000        24.1148844108837     
   16.8094300000000        24.1988930317210     
   16.8175900000000        24.3332828427949     
   16.8257600000000        24.5153496593496     
   16.8339200000000        24.7195262073410     
   16.8420700000000        24.9065476172782     
   16.8502300000000        25.0371043905273     
   16.8583800000000        25.0836219916201     
   16.8665300000000        25.0379223183682     
   16.8746700000000        24.9086962523136     
   16.8828100000000        24.7143779665336     
   16.8909500000000        24.4769382156078     
   16.8990800000000        24.2183205827380     
   16.9072100000000        23.9561966594686     
   16.9153400000000        23.7007181420187     
   16.9234700000000        23.4515219083493     
   16.9315900000000        23.2005126415410     
   16.9397100000000        22.9388863609196     
   16.9478200000000        22.6677811778364     
   16.9559400000000        22.4024048112559     
   16.9640500000000        22.1734450890854     
   16.9721500000000        22.0178164734454     
   16.9802600000000        21.9693636854917     
   16.9883600000000        22.0505657030030     
   16.9964500000000        22.2659132680019     
   17.0045500000000        22.6019695134496     
   17.0126400000000        23.0270231099765     
   17.0207200000000        23.4981428862170     
   17.0288100000000        23.9697010720263     
   17.0368900000000        24.3984062031405     
   17.0449700000000        24.7543812937927     
   17.0530400000000        25.0212428689874     
   17.0611100000000        25.1960509236448     
   17.0691800000000        25.2839471233085     
