   7.15970000000000        662.364314877192     
   7.17100000000000        653.120237725881     
   7.18231000000000        645.043203551674     
   7.19360000000000        614.802088332740     
   7.20490000000000        581.206294892511     
   7.21619000000000        548.748838611417     
   7.22748000000000        536.862191282481     
   7.23877000000000        547.579641527164     
   7.25005000000000        531.022933300040     
   7.26133000000000        506.222989926024     
   7.27261000000000        464.135233857025     
   7.28388000000000        430.462348340025     
   7.29515000000000        398.359831220011     
   7.30642000000000        395.344460838778     
   7.31768000000000        388.358714585275     
   7.32894000000000        390.040256122381     
   7.34020000000000        402.388062171433     
   7.35146000000000        427.786883633341     
   7.36271000000000        452.238292420767     
   7.37396000000000        481.779429018235     
   7.38520000000000        490.157781839482     
   7.39644000000000        472.211690271267     
   7.40768000000000        458.545289466883     
   7.41892000000000        439.899818897028     
   7.43015000000000        421.115772909349     
   7.44138000000000        420.352730231830     
   7.45261000000000        403.014678230080     
   7.46383000000000        382.841795254502     
   7.47505000000000        369.163633666932     
   7.48626000000000        348.111371825402     
   7.49748000000000        345.161230159843     
   7.50869000000000        349.770952938225     
   7.51990000000000        341.752081107123     
   7.53110000000000        341.620381272281     
   7.54230000000000        353.277852637486     
   7.55350000000000        362.900630018469     
   7.56469000000000        359.562094543455     
   7.57588000000000        354.280671287446     
   7.58707000000000        354.218666877292     
   7.59826000000000        367.839088545688     
   7.60944000000000        377.294884832322     
   7.62062000000000        390.438843212208     
   7.63179000000000        404.578924611271     
   7.64296000000000        400.761423128898     
   7.65413000000000        389.707471228336     
   7.66530000000000        382.266007254829     
   7.67646000000000        381.913340014429     
   7.68762000000000        394.826677726599     
   7.69878000000000        399.487544286675     
   7.70993000000000        385.013397400848     
   7.72108000000000        370.517242204224     
   7.73223000000000        369.651577182745     
   7.74337000000000        374.161750868618     
   7.75451000000000        372.556512272810     
   7.76565000000000        369.204758058955     
   7.77678000000000        366.375506369504     
   7.78791000000000        366.626713180705     
   7.79904000000000        371.067476057348     
   7.81017000000000        381.546109503736     
   7.82129000000000        389.432274448194     
   7.83241000000000        396.987789120029     
   7.84352000000000        400.694081012130     
   7.85463000000000        397.964180341535     
   7.86574000000000        396.581842454929     
   7.87685000000000        393.283793959594     
   7.88795000000000        391.379721386363     
   7.89905000000000        394.312192432183     
   7.91015000000000        390.578695740903     
   7.92124000000000        368.431933434459     
   7.93233000000000        352.801198595545     
   7.94342000000000        345.625925156745     
   7.95450000000000        340.247673820394     
   7.96558000000000        333.421344535788     
   7.97666000000000        318.559295576976     
   7.98773000000000        303.883090162775     
   7.99880000000000        296.133205122690     
   8.00987000000000        285.443610896558     
   8.02093000000000        274.962447372183     
   8.03200000000000        276.058571220283     
   8.04305000000000        278.812722001816     
   8.05411000000000        275.894248089246     
   8.06516000000000        280.084132857662     
   8.07621000000000        291.385883442296     
   8.08726000000000        303.295899012362     
   8.09830000000000        309.899211807276     
   8.10934000000000        317.275297291983     
   8.12037000000000        316.905451950749     
   8.13141000000000        311.337822568172     
   8.14244000000000        302.753601016074     
   8.15346000000000        293.632667253367     
   8.16449000000000        282.707973888766     
   8.17551000000000        272.319796695666     
   8.18652000000000        258.343829768821     
   8.19754000000000        242.007787896246     
   8.20855000000000        230.773155120284     
   8.21955000000000        227.112954591129     
   8.23056000000000        230.819579337137     
   8.24156000000000        233.453127070790     
   8.25256000000000        235.356579765462     
   8.26355000000000        233.190145033249     
   8.27454000000000        229.654917068255     
   8.28553000000000        232.384985671401     
   8.29652000000000        241.236622737079     
   8.30750000000000        256.531348820955     
   8.31848000000000        268.123167482217     
   8.32946000000000        271.715835574385     
   8.34043000000000        274.131666852923     
   8.35140000000000        275.680472106078     
   8.36236000000000        277.129965660571     
   8.37333000000000        279.717228947219     
   8.38429000000000        282.861449899918     
   8.39524000000000        287.451500556261     
   8.40620000000000        294.211640599776     
   8.41715000000000        302.965018766446     
   8.42810000000000        308.419890593149     
   8.43904000000000        314.276822486523     
   8.44998000000000        318.644803750412     
   8.46092000000000        325.803339197755     
   8.47185000000000        332.137444311013     
   8.48278000000000        335.699342109378     
   8.49371000000000        335.131939546719     
   8.50464000000000        332.113642959115     
   8.51556000000000        327.718322256623     
   8.52648000000000        321.979321643448     
   8.53739000000000        316.983006333495     
   8.54831000000000        315.431204347231     
   8.55922000000000        316.910826315737     
   8.57012000000000        318.998583771786     
   8.58103000000000        322.223295498150     
   8.59193000000000        326.572814971065     
   8.60282000000000        331.071697365095     
   8.61372000000000        333.504263305220     
   8.62461000000000        338.908724876230     
   8.63549000000000        344.139659930275     
   8.64638000000000        345.833612862177     
   8.65726000000000        344.579521979489     
   8.66814000000000        345.548862044008     
   8.67901000000000        350.521675576108     
   8.68988000000000        355.480499552874     
   8.70075000000000        354.233484428587     
   8.71161000000000        351.743604420555     
   8.72248000000000        350.157720623303     
   8.73333000000000        344.628222535349     
   8.74419000000000        335.698066007265     
   8.75504000000000        326.780834741497     
   8.76589000000000        319.379541127220     
   8.77674000000000        316.691940914625     
   8.78758000000000        314.616248952255     
   8.79842000000000        311.981479933934     
   8.80926000000000        309.104116278915     
   8.82009000000000        304.827455995980     
   8.83092000000000        298.839972082713     
   8.84175000000000        295.361455367775     
   8.85257000000000        291.194176972127     
   8.86339000000000        290.603614333649     
   8.87421000000000        293.672759671208     
   8.88502000000000        294.780898185210     
   8.89583000000000        294.434449136818     
   8.90664000000000        293.928107194333     
   8.91745000000000        293.540540313652     
   8.92825000000000        293.311835908486     
   8.93905000000000        292.372476714471     
   8.94984000000000        291.503731810667     
   8.96063000000000        292.164299835582     
   8.97142000000000        295.153583535081     
   8.98221000000000        299.785255601434     
   8.99299000000000        310.150847291420     
   9.00377000000000        323.410111247078     
   9.01455000000000        336.245733870864     
   9.02532000000000        356.693490448003     
   9.03609000000000        389.202486682144     
   9.04686000000000        436.831514094880     
   9.05762000000000        492.978834306414     
   9.06838000000000        554.026650953971     
   9.07914000000000        613.388475765799     
   9.08989000000000        645.716008109861     
   9.10064000000000        642.307954647712     
   9.11139000000000        624.250648319814     
   9.12214000000000        613.460331068424     
   9.13288000000000        611.220018840418     
   9.14362000000000        612.953782302076     
   9.15435000000000        592.465316285062     
   9.16508000000000        549.353588195828     
   9.17581000000000        521.344554979692     
   9.18654000000000        526.016627558846     
   9.19726000000000        531.244058310936     
   9.20798000000000        518.488639141400     
   9.21870000000000        505.764214214385     
   9.22941000000000        500.040675571244     
   9.24012000000000        490.849014467878     
   9.25082000000000        474.717271817075     
   9.26153000000000        461.053600189780     
   9.27223000000000        449.787569930434     
   9.28293000000000        451.114242538319     
   9.29362000000000        465.340092805645     
   9.30431000000000        477.535502047292     
   9.31500000000000        467.423881584994     
   9.32568000000000        458.673857864454     
   9.33636000000000        479.465302889788     
   9.34704000000000        524.198735286858     
   9.35772000000000        568.150329283329     
   9.36839000000000        591.485948316861     
   9.37906000000000        592.509509891482     
   9.38972000000000        593.497728100266     
   9.40038000000000        608.889656433184     
   9.41104000000000        635.665438211740     
   9.42170000000000        658.478575199380     
   9.43235000000000        674.428719528644     
   9.44300000000000        694.352702616466     
   9.45365000000000        726.936051247870     
   9.46429000000000        753.436662368647     
   9.47493000000000        766.881211613455     
   9.48557000000000        783.817951181037     
   9.49620000000000        787.809776715868     
   9.50683000000000        782.891793544008     
   9.51746000000000        765.515302594811     
   9.52808000000000        762.273281948155     
   9.53871000000000        789.980597682167     
   9.54932000000000        829.818460244272     
   9.55994000000000        879.912267814815     
   9.57055000000000        908.735996269860     
   9.58116000000000        905.714983149456     
   9.59176000000000        896.040135459366     
   9.60237000000000        899.974464755230     
   9.61296000000000        908.953887279241     
   9.62356000000000        932.686920607799     
   9.63415000000000        960.268954384614     
   9.64474000000000        969.758484705097     
   9.65533000000000        963.981164628817     
   9.66591000000000        964.620352865286     
   9.67649000000000        979.341610357550     
   9.68707000000000        997.532879702164     
   9.69764000000000        1016.13923853451     
   9.70821000000000        1042.85205676006     
   9.71878000000000        1105.33825555344     
   9.72934000000000        1193.39920412276     
   9.73990000000000        1257.62521796137     
   9.75046000000000        1279.63547243307     
   9.76102000000000        1281.06497985509     
   9.77157000000000        1293.65807290267     
   9.78212000000000        1309.12156433861     
   9.79266000000000        1307.48798022568     
   9.80320000000000        1298.37005522524     
   9.81374000000000        1284.40911908046     
   9.82428000000000        1276.55588698754     
   9.83481000000000        1287.00314194664     
   9.84534000000000        1299.05165247081     
   9.85586000000000        1310.15140628740     
   9.86639000000000        1315.28005433359     
   9.87691000000000        1270.23427692434     
   9.88742000000000        1217.92460180651     
   9.89794000000000        1227.43576909499     
   9.90845000000000        1261.03493314487     
   9.91895000000000        1271.77372705694     
   9.92946000000000        1269.14184108171     
   9.93996000000000        1248.68125304849     
   9.95046000000000        1213.55592165675     
   9.96095000000000        1174.91298568477     
   9.97144000000000        1136.84731329000     
   9.98193000000000        1101.77207023578     
   9.99242000000000        1089.48655743143     
   10.0029000000000        1104.50866318710     
   10.0133800000000        1123.28463650760     
   10.0238500000000        1135.27290808122     
   10.0343200000000        1126.87657924546     
   10.0447900000000        1109.33408473832     
   10.0552600000000        1100.09945577456     
   10.0657200000000        1095.09724482466     
   10.0761800000000        1092.10244304056     
   10.0866400000000        1095.96248453593     
   10.0970900000000        1108.74705659481     
   10.1075400000000        1125.19943376681     
   10.1179900000000        1129.34220472573     
   10.1284300000000        1120.60680573552     
   10.1388700000000        1129.64073471638     
   10.1493100000000        1155.20178629310     
   10.1597400000000        1149.88229534883     
   10.1701700000000        1128.28363943897     
   10.1806000000000        1125.66651269490     
   10.1910300000000        1125.90739322937     
   10.2014500000000        1119.81696617097     
   10.2118700000000        1134.06013600217     
   10.2222800000000        1163.21995311423     
   10.2326900000000        1174.76735760101     
   10.2431000000000        1165.62941047502     
   10.2535100000000        1151.00416622473     
   10.2639100000000        1138.69630533561     
   10.2743100000000        1129.36136777070     
   10.2847100000000        1145.00879920794     
   10.2951000000000        1189.32936930559     
   10.3054900000000        1220.64845343750     
   10.3158800000000        1224.25737208405     
   10.3262600000000        1223.33961374403     
   10.3366400000000        1211.20145262551     
   10.3470200000000        1189.29015906007     
   10.3573900000000        1188.03230270201     
   10.3677600000000        1212.58823954489     
   10.3781300000000        1232.84426103300     
   10.3884900000000        1231.41816917524     
   10.3988600000000        1213.60677106904     
   10.4092100000000        1189.77877220676     
   10.4195700000000        1173.91469191759     
   10.4299200000000        1169.41023344177     
   10.4402700000000        1166.69441339485     
   10.4506100000000        1153.00166655188     
   10.4609600000000        1125.89969351363     
   10.4713000000000        1092.12844681642     
   10.4816300000000        1057.91004691590     
   10.4919600000000        1037.00216535834     
   10.5022900000000        1032.00158875488     
   10.5126200000000        1030.36391986279     
   10.5229400000000        1025.47275393207     
   10.5332600000000        1004.80364933502     
   10.5435800000000        972.862830789930     
   10.5539000000000        938.437983466429     
   10.5642100000000        903.501968074305     
   10.5745100000000        872.331633103951     
   10.5848200000000        848.098499743726     
   10.5951200000000        825.869830849944     
   10.6054200000000        808.162547349892     
   10.6157100000000        798.209184402209     
   10.6260000000000        798.666405279743     
   10.6362900000000        816.576141530691     
   10.6465800000000        836.113793189854     
   10.6568600000000        845.853317162777     
   10.6671400000000        852.413578597192     
   10.6774100000000        860.467818160711     
   10.6876900000000        872.200009224473     
   10.6979600000000        888.961152516933     
   10.7082200000000        912.822061587615     
   10.7184900000000        945.630784173782     
   10.7287500000000        980.266689730164     
   10.7390000000000        1010.13095204925     
   10.7492600000000        1037.33208325707     
   10.7595100000000        1062.66652953404     
   10.7697500000000        1091.17879680645     
   10.7800000000000        1133.58428099707     
   10.7902400000000        1182.30469931457     
   10.8004800000000        1224.86236739659     
   10.8107100000000        1257.33473048277     
   10.8209400000000        1271.79351377414     
   10.8311700000000        1272.58112957908     
   10.8414000000000        1279.74359431989     
   10.8516200000000        1302.50207812632     
   10.8618400000000        1337.16858722982     
   10.8720500000000        1368.89364663463     
   10.8822700000000        1390.63016975540     
   10.8924800000000        1401.73503373380     
   10.9026800000000        1403.46898856116     
   10.9128800000000        1406.56801702659     
   10.9230800000000        1423.04296434655     
   10.9332800000000        1448.40264202865     
   10.9434700000000        1472.53418511446     
   10.9536600000000        1494.93225695154     
   10.9638500000000        1507.19639975656     
   10.9740400000000        1489.19363782568     
   10.9842200000000        1445.68187829062     
   10.9943900000000        1398.04044981329     
   11.0045700000000        1359.90615808350     
   11.0147400000000        1338.20917745625     
   11.0249100000000        1326.26127484015     
   11.0350700000000        1313.55134409024     
   11.0452300000000        1298.08672330124     
   11.0553900000000        1287.40516098232     
   11.0655500000000        1291.25438747906     
   11.0757000000000        1310.70634513562     
   11.0858500000000        1338.09505036956     
   11.0960000000000        1363.44312971714     
   11.1061400000000        1375.60838484733     
   11.1162800000000        1373.40333457824     
   11.1264200000000        1369.62560599504     
   11.1365500000000        1378.48376637981     
   11.1466800000000        1399.32226782332     
   11.1568100000000        1419.05237697060     
   11.1669300000000        1433.95457844008     
   11.1770500000000        1448.37735547243     
   11.1871700000000        1462.20763404705     
   11.1972800000000        1470.19041933020     
   11.2073900000000        1469.32689869424     
   11.2175000000000        1457.82285205094     
   11.2276100000000        1448.77099706886     
   11.2377100000000        1459.19859395549     
   11.2478100000000        1490.84252751783     
   11.2579000000000        1529.89341126103     
   11.2679900000000        1560.29249670224     
   11.2780800000000        1578.61266937766     
   11.2881700000000        1591.01489519137     
   11.2982500000000        1604.78202703667     
   11.3083300000000        1628.87260739103     
   11.3184100000000        1661.16935221769     
   11.3284800000000        1685.42572829288     
   11.3385500000000        1696.31943065932     
   11.3486200000000        1704.61473706373     
   11.3586800000000        1721.85179280328     
   11.3687400000000        1749.98952200999     
   11.3788000000000        1778.29150230158     
   11.3888500000000        1800.53556860578     
   11.3989000000000        1816.38074596587     
   11.4089500000000        1826.48087931867     
   11.4189900000000        1836.85031201662     
   11.4290400000000        1850.65660624256     
   11.4390700000000        1862.01859182946     
   11.4491100000000        1862.22126273660     
   11.4591400000000        1857.85265114838     
   11.4691700000000        1860.36927863487     
   11.4792000000000        1871.20130188973     
   11.4892200000000        1884.05333995882     
   11.4992400000000        1896.47551193777     
   11.5092500000000        1906.61466842831     
   11.5192700000000        1907.71070097574     
   11.5292800000000        1904.43570798458     
   11.5392800000000        1907.80243352431     
   11.5492900000000        1919.06972792596     
   11.5592900000000        1931.94899387466     
   11.5692800000000        1941.39123859767     
   11.5792800000000        1952.56622242332     
   11.5892700000000        1968.83977796453     
   11.5992600000000        1984.33373268379     
   11.6092400000000        1997.88933965699     
   11.6192200000000        2009.85771329314     
   11.6292000000000        2016.53906684193     
   11.6391700000000        2017.78761622748     
   11.6491500000000        2015.64545087989     
   11.6591200000000        2016.10074202931     
   11.6690800000000        2022.85996144326     
   11.6790400000000        2031.94573775448     
   11.6890000000000        2036.97780956007     
   11.6989600000000        2035.80885983282     
   11.7089100000000        2035.09398956237     
   11.7188600000000        2039.39886998816     
   11.7288100000000        2043.02382519235     
   11.7387500000000        2042.48501284741     
   11.7486900000000        2038.17386852920     
   11.7586300000000        2023.40527697808     
   11.7685600000000        1997.74768087447     
   11.7784900000000        1966.42844122886     
   11.7884200000000        1924.88225926335     
   11.7983400000000        1884.08330389178     
   11.8082600000000        1866.01466309336     
   11.8181800000000        1873.30084259595     
   11.8281000000000        1891.93110664270     
   11.8380100000000        1902.95154308842     
   11.8479200000000        1896.25180402604     
   11.8578200000000        1875.63283302437     
   11.8677200000000        1849.01974365345     
   11.8776200000000        1820.78494064763     
   11.8875200000000        1790.81399818201     
   11.8974100000000        1761.93587784863     
   11.9073000000000        1738.49182427893     
   11.9171900000000        1721.71932546494     
   11.9270700000000        1709.28024648643     
   11.9369500000000        1700.65165911498     
   11.9468300000000        1697.64740588380     
   11.9567000000000        1695.61244198929     
   11.9665700000000        1684.65582817657     
   11.9764400000000        1657.34017929871     
   11.9863000000000        1615.37708679587     
   11.9961600000000        1572.81480328682     
   12.0060200000000        1543.41990138277     
   12.0158700000000        1527.57506833844     
   12.0257300000000        1519.83835604314     
   12.0355700000000        1521.54460205301     
   12.0454200000000        1537.33773873884     
   12.0552600000000        1566.14418482910     
   12.0651000000000        1601.68462185909     
   12.0749400000000        1638.82800128835     
   12.0847700000000        1673.52420421389     
   12.0946000000000        1705.14211365324     
   12.1044200000000        1733.70760541527     
   12.1142500000000        1754.62687553271     
   12.1240700000000        1769.30317675148     
   12.1338800000000        1788.49956969472     
   12.1437000000000        1822.64216948950     
   12.1535100000000        1872.28616561303     
   12.1633100000000        1924.34306621147     
   12.1731200000000        1966.80897043559     
   12.1829200000000        1999.28662205160     
   12.1927200000000        2022.89487119716     
   12.2025100000000        2042.27923164184     
   12.2123000000000        2061.90247878426     
   12.2220900000000        2074.78166067841     
   12.2318700000000        2077.56107495042     
   12.2416600000000        2076.89945703833     
   12.2514300000000        2075.02352445652     
   12.2612100000000        2071.89233750376     
   12.2709800000000        2075.31609231093     
   12.2807500000000        2092.41712910247     
   12.2905200000000        2118.00131155951     
   12.3002800000000        2145.64734604837     
   12.3100400000000        2174.81376378894     
   12.3198000000000        2199.74251218271     
   12.3295500000000        2209.32617776784     
   12.3393000000000        2204.49621238750     
   12.3490500000000        2199.96697420518     
   12.3587900000000        2205.28276264786     
   12.3685300000000        2215.40139129388     
   12.3782700000000        2217.92621701035     
   12.3880000000000        2210.13415092515     
   12.3977300000000        2202.75292540554     
   12.4074600000000        2203.65983518370     
   12.4171800000000        2208.95920343531     
   12.4269100000000        2209.78176341060     
   12.4366200000000        2201.64921169811     
   12.4463400000000        2184.16721621009     
   12.4560500000000        2153.29192595427     
   12.4657600000000        2104.29117476100     
   12.4754700000000        2041.04905275055     
   12.4851700000000        1979.01426189310     
   12.4948700000000        1933.95023375468     
   12.5045600000000        1914.35549180968     
   12.5142600000000        1920.45134129353     
   12.5239500000000        1943.92861965439     
   12.5336300000000        1970.28729208133     
   12.5433200000000        1986.92757349892     
   12.5530000000000        1989.40656934473     
   12.5626800000000        1981.54795888810     
   12.5723500000000        1970.87936515185     
   12.5820200000000        1963.09935721667     
   12.5916900000000        1959.04098799098     
   12.6013500000000        1954.65802512428     
   12.6110100000000        1948.87163963668     
   12.6206700000000        1946.60619449243     
   12.6303300000000        1948.17447428716     
   12.6399800000000        1949.56235699399     
   12.6496300000000        1947.36799241597     
   12.6592700000000        1935.00727193685     
   12.6689200000000        1907.08304532640     
   12.6785500000000        1871.65747674196     
   12.6881900000000        1845.27221427963     
   12.6978200000000        1839.05833767690     
   12.7074500000000        1856.85709170115     
   12.7170800000000        1897.01048242680     
   12.7267000000000        1950.54905577856     
   12.7363200000000        2004.07130250857     
   12.7459400000000        2046.24063577083     
   12.7555500000000        2070.74888422008     
   12.7651600000000        2076.39178321752     
   12.7747700000000        2066.07132690814     
   12.7843800000000        2045.57990831210     
   12.7939800000000        2025.04568725973     
   12.8035800000000        2015.58274361131     
   12.8131700000000        2021.17443767688     
   12.8227600000000        2035.06536565358     
   12.8323500000000        2047.33969175636     
   12.8419400000000        2055.13410560339     
   12.8515200000000        2061.47940522279     
   12.8611000000000        2069.28928862923     
   12.8706700000000        2079.62286772263     
   12.8802500000000        2092.08122778609     
   12.8898100000000        2104.54763369174     
   12.8993800000000        2115.06987266394     
   12.9089400000000        2126.40384715710     
   12.9185000000000        2144.90238183114     
   12.9280600000000        2173.51271494996     
   12.9376100000000        2207.91562529240     
   12.9471700000000        2241.08301336405     
   12.9567100000000        2269.97251927175     
   12.9662600000000        2296.02270960667     
   12.9758000000000        2319.31899056940     
   12.9853400000000        2338.16858565002     
   12.9948700000000        2352.48766667525     
   13.0044000000000        2361.01135474782     
   13.0139300000000        2359.99572680548     
   13.0234600000000        2350.47145354116     
   13.0329800000000        2340.18392753870     
   13.0425000000000        2334.77785525485     
   13.0520100000000        2334.31317491510     
   13.0615200000000        2337.06780379211     
   13.0710300000000        2343.00980562674     
   13.0805400000000        2354.06024389272     
   13.0900400000000        2372.58302684938     
   13.0995400000000        2401.95855652731     
   13.1090400000000        2445.46411791317     
   13.1185300000000        2500.93139399388     
   13.1280200000000        2559.71315033588     
   13.1375100000000        2612.80752368191     
   13.1469900000000        2656.03583313881     
   13.1564700000000        2690.08532469248     
   13.1659500000000        2717.76429757978     
   13.1754300000000        2741.30666721186     
   13.1849000000000        2761.92574610291     
   13.1943700000000        2781.05698289014     
   13.2038300000000        2801.04504240803     
   13.2132900000000        2823.18662038486     
   13.2227500000000        2843.29315478638     
   13.2322100000000        2853.69273315720     
   13.2416600000000        2850.14376678446     
   13.2511100000000        2834.99174000224     
   13.2605500000000        2815.60236125639     
   13.2700000000000        2799.07319190285     
   13.2794400000000        2788.18280334310     
   13.2888700000000        2780.51310582999     
   13.2983100000000        2770.34259957141     
   13.3077400000000        2751.96224606399     
   13.3171600000000        2725.28415454554     
   13.3265900000000        2696.91676538368     
   13.3360100000000        2673.70836513765     
   13.3454300000000        2657.53946981320     
   13.3548400000000        2645.61528519227     
   13.3642500000000        2634.08058555160     
   13.3736600000000        2621.72755479077     
   13.3830600000000        2609.67052740136     
   13.3924700000000        2600.89336863736     
   13.4018600000000        2599.95743400866     
   13.4112600000000        2606.66415313819     
   13.4206500000000        2613.41459186274     
   13.4300400000000        2614.50476244779     
   13.4394300000000        2611.94838312228     
   13.4488100000000        2609.97114596729     
   13.4581900000000        2609.88001602319     
   13.4675600000000        2610.50017628335     
   13.4769400000000        2610.06896007387     
   13.4863100000000        2608.96456104409     
   13.4956700000000        2611.62769777754     
   13.5050400000000        2622.11500731221     
   13.5144000000000        2637.50086700375     
   13.5237600000000        2648.58199906679     
   13.5331100000000        2646.87756379500     
   13.5424600000000        2631.21062081367     
   13.5518100000000        2606.84965660522     
   13.5611500000000        2581.25231902226     
   13.5704900000000        2561.92869262693     
   13.5798300000000        2554.79426329022     
   13.5891700000000        2561.97379076149     
   13.5985000000000        2580.70877129752     
   13.6078300000000        2605.57228723135     
   13.6171500000000        2632.49337216080     
   13.6264800000000        2659.80975785092     
   13.6358000000000        2685.94911740276     
   13.6451100000000        2708.92577518251     
   13.6544200000000        2727.64912163958     
   13.6637300000000        2742.29231797370     
   13.6730400000000        2753.65836219005     
   13.6823400000000        2762.62886640877     
   13.6916400000000        2770.08653683709     
   13.7009400000000        2776.66915789132     
   13.7102400000000        2781.38886256505     
   13.7195300000000        2781.93173194724     
   13.7288100000000        2778.01407999942     
   13.7381000000000        2772.73022866852     
   13.7473800000000        2769.09770602804     
   13.7566600000000        2766.01979991940     
   13.7659300000000        2759.32393700645     
   13.7752000000000        2747.46204325267     
   13.7844700000000        2734.55975352105     
   13.7937400000000        2727.41221298192     
   13.8030000000000        2731.79858608705     
   13.8122600000000        2751.05445837531     
   13.8215200000000        2785.70200721785     
   13.8307700000000        2833.76954494821     
   13.8400200000000        2891.94719555132     
   13.8492600000000        2956.23239923757     
   13.8585100000000        3021.25920669195     
   13.8677500000000        3079.30437012893     
   13.8769800000000        3123.82712653730     
   13.8862200000000        3152.66667211929     
   13.8954500000000        3167.64035959792     
   13.9046800000000        3171.94839717744     
   13.9139000000000        3167.87439935373     
   13.9231200000000        3156.78728916586     
   13.9323400000000        3139.91609779735     
   13.9415500000000        3120.23910353425     
   13.9507700000000        3104.63075561206     
   13.9599700000000        3101.87588871498     
   13.9691800000000        3116.02155878711     
   13.9783800000000        3143.01709644319     
   13.9875800000000        3173.98028200729     
   13.9967800000000        3200.46598832286     
   14.0059700000000        3218.73594176921     
   14.0151600000000        3231.52714087354     
   14.0243400000000        3244.06584954702     
   14.0335300000000        3259.09219133055     
   14.0427100000000        3276.14101187265     
   14.0518800000000        3292.67373719070     
   14.0610600000000        3304.41113103252     
   14.0702300000000        3306.33792064242     
   14.0794000000000        3295.58379256293     
   14.0885600000000        3273.90683451538     
   14.0977200000000        3246.59438701610     
   14.1068800000000        3219.55129328020     
   14.1160300000000        3197.66281459094     
   14.1251800000000        3183.05855824851     
   14.1343300000000        3173.39981729050     
   14.1434800000000        3163.25602269960     
   14.1526200000000        3148.65383663466     
   14.1617600000000        3129.41234350538     
   14.1708900000000        3107.49990852472     
   14.1800300000000        3085.60899304148     
   14.1891500000000        3068.21670357329     
   14.1982800000000        3060.41650766542     
   14.2074000000000        3064.32620696890     
   14.2165200000000        3076.91790209086     
   14.2256400000000        3092.46054938440     
   14.2347500000000        3106.94886800302     
   14.2438600000000        3121.08858880506     
   14.2529700000000        3139.93966783111     
   14.2620700000000        3169.81342135322     
   14.2711800000000        3215.06026711495     
   14.2802700000000        3276.30548129140     
   14.2893700000000        3351.09857826627     
   14.2984600000000        3433.28098097450     
   14.3075500000000        3514.53933417860     
   14.3166300000000        3587.61441998978     
   14.3257100000000        3650.56920014435     
   14.3347900000000        3705.35599677071     
   14.3438700000000        3752.27583109424     
   14.3529400000000        3787.41817966720     
   14.3620100000000        3805.83668796600     
   14.3710700000000        3804.82442802738     
   14.3801400000000        3784.58038490213     
   14.3892000000000        3747.90211821843     
   14.3982500000000        3699.37055095253     
   14.4073100000000        3643.42198198552     
   14.4163600000000        3583.91240897393     
   14.4254000000000        3524.71367906793     
   14.4344500000000        3469.89250607655     
   14.4434900000000        3422.76311842615     
   14.4525200000000        3384.09551356801     
   14.4615600000000        3352.01162811303     
   14.4705900000000        3323.94705056933     
   14.4796200000000        3298.78405085920     
   14.4886400000000        3277.03065963548     
   14.4976600000000        3258.59748812857     
   14.5066800000000        3242.01143289948     
   14.5157000000000        3225.28880546909     
   14.5247100000000        3207.09166424245     
   14.5337200000000        3187.73052507133     
   14.5427200000000        3169.90591684318     
   14.5517300000000        3157.90850267642     
   14.5607300000000        3156.07235202150     
   14.5697200000000        3166.76919853365     
   14.5787100000000        3188.82755240139     
   14.5877000000000        3217.46925419880     
   14.5966900000000        3246.39339700316     
   14.6056700000000        3270.74738873642     
   14.6146600000000        3289.55499118169     
   14.6236300000000        3305.17809190346     
   14.6326100000000        3320.02140912630     
   14.6415800000000        3333.15682049717     
   14.6505400000000        3341.72554304389     
   14.6595100000000        3344.83141632395     
   14.6684700000000        3344.23468511532     
   14.6774300000000        3341.52459457383     
   14.6863800000000        3336.94508727042     
   14.6953400000000        3331.07642535597     
   14.7042800000000        3325.47161883452     
   14.7132300000000        3321.26699088613     
   14.7221700000000        3318.61719159165     
   14.7311100000000        3317.07871749250     
   14.7400500000000        3315.81991731087     
   14.7489800000000        3312.89390172312     
   14.7579100000000        3304.21212459759     
   14.7668400000000        3284.66376189964     
   14.7757600000000        3251.80456507651     
   14.7846800000000        3207.98861557177     
   14.7936000000000        3159.06947595516     
   14.8025100000000        3111.57634996874     
   14.8114200000000        3070.69699725792     
   14.8203300000000        3040.32828694777     
   14.8292300000000        3023.29425110340     
   14.8381300000000        3020.55865147414     
   14.8470300000000        3030.53328653898     
   14.8559300000000        3049.60348561687     
   14.8648200000000        3073.60874750023     
   14.8737100000000        3098.92894840562     
   14.8825900000000        3122.17937219930     
   14.8914700000000        3140.12561425295     
   14.9003500000000        3150.54578466764     
   14.9092300000000        3153.08639117693     
   14.9181000000000        3148.56158926959     
   14.9269700000000        3137.63758879008     
   14.9358400000000        3120.50770229252     
   14.9447000000000        3097.37873436709     
   14.9535600000000        3068.74604155509     
   14.9624200000000        3035.65863166976     
   14.9712700000000        2999.97268672785     
   14.9801200000000        2964.28716511391     
   14.9889700000000        2931.66432374283     
   14.9978100000000        2904.74282650109     
   15.0066500000000        2884.88105341833     
   15.0154900000000        2872.13407533613     
   15.0243300000000        2865.29371165002     
   15.0331600000000        2861.93470412508     
   15.0419900000000        2858.95382756575     
   15.0508100000000        2853.71234182791     
   15.0596300000000        2844.92276473335     
   15.0684500000000        2832.79675588194     
   15.0772700000000        2818.34255429241     
   15.0860800000000        2802.31262828923     
   15.0948900000000        2784.83498768712     
   15.1037000000000        2766.45721210244     
   15.1125000000000        2749.11639876969     
   15.1213000000000        2735.24106556011     
   15.1301000000000        2725.95112434130     
   15.1388900000000        2720.59635495114     
   15.1476800000000        2718.10193638342     
   15.1564700000000        2718.20775508343     
   15.1652500000000        2721.28583692971     
   15.1740300000000        2727.52069432997     
   15.1828100000000        2736.36463096026     
   15.1915800000000        2746.41868234976     
   15.2003500000000        2755.59385531947     
   15.2091200000000        2761.24573323858     
   15.2178900000000        2760.54536267762     
   15.2266500000000        2751.30113947047     
   15.2354100000000        2732.88028733495     
   15.2441600000000        2706.39018493199     
   15.2529200000000        2673.34544112512     
   15.2616700000000        2634.47801955766     
   15.2704100000000        2589.74269903991     
   15.2791500000000        2540.15711258732     
   15.2878900000000        2489.28488718733     
   15.2966300000000        2442.24840335194     
   15.3053600000000        2403.16186824989     
   15.3140900000000        2373.11699462351     
   15.3228200000000        2350.53028091434     
   15.3315400000000        2332.86524923330     
   15.3402600000000        2318.66351309769     
   15.3489800000000        2308.54054276523     
   15.3577000000000        2304.22209306240     
   15.3664100000000        2306.59152777541     
   15.3751200000000        2314.38110620657     
   15.3838200000000        2324.51194580334     
   15.3925200000000        2333.46573373910     
   15.4012200000000        2338.16371931876     
   15.4099200000000        2336.31467018626     
   15.4186100000000        2326.92456579551     
   15.4273000000000        2310.75206741833     
   15.4359800000000        2290.13390902743     
   15.4446700000000        2268.05162501660     
   15.4533400000000        2247.44926821035     
   15.4620200000000        2230.30778691317     
   15.4706900000000        2217.41553329573     
   15.4793600000000        2207.94612209510     
   15.4880300000000        2199.72481628060     
   15.4966900000000        2189.98769353373     
   15.5053500000000        2176.60786701543     
   15.5140100000000        2159.26468443641     
   15.5226700000000        2139.70387533339     
   15.5313200000000        2120.88618404031     
   15.5399600000000        2105.44545428049     
   15.5486100000000        2094.56863915172     
   15.5572500000000        2087.87361490619     
   15.5658900000000        2083.72223510143     
   15.5745200000000        2079.83849005581     
   15.5831600000000        2073.84866580927     
   15.5917900000000        2063.88740847042     
   15.6004100000000        2049.01399955575     
   15.6090300000000        2029.30603785322     
   15.6176500000000        2005.61030044180     
   15.6262700000000        1979.07299503146     
   15.6348800000000        1950.87634491745     
   15.6434900000000        1922.14191752383     
   15.6521000000000        1894.19854150330     
   15.6607000000000        1868.67967843751     
   15.6693000000000        1847.24199089993     
   15.6779000000000        1831.22421128732     
   15.6864900000000        1821.18463511721     
   15.6950800000000        1816.54084956469     
   15.7036700000000        1815.44540909649     
   15.7122600000000        1815.05966020844     
   15.7208400000000        1812.57059379309     
   15.7294100000000        1806.45462445535     
   15.7379900000000        1797.14706940218     
   15.7465600000000        1786.84863118941     
   15.7551300000000        1778.36161003778     
   15.7637000000000        1773.73148906237     
   15.7722600000000        1773.31679869044     
   15.7808200000000        1775.82869180080     
   15.7893700000000        1779.08432817691     
   15.7979300000000        1780.82466069130     
   15.8064700000000        1779.21324520622     
   15.8150200000000        1773.16014424646     
   15.8235600000000        1762.66288388269     
   15.8321000000000        1748.99836650774     
   15.8406400000000        1734.46971568560     
   15.8491800000000        1721.54264785169     
   15.8577100000000        1711.96232099061     
   15.8662300000000        1706.36069513080     
   15.8747600000000        1704.42041611386     
   15.8832800000000        1705.21132454982     
   15.8918000000000        1707.57829737144     
   15.9003100000000        1710.63342245102     
   15.9088200000000        1714.04220041681     
   15.9173300000000        1717.89376981919     
   15.9258400000000        1722.39884899802     
   15.9343400000000        1727.65990489329     
   15.9428400000000        1733.50563543415     
   15.9513300000000        1739.20695538032     
   15.9598300000000        1743.29410676129     
   15.9683100000000        1743.66690455130     
   15.9768000000000        1738.30096315476     
   15.9852800000000        1726.14827455018     
   15.9937600000000        1707.69185239207     
   16.0022400000000        1684.80915716101     
   16.0107100000000        1660.05527593442     
   16.0191800000000        1635.76769076646     
   16.0276500000000        1613.63828835882     
   16.0361200000000        1594.39874578749     
   16.0445800000000        1577.69536508643     
   16.0530300000000        1562.18668690072     
   16.0614900000000        1546.08721917607     
   16.0699400000000        1528.12844272207     
   16.0783900000000        1508.21173797245     
   16.0868300000000        1487.74217218418     
   16.0952800000000        1468.95557502338     
   16.1037100000000        1454.04098008446     
   16.1121500000000        1444.03037725991     
   16.1205800000000        1438.78847153306     
   16.1290100000000        1437.32070645754     
   16.1374400000000        1438.46595834825     
   16.1458600000000        1441.24433948049     
   16.1542800000000        1444.76681808595     
   16.1627000000000        1447.89533706092     
   16.1711100000000        1449.06545638105     
   16.1795200000000        1446.44758593867     
   16.1879300000000        1438.36766900900     
   16.1963300000000        1423.92774609131     
   16.2047300000000        1403.51373532551     
   16.2131300000000        1379.02602321104     
   16.2215200000000        1353.48603946200     
   16.2299100000000        1330.01533297881     
   16.2383000000000        1311.01163697203     
   16.2466900000000        1297.63153620003     
   16.2550700000000        1289.72451373977     
   16.2634500000000        1285.94554837136     
   16.2718200000000        1284.14989437983     
   16.2802000000000        1282.02204961802     
   16.2885600000000        1277.89749653089     
   16.2969300000000        1271.26530485949     
   16.3052900000000        1262.82712224377     
   16.3136500000000        1253.98328712804     
   16.3220100000000        1246.25702595552     
   16.3303600000000        1240.89868027856     
   16.3387100000000        1238.79101429094     
   16.3470600000000        1240.58866535252     
   16.3554000000000        1246.78661345711     
   16.3637400000000        1257.65854183370     
   16.3720800000000        1272.97096849663     
   16.3804200000000        1291.67944419280     
   16.3887500000000        1311.87257803288     
   16.3970700000000        1331.19023809817     
   16.4054000000000        1347.36418128499     
   16.4137200000000        1358.43381228521     
   16.4220400000000        1363.02943243793     
   16.4303500000000        1360.45301345649     
   16.4386700000000        1350.91845227218     
   16.4469700000000        1335.69471046699     
   16.4552800000000        1316.67428884091     
   16.4635800000000        1295.95667638775     
   16.4718800000000        1275.06025614903     
   16.4801800000000        1254.64252041956     
   16.4884700000000        1234.59981830034     
   16.4967600000000        1214.50251423879     
   16.5050500000000        1194.23592573734     
   16.5133300000000        1174.24674207542     
   16.5216100000000        1155.28148838921     
   16.5298900000000        1138.02984042751     
   16.5381600000000        1122.74166214132     
   16.5464300000000        1109.05923309401     
   16.5547000000000        1096.25487162354     
   16.5629700000000        1083.52237950527     
   16.5712300000000        1070.23323110582     
   16.5794900000000        1055.94277115739     
   16.5877400000000        1040.38021586626     
   16.5959900000000        1023.31351076771     
   16.6042400000000        1004.61415590670     
   16.6124900000000        984.291179080962     
   16.6207300000000        962.564931216161     
   16.6289700000000        939.830130441901     
   16.6372000000000        916.758209298383     
   16.6454400000000        894.062425891522     
   16.6536700000000        872.548825619686     
   16.6618900000000        852.868231062405     
   16.6701200000000        835.527461059814     
   16.6783400000000        820.986473578128     
   16.6865500000000        809.413727092774     
   16.6947700000000        800.626535065085     
   16.7029800000000        794.155703737807     
   16.7111900000000        789.248781197765     
   16.7193900000000        785.035387067696     
   16.7275900000000        780.605361128737     
   16.7357900000000        775.131699082249     
   16.7439800000000        768.006368849566     
   16.7521800000000        758.940159079678     
   16.7603600000000        748.126202477255     
   16.7685500000000        736.089339808160     
   16.7767300000000        723.684679097607     
   16.7849100000000        711.789190929910     
   16.7930900000000        701.194714305929     
   16.8012600000000        692.523514066735     
   16.8094300000000        686.163398987785     
   16.8175900000000        682.268492149665     
   16.8257600000000        680.690593634725     
   16.8339200000000        681.047663899906     
   16.8420700000000        682.861847094256     
   16.8502300000000        685.792614032513     
   16.8583800000000        689.740867480682     
   16.8665300000000        694.823057425499     
   16.8746700000000        701.167510021489     
   16.8828100000000        708.751271499941     
   16.8909500000000        717.294071274288     
   16.8990800000000        726.291348879564     
   16.9072100000000        735.159226447885     
   16.9153400000000        743.287588421163     
   16.9234700000000        750.045714615449     
   16.9315900000000        754.722197146360     
   16.9397100000000        756.545185772322     
   16.9478200000000        754.773133082367     
   16.9559400000000        748.881277683759     
   16.9640500000000        738.786269932654     
   16.9721500000000        724.945479053043     
   16.9802600000000        708.269354279805     
   16.9883600000000        690.039763314384     
   16.9964500000000        671.520278032906     
   17.0045500000000        653.713946758436     
   17.0126400000000        637.369878117841     
   17.0207200000000        622.803875430126     
   17.0288100000000        609.961271735305     
   17.0368900000000        598.634574361669     
   17.0449700000000        588.502754512419     
   17.0530400000000        579.333060684091     
   17.0611100000000        570.973346628310     
   17.0691800000000        563.339044586074     
