   7.15970000000000        386.595307151887     
   7.17100000000000        385.235098204795     
   7.18231000000000        383.601819364184     
   7.19360000000000        371.186930116189     
   7.20490000000000        356.681242777213     
   7.21619000000000        344.583935954526     
   7.22748000000000        338.491757544206     
   7.23877000000000        343.204264035344     
   7.25005000000000        339.324347797276     
   7.26133000000000        330.240176446873     
   7.27261000000000        312.340128335471     
   7.28388000000000        299.673240201453     
   7.29515000000000        288.568432406201     
   7.30642000000000        292.300091254947     
   7.31768000000000        293.481644567593     
   7.32894000000000        297.126253318451     
   7.34020000000000        305.882494531728     
   7.35146000000000        324.368219883325     
   7.36271000000000        340.303417381475     
   7.37396000000000        357.559512806492     
   7.38520000000000        358.641183182139     
   7.39644000000000        345.035696407557     
   7.40768000000000        336.982273682153     
   7.41892000000000        328.092428438516     
   7.43015000000000        318.981941167043     
   7.44138000000000        319.602159438892     
   7.45261000000000        308.541747203239     
   7.46383000000000        296.366260273091     
   7.47505000000000        290.853909167585     
   7.48626000000000        282.121015003271     
   7.49748000000000        285.403910155957     
   7.50869000000000        290.527540970998     
   7.51990000000000        286.507618584887     
   7.53110000000000        285.583010251730     
   7.54230000000000        294.328279227826     
   7.55350000000000        302.127926335231     
   7.56469000000000        302.111871850624     
   7.57588000000000        300.394458005180     
   7.58707000000000        299.696819587627     
   7.59826000000000        307.258588174630     
   7.60944000000000        313.915705356223     
   7.62062000000000        324.628075287454     
   7.63179000000000        335.999584706514     
   7.64296000000000        332.771662158885     
   7.65413000000000        322.436306381422     
   7.66530000000000        314.359824822585     
   7.67646000000000        310.372559851547     
   7.68762000000000        317.105368362473     
   7.69878000000000        320.239180616755     
   7.70993000000000        309.695909806567     
   7.72108000000000        296.659712588765     
   7.73223000000000        292.944730726741     
   7.74337000000000        295.057021235249     
   7.75451000000000        291.921862607647     
   7.76565000000000        286.913326098012     
   7.77678000000000        281.936120771571     
   7.78791000000000        279.753967331350     
   7.79904000000000        281.158180671542     
   7.81017000000000        286.526319528775     
   7.82129000000000        291.328913406686     
   7.83241000000000        297.066517372064     
   7.84352000000000        301.408546351604     
   7.85463000000000        300.325096259071     
   7.86574000000000        297.564956253384     
   7.87685000000000        291.680949212869     
   7.88795000000000        287.884829055047     
   7.89905000000000        289.130001205592     
   7.91015000000000        286.460555537470     
   7.92124000000000        269.874392514769     
   7.93233000000000        257.730230050651     
   7.94342000000000        251.846155486249     
   7.95450000000000        246.597418557821     
   7.96558000000000        238.337753436509     
   7.97666000000000        223.534292855356     
   7.98773000000000        208.259861117732     
   7.99880000000000        198.219745657004     
   8.00987000000000        187.525379048065     
   8.02093000000000        178.613661271844     
   8.03200000000000        180.388543833698     
   8.04305000000000        183.952427320162     
   8.05411000000000        182.563109890246     
   8.06516000000000        184.968939495933     
   8.07621000000000        192.652358290672     
   8.08726000000000        200.564804050331     
   8.09830000000000        204.998534768575     
   8.10934000000000        209.292054257518     
   8.12037000000000        209.461797440588     
   8.13141000000000        206.551493068974     
   8.14244000000000        199.863046758767     
   8.15346000000000        192.983292154502     
   8.16449000000000        186.243500230548     
   8.17551000000000        179.183665863559     
   8.18652000000000        167.149042771003     
   8.19754000000000        152.546595339354     
   8.20855000000000        142.284333623158     
   8.21955000000000        137.402128598641     
   8.23056000000000        137.254986777150     
   8.24156000000000        138.993059986828     
   8.25256000000000        141.233840490081     
   8.26355000000000        140.881125483419     
   8.27454000000000        139.761309523952     
   8.28553000000000        141.443191802533     
   8.29652000000000        148.720884628445     
   8.30750000000000        162.063990683078     
   8.31848000000000        173.871868547553     
   8.32946000000000        181.613999727710     
   8.34043000000000        185.371803893343     
   8.35140000000000        188.637838448950     
   8.36236000000000        191.601249637213     
   8.37333000000000        195.756901012680     
   8.38429000000000        201.658946022887     
   8.39524000000000        209.327429473566     
   8.40620000000000        213.973437251279     
   8.41715000000000        217.318546935281     
   8.42810000000000        217.411387072503     
   8.43904000000000        218.579758609995     
   8.44998000000000        216.820544048789     
   8.46092000000000        214.162707710210     
   8.47185000000000        212.293737097798     
   8.48278000000000        211.620676855479     
   8.49371000000000        209.832920252347     
   8.50464000000000        206.567144937547     
   8.51556000000000        203.328204804023     
   8.52648000000000        201.422613940167     
   8.53739000000000        201.323621684484     
   8.54831000000000        202.120849865348     
   8.55922000000000        204.311952814643     
   8.57012000000000        209.527012612600     
   8.58103000000000        215.790152631599     
   8.59193000000000        221.489238036673     
   8.60282000000000        225.279916578289     
   8.61372000000000        228.876471071451     
   8.62461000000000        235.357301550084     
   8.63549000000000        241.372453265046     
   8.64638000000000        245.692467848824     
   8.65726000000000        248.893504491013     
   8.66814000000000        251.998965773176     
   8.67901000000000        256.580890054358     
   8.68988000000000        261.129540553771     
   8.70075000000000        262.614432067184     
   8.71161000000000        261.505430573463     
   8.72248000000000        260.977641118354     
   8.73333000000000        258.577830457659     
   8.74419000000000        252.783295652862     
   8.75504000000000        244.614710490589     
   8.76589000000000        237.183988589286     
   8.77674000000000        231.181740070500     
   8.78758000000000        225.655645201996     
   8.79842000000000        221.641726807341     
   8.80926000000000        219.349959508097     
   8.82009000000000        216.676785706189     
   8.83092000000000        212.005579853809     
   8.84175000000000        208.377997103429     
   8.85257000000000        203.281917159624     
   8.86339000000000        201.454455926396     
   8.87421000000000        202.172029165420     
   8.88502000000000        202.312607134835     
   8.89583000000000        202.927774810227     
   8.90664000000000        204.235618806335     
   8.91745000000000        205.366436121159     
   8.92825000000000        204.980093916270     
   8.93905000000000        203.804574944242     
   8.94984000000000        203.471706577934     
   8.96063000000000        204.814185032926     
   8.97142000000000        207.476257939231     
   8.98221000000000        210.153994997964     
   8.99299000000000        213.113429608798     
   9.00377000000000        215.830696473015     
   9.01455000000000        218.150784767016     
   9.02532000000000        221.755614859164     
   9.03609000000000        228.372112302826     
   9.04686000000000        243.159463428502     
   9.05762000000000        263.651171495725     
   9.06838000000000        286.370077424596     
   9.07914000000000        307.939956265821     
   9.08989000000000        317.890920277101     
   9.10064000000000        313.545927242631     
   9.11139000000000        305.216735739958     
   9.12214000000000        299.377910316513     
   9.13288000000000        295.906322479718     
   9.14362000000000        294.333124627538     
   9.15435000000000        284.570346664244     
   9.16508000000000        266.428880958432     
   9.17581000000000        255.318765649211     
   9.18654000000000        258.271549137946     
   9.19726000000000        260.349154455461     
   9.20798000000000        253.304148858324     
   9.21870000000000        245.905273991048     
   9.22941000000000        241.407956874031     
   9.24012000000000        236.460130245315     
   9.25082000000000        229.594307205789     
   9.26153000000000        224.519362813229     
   9.27223000000000        221.113392525602     
   9.28293000000000        223.209829977831     
   9.29362000000000        230.637124739174     
   9.30431000000000        236.696522022884     
   9.31500000000000        231.855739496090     
   9.32568000000000        227.229216158288     
   9.33636000000000        237.123782277039     
   9.34704000000000        258.705555075497     
   9.35772000000000        279.966416500295     
   9.36839000000000        291.838563191208     
   9.37906000000000        293.251973768230     
   9.38972000000000        294.035087917177     
   9.40038000000000        300.632027860359     
   9.41104000000000        311.848509277405     
   9.42170000000000        320.763455922566     
   9.43235000000000        326.432199406332     
   9.44300000000000        333.892124616783     
   9.45365000000000        347.113936297731     
   9.46429000000000        357.633922060723     
   9.47493000000000        362.736933856172     
   9.48557000000000        369.977697563350     
   9.49620000000000        371.352347960151     
   9.50683000000000        369.004340997273     
   9.51746000000000        361.303072024911     
   9.52808000000000        360.212437995509     
   9.53871000000000        373.123394064671     
   9.54932000000000        391.101409093719     
   9.55994000000000        413.832750626906     
   9.57055000000000        426.823267109660     
   9.58116000000000        425.078345162668     
   9.59176000000000        420.068803749096     
   9.60237000000000        421.162679030860     
   9.61296000000000        424.815967679967     
   9.62356000000000        436.209178079893     
   9.63415000000000        450.039670775856     
   9.64474000000000        455.038359866683     
   9.65533000000000        452.397634862486     
   9.66591000000000        452.935271610435     
   9.67649000000000        460.421827966040     
   9.68707000000000        469.805172878424     
   9.69764000000000        479.134899637374     
   9.70821000000000        492.149000664733     
   9.71878000000000        522.127715487340     
   9.72934000000000        564.176809016676     
   9.73990000000000        595.097297058688     
   9.75046000000000        606.525522239495     
   9.76102000000000        608.283557120990     
   9.77157000000000        614.490896416482     
   9.78212000000000        621.513230242426     
   9.79266000000000        620.528744203369     
   9.80320000000000        616.192842464774     
   9.81374000000000        609.546699842301     
   9.82428000000000        605.554872808662     
   9.83481000000000        610.202022859166     
   9.84534000000000        616.157625553842     
   9.85586000000000        622.086202293507     
   9.86639000000000        625.003376696289     
   9.87691000000000        604.400497921003     
   9.88742000000000        580.611900866288     
   9.89794000000000        585.478147606847     
   9.90845000000000        601.233033640822     
   9.91895000000000        605.908783947389     
   9.92946000000000        603.809882879945     
   9.93996000000000        593.291951477995     
   9.95046000000000        576.424792119239     
   9.96095000000000        558.438537299757     
   9.97144000000000        541.016646264210     
   9.98193000000000        524.776028061398     
   9.99242000000000        518.904209560151     
   10.0029000000000        526.118882941425     
   10.0133800000000        535.479832015045     
   10.0238500000000        541.312919140640     
   10.0343200000000        537.255147334831     
   10.0447900000000        528.761730811741     
   10.0552600000000        524.489687495009     
   10.0657200000000        522.810742001384     
   10.0761800000000        521.993746414390     
   10.0866400000000        523.980535970503     
   10.0970900000000        530.056712059054     
   10.1075400000000        538.076191819464     
   10.1179900000000        541.200951923260     
   10.1284300000000        539.316257778170     
   10.1388700000000        546.317723110010     
   10.1493100000000        560.860210830949     
   10.1597400000000        559.942561253554     
   10.1701700000000        550.929470237357     
   10.1806000000000        551.394711083607     
   10.1910300000000        552.977424849461     
   10.2014500000000        551.140863733352     
   10.2118700000000        559.360035863491     
   10.2222800000000        575.499464781029     
   10.2326900000000        583.872193027328     
   10.2431000000000        582.233955395999     
   10.2535100000000        576.702066659395     
   10.2639100000000        571.033972181256     
   10.2743100000000        566.611413963216     
   10.2847100000000        573.963445938420     
   10.2951000000000        594.662724526183     
   10.3054900000000        609.211022532253     
   10.3158800000000        610.941688791152     
   10.3262600000000        611.019549154977     
   10.3366400000000        605.604925440446     
   10.3470200000000        595.122898488224     
   10.3573900000000        593.828089586264     
   10.3677600000000        603.653816254895     
   10.3781300000000        610.592203309048     
   10.3884900000000        607.104368421464     
   10.3988600000000        596.738493527434     
   10.4092100000000        584.213922376596     
   10.4195700000000        575.936710384567     
   10.4299200000000        573.172053037395     
   10.4402700000000        571.752292871519     
   10.4506100000000        566.775672706045     
   10.4609600000000        556.956346825974     
   10.4713000000000        544.906307865895     
   10.4816300000000        533.885376597417     
   10.4919600000000        529.576069319657     
   10.5022900000000        532.083405684743     
   10.5126200000000        535.411424170466     
   10.5229400000000        536.755161380183     
   10.5332600000000        530.229162706913     
   10.5435800000000        517.934715537124     
   10.5539000000000        504.343687991138     
   10.5642100000000        490.201130793009     
   10.5745100000000        477.861916437148     
   10.5848200000000        469.229559035871     
   10.5951200000000        461.837864770428     
   10.6054200000000        456.993954961577     
   10.6157100000000        455.580469032555     
   10.6260000000000        457.765434131284     
   10.6362900000000        468.251240654884     
   10.6465800000000        480.181427866756     
   10.6568600000000        487.141852256751     
   10.6671400000000        491.840887284251     
   10.6774100000000        496.775633671733     
   10.6876900000000        503.597241095225     
   10.6979600000000        513.220871637348     
   10.7082200000000        526.570168791662     
   10.7184900000000        545.261941746122     
   10.7287500000000        565.245132725460     
   10.7390000000000        581.953308153175     
   10.7492600000000        596.316402668648     
   10.7595100000000        609.247589237575     
   10.7697500000000        623.743904044769     
   10.7800000000000        644.904067865950     
   10.7902400000000        666.901662955047     
   10.8004800000000        684.071127838778     
   10.8107100000000        697.325984073687     
   10.8209400000000        704.579322995211     
   10.8311700000000        706.863795197399     
   10.8414000000000        713.318005301154     
   10.8516200000000        729.303091734425     
   10.8618400000000        752.014514074636     
   10.8720500000000        771.558410155393     
   10.8822700000000        785.044758827314     
   10.8924800000000        794.307288808903     
   10.9026800000000        801.719781312239     
   10.9128800000000        812.281230214688     
   10.9230800000000        829.781861869185     
   10.9332800000000        850.477863168934     
   10.9434700000000        868.676758762539     
   10.9536600000000        883.660242968473     
   10.9638500000000        891.719535602493     
   10.9740400000000        882.896906759794     
   10.9842200000000        861.840634137728     
   10.9943900000000        841.797636854986     
   11.0045700000000        828.660169640249     
   11.0147400000000        824.398855582450     
   11.0249100000000        826.272397335135     
   11.0350700000000        827.936663942780     
   11.0452300000000        826.609602814609     
   11.0553900000000        826.004336801051     
   11.0655500000000        830.958523839247     
   11.0757000000000        842.937101815811     
   11.0858500000000        859.167877381007     
   11.0960000000000        874.548190217891     
   11.1061400000000        882.697954855209     
   11.1162800000000        881.917243906042     
   11.1264200000000        878.566028698884     
   11.1365500000000        881.587682917553     
   11.1466800000000        890.856608491981     
   11.1568100000000        899.037671882979     
   11.1669300000000        905.439529643672     
   11.1770500000000        912.537127841441     
   11.1871700000000        918.015423734869     
   11.1972800000000        919.830355807148     
   11.2073900000000        918.696099287355     
   11.2175000000000        912.742734296009     
   11.2276100000000        908.300268056156     
   11.2377100000000        915.259351821454     
   11.2478100000000        935.355856161731     
   11.2579000000000        960.360166409595     
   11.2679900000000        978.903253473118     
   11.2780800000000        988.404567206525     
   11.2881700000000        993.981934458088     
   11.2982500000000        1000.07602962727     
   11.3083300000000        1011.76720116058     
   11.3184100000000        1029.18529897647     
   11.3284800000000        1044.13387865767     
   11.3385500000000        1053.02660762777     
   11.3486200000000        1060.40033939149     
   11.3586800000000        1071.49094981363     
   11.3687400000000        1087.65594371898     
   11.3788000000000        1103.72938709783     
   11.3888500000000        1116.40185542339     
   11.3989000000000        1126.07304911449     
   11.4089500000000        1132.66938465628     
   11.4189900000000        1137.75337983235     
   11.4290400000000        1143.88111744681     
   11.4390700000000        1150.47180727333     
   11.4491100000000        1154.19151102698     
   11.4591400000000        1158.08717413684     
   11.4691700000000        1166.88972720375     
   11.4792000000000        1179.11824139145     
   11.4892200000000        1189.89924023127     
   11.4992400000000        1198.23777411084     
   11.5092500000000        1204.23943702795     
   11.5192700000000        1206.23335033483     
   11.5292800000000        1206.91737286621     
   11.5392800000000        1210.76621229421     
   11.5492900000000        1217.86135285674     
   11.5592900000000        1224.99291609239     
   11.5692800000000        1229.78092837583     
   11.5792800000000        1235.59914319641     
   11.5892700000000        1244.72555244795     
   11.5992600000000        1253.15247212850     
   11.6092400000000        1259.37497659734     
   11.6192200000000        1264.42793909015     
   11.6292000000000        1267.95830380928     
   11.6391700000000        1270.11655798004     
   11.6491500000000        1271.03950988531     
   11.6591200000000        1273.57621092448     
   11.6690800000000        1279.88678363941     
   11.6790400000000        1287.28807640198     
   11.6890000000000        1291.64933441076     
   11.6989600000000        1291.86488277788     
   11.7089100000000        1291.83710783145     
   11.7188600000000        1293.96346133966     
   11.7288100000000        1294.97242227113     
   11.7387500000000        1292.94581889238     
   11.7486900000000        1288.37796368022     
   11.7586300000000        1278.27390134554     
   11.7685600000000        1262.01832153515     
   11.7784900000000        1242.03237638171     
   11.7884200000000        1216.76320806624     
   11.7983400000000        1192.81147680872     
   11.8082600000000        1181.95856367459     
   11.8181800000000        1184.86767599246     
   11.8281000000000        1193.10258705218     
   11.8380100000000        1196.38354938481     
   11.8479200000000        1189.81228952113     
   11.8578200000000        1176.24600328466     
   11.8677200000000        1160.54804949708     
   11.8776200000000        1145.06017441475     
   11.8875200000000        1129.75751921135     
   11.8974100000000        1116.00781973097     
   11.9073000000000        1105.20377804214     
   11.9171900000000        1096.76904429895     
   11.9270700000000        1089.12904819207     
   11.9369500000000        1082.79257437499     
   11.9468300000000        1078.88898183633     
   11.9567000000000        1074.04726490664     
   11.9665700000000        1063.18463778916     
   11.9764400000000        1043.91853992849     
   11.9863000000000        1018.56164267525     
   11.9961600000000        995.003475119837     
   12.0060200000000        980.297316075705     
   12.0158700000000        974.344953557128     
   12.0257300000000        973.925850742336     
   12.0355700000000        979.039478423933     
   12.0454200000000        991.021809010993     
   12.0552600000000        1008.74849879269     
   12.0651000000000        1029.86110853428     
   12.0749400000000        1052.36365456103     
   12.0847700000000        1073.01111660536     
   12.0946000000000        1090.04252213238     
   12.1044200000000        1103.24020525142     
   12.1142500000000        1111.30873488324     
   12.1240700000000        1116.63070960755     
   12.1338800000000        1125.06479662364     
   12.1437000000000        1141.04804878726     
   12.1535100000000        1164.98420936818     
   12.1633100000000        1191.19782170636     
   12.1731200000000        1214.02759641361     
   12.1829200000000        1233.09119191904     
   12.1927200000000        1248.74322528489     
   12.2025100000000        1262.84948590331     
   12.2123000000000        1276.60473325144     
   12.2220900000000        1286.25140452076     
   12.2318700000000        1291.01434314093     
   12.2416600000000        1294.78252972590     
   12.2514300000000        1298.00210318444     
   12.2612100000000        1299.60020837339     
   12.2709800000000        1302.93895758132     
   12.2807500000000        1311.57219853529     
   12.2905200000000        1323.16261750844     
   12.3002800000000        1335.43445013388     
   12.3100400000000        1349.07631147420     
   12.3198000000000        1360.95616226658     
   12.3295500000000        1364.23071595231     
   12.3393000000000        1358.85120022616     
   12.3490500000000        1352.96457611953     
   12.3587900000000        1352.20844900443     
   12.3685300000000        1354.85284051660     
   12.3782700000000        1355.53127409567     
   12.3880000000000        1353.06184542949     
   12.3977300000000        1351.96648639845     
   12.4074600000000        1355.00003242726     
   12.4171800000000        1359.63726843369     
   12.4269100000000        1361.53822401941     
   12.4366200000000        1358.54100623531     
   12.4463400000000        1350.14772837383     
   12.4560500000000        1333.98839919196     
   12.4657600000000        1307.46364695623     
   12.4754700000000        1272.60274499960     
   12.4851700000000        1237.75742714490     
   12.4948700000000        1211.34657412221     
   12.5045600000000        1197.73116330452     
   12.5142600000000        1196.88305072732     
   12.5239500000000        1204.61489130795     
   12.5336300000000        1213.84519606350     
   12.5433200000000        1218.46609585942     
   12.5530000000000        1216.69914401676     
   12.5626800000000        1210.73662136198     
   12.5723500000000        1203.96621568184     
   12.5820200000000        1199.01187346276     
   12.5916900000000        1196.96532995608     
   12.6013500000000        1196.57950301772     
   12.6110100000000        1197.10272980706     
   12.6206700000000        1200.03239360488     
   12.6303300000000        1204.72868328252     
   12.6399800000000        1208.84620506797     
   12.6496300000000        1210.41693201061     
   12.6592700000000        1205.73608895376     
   12.6689200000000        1191.94252206485     
   12.6785500000000        1173.50053032020     
   12.6881900000000        1159.56815169816     
   12.6978200000000        1156.74627937608     
   12.7074500000000        1167.54555727921     
   12.7170800000000        1190.77194007998     
   12.7267000000000        1221.35698621666     
   12.7363200000000        1252.33304605766     
   12.7459400000000        1277.36858744340     
   12.7555500000000        1292.14141033214     
   12.7651600000000        1295.38947737722     
   12.7747700000000        1288.98048213455     
   12.7843800000000        1277.19388280681     
   12.7939800000000        1266.52556898284     
   12.8035800000000        1262.80084646575     
   12.8131700000000        1267.38281392923     
   12.8227600000000        1276.58118162788     
   12.8323500000000        1285.70574821680     
   12.8419400000000        1293.43939649477     
   12.8515200000000        1300.66236135507     
   12.8611000000000        1307.87480667260     
   12.8706700000000        1315.29443930544     
   12.8802500000000        1323.28861134128     
   12.8898100000000        1331.66715731236     
   12.8993800000000        1340.15492133117     
   12.9089400000000        1350.39703150918     
   12.9185000000000        1365.05472067955     
   12.9280600000000        1384.50448332555     
   12.9376100000000        1405.50071812386     
   12.9471700000000        1423.67076033773     
   12.9567100000000        1437.31853942700     
   12.9662600000000        1448.04902984945     
   12.9758000000000        1457.26814131705     
   12.9853400000000        1465.02291064937     
   12.9948700000000        1471.45877672502     
   13.0044000000000        1475.74188204752     
   13.0139300000000        1475.73213059377     
   13.0234600000000        1471.55654531010     
   13.0329800000000        1466.54291935536     
   13.0425000000000        1463.07682331081     
   13.0520100000000        1461.24247126532     
   13.0615200000000        1460.88280627613     
   13.0710300000000        1462.95356399708     
   13.0805400000000        1469.03427162655     
   13.0900400000000        1480.31045016371     
   13.0995400000000        1497.95150151288     
   13.1090400000000        1522.94419694172     
   13.1185300000000        1553.84345122316     
   13.1280200000000        1586.12560635548     
   13.1375100000000        1614.90648716259     
   13.1469900000000        1637.48007265361     
   13.1564700000000        1653.68869590152     
   13.1659500000000        1665.14744705045     
   13.1754300000000        1674.06447377675     
   13.1849000000000        1682.21354783819     
   13.1943700000000        1690.74977327208     
   13.2038300000000        1700.88186520734     
   13.2132900000000        1713.26943176596     
   13.2227500000000        1725.40294933291     
   13.2322100000000        1732.38802449148     
   13.2416600000000        1730.89767437696     
   13.2511100000000        1721.58720903845     
   13.2605500000000        1708.64545465326     
   13.2700000000000        1696.83229244005     
   13.2794400000000        1689.00583663020     
   13.2888700000000        1685.03639500809     
   13.2983100000000        1682.17772939677     
   13.3077400000000        1676.63553394330     
   13.3171600000000        1667.18512779182     
   13.3265900000000        1656.60820536430     
   13.3360100000000        1648.22923606517     
   13.3454300000000        1642.53360268467     
   13.3548400000000        1637.26119591005     
   13.3642500000000        1629.97099271643     
   13.3736600000000        1620.38885467217     
   13.3830600000000        1609.84963746674     
   13.3924700000000        1600.56669235802     
   13.4018600000000        1595.65827464960     
   13.4112600000000        1595.85348420291     
   13.4206500000000        1597.62590239022     
   13.4300400000000        1597.77764286474     
   13.4394300000000        1596.98033984164     
   13.4488100000000        1597.10303874233     
   13.4581900000000        1598.33331970196     
   13.4675600000000        1599.48355738288     
   13.4769400000000        1599.41730754040     
   13.4863100000000        1598.81195218110     
   13.4956700000000        1600.85340754482     
   13.5050400000000        1608.30024696809     
   13.5144000000000        1619.60708167346     
   13.5237600000000        1629.03834989312     
   13.5331100000000        1630.58913417478     
   13.5424600000000        1622.49224290285     
   13.5518100000000        1607.65220959684     
   13.5611500000000        1591.11687660670     
   13.5704900000000        1577.92629540036     
   13.5798300000000        1571.63921740049     
   13.5891700000000        1573.31210482475     
   13.5985000000000        1581.42376495721     
   13.6078300000000        1593.31481085969     
   13.6171500000000        1607.19609521781     
   13.6264800000000        1622.35754931552     
   13.6358000000000        1637.67896429324     
   13.6451100000000        1651.41342143306     
   13.6544200000000        1662.20675814586     
   13.6637300000000        1669.80077994066     
   13.6730400000000        1675.03399057488     
   13.6823400000000        1679.21124699563     
   13.6916400000000        1683.43477452061     
   13.7009400000000        1688.21236319053     
   13.7102400000000        1692.78013287736     
   13.7195300000000        1695.51128381520     
   13.7288100000000        1695.92322063493     
   13.7381000000000        1695.32520504806     
   13.7473800000000        1694.79248171605     
   13.7566600000000        1693.18757091138     
   13.7659300000000        1688.24964012757     
   13.7752000000000        1679.81815451251     
   13.7844700000000        1671.00959829563     
   13.7937400000000        1666.08389484882     
   13.8030000000000        1668.17261583484     
   13.8122600000000        1678.62244611275     
   13.8215200000000        1697.12471893810     
   13.8307700000000        1722.15465798292     
   13.8400200000000        1751.77664349886     
   13.8492600000000        1783.91544102762     
   13.8585100000000        1815.84332043428     
   13.8677500000000        1843.61916580245     
   13.8769800000000        1863.84280947628     
   13.8862200000000        1875.36535394535     
   13.8954500000000        1879.42847534552     
   13.9046800000000        1878.50560091658     
   13.9139000000000        1874.81464861873     
   13.9231200000000        1869.61485150673     
   13.9323400000000        1863.22513036134     
   13.9415500000000        1856.22462912881     
   13.9507700000000        1851.13081269351     
   13.9599700000000        1851.75835735799     
   13.9691800000000        1859.81448970420     
   13.9783800000000        1873.00448279895     
   13.9875800000000        1886.78455419536     
   13.9967800000000        1897.23797017407     
   14.0059700000000        1903.25104541604     
   14.0151600000000        1907.03692187463     
   14.0243400000000        1911.67462004786     
   14.0335300000000        1918.41380439578     
   14.0427100000000        1926.56283989729     
   14.0518800000000        1934.41024701223     
   14.0610600000000        1939.40591126003     
   14.0702300000000        1938.45790341172     
   14.0794000000000        1929.53575859627     
   14.0885600000000        1913.38560282603     
   14.0977200000000        1893.15439439543     
   14.1068800000000        1872.75198287378     
   14.1160300000000        1855.51800801298     
   14.1251800000000        1842.81191683054     
   14.1343300000000        1833.26370016815     
   14.1434800000000        1823.99766244459     
   14.1526200000000        1813.17268211132     
   14.1617600000000        1800.85803076452     
   14.1708900000000        1787.84900670274     
   14.1800300000000        1774.95465495924     
   14.1891500000000        1763.86590549964     
   14.1982800000000        1756.76460590120     
   14.2074000000000        1754.60401519665     
   14.2165200000000        1755.99183963363     
   14.2256400000000        1758.42041172937     
   14.2347500000000        1760.42207128390     
   14.2438600000000        1762.82224063752     
   14.2529700000000        1768.38533437397     
   14.2620700000000        1780.28333225941     
   14.2711800000000        1800.62996520900     
   14.2802700000000        1829.74110105709     
   14.2893700000000        1866.41894036495     
   14.2984600000000        1907.51048127208     
   14.3075500000000        1948.55660761113     
   14.3166300000000        1985.50406113016     
   14.3257100000000        2017.07457332854     
   14.3347900000000        2044.11673180643     
   14.3438700000000        2066.73439102763     
   14.3529400000000        2083.00535706252     
   14.3620100000000        2090.69005675350     
   14.3710700000000        2088.82553055017     
   14.3801400000000        2077.75976424488     
   14.3892000000000        2058.80604457012     
   14.3982500000000        2033.95545371967     
   14.4073100000000        2005.21579235521     
   14.4163600000000        1974.58264059525     
   14.4254000000000        1944.31280581112     
   14.4344500000000        1916.85354793745     
   14.4434900000000        1894.21922059506     
   14.4525200000000        1877.01984387808     
   14.4615600000000        1864.31391445842     
   14.4705900000000        1854.48999587646     
   14.4796200000000        1846.47746134219     
   14.4886400000000        1840.00526644387     
   14.4976600000000        1834.62679003750     
   14.5066800000000        1829.36863172037     
   14.5157000000000        1823.11933850552     
   14.5247100000000        1815.09171425126     
   14.5337200000000        1805.33318606768     
   14.5427200000000        1795.23144946643     
   14.5517300000000        1787.21753452370     
   14.5607300000000        1784.00599555911     
   14.5697200000000        1787.43727887813     
   14.5787100000000        1797.36902130272     
   14.5877000000000        1811.35708975080     
   14.5966900000000        1825.70172369880     
   14.6056700000000        1837.34032095255     
   14.6146600000000        1845.60359564183     
   14.6236300000000        1852.11896418816     
   14.6326100000000        1858.77876456935     
   14.6415800000000        1865.57584726726     
   14.6505400000000        1871.09020832552     
   14.6595100000000        1874.52050408719     
   14.6684700000000        1876.16731989573     
   14.6774300000000        1876.19627272344     
   14.6863800000000        1874.32740931597     
   14.6953400000000        1870.98275970480     
   14.7042800000000        1867.54620190794     
   14.7132300000000        1865.21930143559     
   14.7221700000000        1864.36457232058     
   14.7311100000000        1864.66627028481     
   14.7400500000000        1865.44271820554     
   14.7489800000000        1865.45002059700     
   14.7579100000000        1862.35389133760     
   14.7668400000000        1853.21925120004     
   14.7757600000000        1836.43537190429     
   14.7846800000000        1812.92456379502     
   14.7936000000000        1785.58737127567     
   14.8025100000000        1757.93315065555     
   14.8114200000000        1732.99581597314     
   14.8203300000000        1713.22271223483     
   14.8292300000000        1700.44508370111     
   14.8381300000000        1695.38873144237     
   14.8470300000000        1697.34903510973     
   14.8559300000000        1704.53566888316     
   14.8648200000000        1714.88667477553     
   14.8737100000000        1726.58537554328     
   14.8825900000000        1737.85375345086     
   14.8914700000000        1746.87634607460     
   14.9003500000000        1752.24482257686     
   14.9092300000000        1753.43000611242     
   14.9181000000000        1750.52315233029     
   14.9269700000000        1743.66582296991     
   14.9358400000000        1732.92092200331     
   14.9447000000000        1718.52131686275     
   14.9535600000000        1700.96875353034     
   14.9624200000000        1681.10141804258     
   14.9712700000000        1660.13159695674     
   14.9801200000000        1639.54203743291     
   14.9889700000000        1620.98816593617     
   14.9978100000000        1605.93540953319     
   15.0066500000000        1595.22722934409     
   15.0154900000000        1588.97820404946     
   15.0243300000000        1586.47341582480     
   15.0331600000000        1586.14481429209     
   15.0419900000000        1585.94621226241     
   15.0508100000000        1584.13895770015     
   15.0596300000000        1579.89965742184     
   15.0684500000000        1573.35495541937     
   15.0772700000000        1565.08285225306     
   15.0860800000000        1555.49974223815     
   15.0948900000000        1544.70842062865     
   15.1037000000000        1533.11094867714     
   15.1125000000000        1521.91835184729     
   15.1213000000000        1512.60729871877     
   15.1301000000000        1505.91372341716     
   15.1388900000000        1501.57601702762     
   15.1476800000000        1499.06642109166     
   15.1564700000000        1498.25867571029     
   15.1652500000000        1499.31355197946     
   15.1740300000000        1502.26823141759     
   15.1828100000000        1506.82987933159     
   15.1915800000000        1512.36412323911     
   15.2003500000000        1517.93956254478     
   15.2091200000000        1522.28326965169     
   15.2178900000000        1523.86355292191     
   15.2266500000000        1521.28376426574     
   15.2354100000000        1513.82720390451     
   15.2441600000000        1501.64667137519     
   15.2529200000000        1485.20759045728     
   15.2616700000000        1464.78555305093     
   15.2704100000000        1440.51641091729     
   15.2791500000000        1413.24892839354     
   15.2878900000000        1385.17213582532     
   15.2966300000000        1359.20228779157     
   15.3053600000000        1337.63287144497     
   15.3140900000000        1321.12572160954     
   15.3228200000000        1308.93597522202     
   15.3315400000000        1299.80292424104     
   15.3402600000000        1292.97770471337     
   15.3489800000000        1288.71196102369     
   15.3577000000000        1287.73539706489     
   15.3664100000000        1290.24644015707     
   15.3751200000000        1295.29666995428     
   15.3838200000000        1301.07068650417     
   15.3925200000000        1305.69726541886     
   15.4012200000000        1307.70951049527     
   15.4099200000000        1306.14507390830     
   15.4186100000000        1300.70269865165     
   15.4273000000000        1291.90756422228     
   15.4359800000000        1281.02813822520     
   15.4446700000000        1269.64697873702     
   15.4533400000000        1259.35097625922     
   15.4620200000000        1251.23755608332     
   15.4706900000000        1245.73344603706     
   15.4793600000000        1242.34243219651     
   15.4880300000000        1239.79886993208     
   15.4966900000000        1236.52061548774     
   15.5053500000000        1231.30876940258     
   15.5140100000000        1223.95889195721     
   15.5226700000000        1215.37338271834     
   15.5313200000000        1207.10127481313     
   15.5399600000000        1200.51926866456     
   15.5486100000000        1196.19984201105     
   15.5572500000000        1193.80961748527     
   15.5658900000000        1192.32441557203     
   15.5745200000000        1190.41855801819     
   15.5831600000000        1186.80433987026     
   15.5917900000000        1180.58489690023     
   15.6004100000000        1171.49067422917     
   15.6090300000000        1159.90159464666     
   15.6176500000000        1146.63460199146     
   15.6262700000000        1132.58311852107     
   15.6348800000000        1118.49596518738     
   15.6434900000000        1104.90492595667     
   15.6521000000000        1092.28789512811     
   15.6607000000000        1081.16685876205     
   15.6693000000000        1072.04664045292     
   15.6779000000000        1065.33629871292     
   15.6864900000000        1061.21066793242     
   15.6950800000000        1059.44856616263     
   15.7036700000000        1059.27275580396     
   15.7122600000000        1059.36427808643     
   15.7208400000000        1058.32851507434     
   15.7294100000000        1055.38648924638     
   15.7379900000000        1050.78581035794     
   15.7465600000000        1045.72086055358     
   15.7551300000000        1041.70790523663     
   15.7637000000000        1039.85130217937     
   15.7722600000000        1040.35060498813     
   15.7808200000000        1042.51904674786     
   15.7893700000000        1045.14609279779     
   15.7979300000000        1046.88277135297     
   15.8064700000000        1046.48521341645     
   15.8150200000000        1043.07436116825     
   15.8235600000000        1036.45563078684     
   15.8321000000000        1027.34068815266     
   15.8406400000000        1017.22415425842     
   15.8491800000000        1007.81494710840     
   15.8577100000000        1000.41336712238     
   15.8662300000000        995.601173041214     
   15.8747600000000        993.334244272677     
   15.8832800000000        993.178020259403     
   15.8918000000000        994.528038903004     
   15.9003100000000        996.881867180358     
   15.9088200000000        1000.00241338767     
   15.9173300000000        1003.86150809058     
   15.9258400000000        1008.47417659794     
   15.9343400000000        1013.75101859465     
   15.9428400000000        1019.40320672730     
   15.9513300000000        1024.79883698984     
   15.9598300000000        1028.94104046568     
   15.9683100000000        1030.58236164479     
   15.9768000000000        1028.65677206893     
   15.9852800000000        1022.70056115069     
   15.9937600000000        1013.07932117557     
   16.0022400000000        1000.84840260055     
   16.0107100000000        987.371389301974     
   16.0191800000000        973.893716505694     
   16.0276500000000        961.370887427635     
   16.0361200000000        950.310553151460     
   16.0445800000000        940.657408317699     
   16.0530300000000        931.777824440040     
   16.0614900000000        922.725189586335     
   16.0699400000000        912.779262001433     
   16.0783900000000        901.826633071875     
   16.0868300000000        890.568104432690     
   16.0952800000000        880.176087578375     
   16.1037100000000        871.833672583230     
   16.1121500000000        866.111080165019     
   16.1205800000000        862.918741715450     
   16.1290100000000        861.636840912060     
   16.1374400000000        861.496345190370     
   16.1458600000000        861.814728966524     
   16.1542800000000        862.009781679211     
   16.1627000000000        861.472480247658     
   16.1711100000000        859.486295865982     
   16.1795200000000        855.268319350802     
   16.1879300000000        848.142847155986     
   16.1963300000000        837.820104338019     
   16.2047300000000        824.623578502730     
   16.2131300000000        809.613365104656     
   16.2215200000000        794.395114941637     
   16.2299100000000        780.611121844451     
   16.2383000000000        769.534964367841     
   16.2466900000000        761.779675291311     
   16.2550700000000        757.227083884789     
   16.2634500000000        755.075182388994     
   16.2718200000000        754.082610809611     
   16.2802000000000        752.949647531347     
   16.2885600000000        750.774261160286     
   16.2969300000000        747.294888560089     
   16.3052900000000        742.878962319053     
   16.3136500000000        738.225285796032     
   16.3220100000000        734.066273055585     
   16.3303600000000        730.988910236924     
   16.3387100000000        729.411760745024     
   16.3470600000000        729.665574427144     
   16.3554000000000        732.021525786541     
   16.3637400000000        736.647053959285     
   16.3720800000000        743.453665242630     
   16.3804200000000        751.930678156189     
   16.3887500000000        761.112895842711     
   16.3970700000000        769.797387560592     
   16.4054000000000        776.821210636360     
   16.4137200000000        781.168468892609     
   16.4220400000000        782.093288380132     
   16.4303500000000        779.185025251792     
   16.4386700000000        772.522675894991     
   16.4469700000000        762.797610125063     
   16.4552800000000        751.068766853900     
   16.4635800000000        738.543684707559     
   16.4718800000000        726.114622193052     
   16.4801800000000        714.191376662575     
   16.4884700000000        702.738341969869     
   16.4967600000000        691.503878832307     
   16.5050500000000        680.381155063262     
   16.5133300000000        669.561350019408     
   16.5216100000000        659.409198233728     
   16.5298900000000        650.270388415997     
   16.5381600000000        642.250246056000     
   16.5464300000000        635.113958334835     
   16.5547000000000        628.418464860304     
   16.5629700000000        621.682426123180     
   16.5712300000000        614.533128796929     
   16.5794900000000        606.711120100984     
   16.5877400000000        598.063593137820     
   16.5959900000000        588.472306808863     
   16.6042400000000        577.891250035185     
   16.6124900000000        566.362910329527     
   16.6207300000000        554.050824538259     
   16.6289700000000        541.205605733969     
   16.6372000000000        528.211099647374     
   16.6454400000000        515.447510811540     
   16.6536700000000        503.326340796730     
   16.6618900000000        492.165991431367     
   16.6701200000000        482.216418434410     
   16.6783400000000        473.731678684547     
   16.6865500000000        466.838733733651     
   16.6947700000000        461.494763804816     
   16.7029800000000        457.506414547143     
   16.7111900000000        454.507442442711     
   16.7193900000000        452.040447551351     
   16.7275900000000        449.591578353710     
   16.7357900000000        446.654088802383     
   16.7439800000000        442.806419084992     
   16.7521800000000        437.789450129951     
   16.7603600000000        431.631755753441     
   16.7685500000000        424.594180770039     
   16.7767300000000        417.175692341400     
   16.7849100000000        409.920272368294     
   16.7930900000000        403.329923643533     
   16.8012600000000        397.797756778379     
   16.8094300000000        393.567063250046     
   16.8175900000000        390.748557976833     
   16.8257600000000        389.293253615145     
   16.8339200000000        389.036539671486     
   16.8420700000000        389.751979354063     
   16.8502300000000        391.259407299626     
   16.8583800000000        393.475962260039     
   16.8665300000000        396.416273616086     
   16.8746700000000        400.109981944318     
   16.8828100000000        404.535431542482     
   16.8909500000000        409.562815651812     
   16.8990800000000        414.951540913840     
   16.9072100000000        420.400764596275     
   16.9153400000000        425.556635935071     
   16.9234700000000        430.019092697079     
   16.9315900000000        433.330865319179     
   16.9397100000000        435.014693798368     
   16.9478200000000        434.627086959805     
   16.9559400000000        431.855413001627     
   16.9640500000000        426.622583791592     
   16.9721500000000        419.140444518589     
   16.9802600000000        409.868440082061     
   16.9883600000000        399.487932657598     
   16.9964500000000        388.706914135962     
   17.0045500000000        378.130712065614     
   17.0126400000000        368.261313210057     
   17.0207200000000        359.370454145539     
   17.0288100000000        351.509717957455     
   17.0368900000000        344.624157921232     
   17.0449700000000        338.567987067958     
   17.0530400000000        333.227492654027     
   17.0611100000000        328.518918574184     
   17.0691800000000        324.380917263876     
