   7.15970000000000        5.62815721601080     
   7.17100000000000        5.80935766342807     
   7.18231000000000        6.09039288115630     
   7.19360000000000        6.12119037350732     
   7.20490000000000        6.20270109178754     
   7.21619000000000        6.20084810295188     
   7.22748000000000        5.96807539575594     
   7.23877000000000        5.90865029621288     
   7.25005000000000        5.82794904114577     
   7.26133000000000        6.08303068915924     
   7.27261000000000        6.26417210127281     
   7.28388000000000        6.31203010610254     
   7.29515000000000        6.81823231136418     
   7.30642000000000        7.48382645951855     
   7.31768000000000        8.05776804841287     
   7.32894000000000        8.49326162003629     
   7.34020000000000        8.72848381634052     
   7.35146000000000        8.70464970955248     
   7.36271000000000        8.44544451814292     
   7.37396000000000        8.56382220063830     
   7.38520000000000        8.74276341252499     
   7.39644000000000        8.42005875955176     
   7.40768000000000        8.28258727489339     
   7.41892000000000        8.28505461153203     
   7.43015000000000        8.66229967473111     
   7.44138000000000        9.35750197448240     
   7.45261000000000        10.1958049727458     
   7.46383000000000        10.1420765131792     
   7.47505000000000        9.70472960103621     
   7.48626000000000        9.73080562964196     
   7.49748000000000        10.5904748582317     
   7.50869000000000        11.4257007394373     
   7.51990000000000        11.9976288333641     
   7.53110000000000        12.0508554572699     
   7.54230000000000        11.6821234565652     
   7.55350000000000        11.5018743316610     
   7.56469000000000        11.8857564763091     
   7.57588000000000        12.7441278504991     
   7.58707000000000        13.7298822845720     
   7.59826000000000        14.0302605729220     
   7.60944000000000        14.2661891556232     
   7.62062000000000        14.6502138688258     
   7.63179000000000        15.3207639353294     
   7.64296000000000        15.9084379513760     
   7.65413000000000        15.9515661709937     
   7.66530000000000        14.0244369134998     
   7.67646000000000        12.1368687405858     
   7.68762000000000        11.5741629497648     
   7.69878000000000        11.9576480305600     
   7.70993000000000        13.2256543961869     
   7.72108000000000        14.4698769328006     
   7.73223000000000        15.3524688245794     
   7.74337000000000        15.3496887336768     
   7.75451000000000        16.1033964173749     
   7.76565000000000        17.3887019947144     
   7.77678000000000        18.2673185176643     
   7.78791000000000        18.2632679839268     
   7.79904000000000        18.0304075621237     
   7.81017000000000        18.3044365864145     
   7.82129000000000        19.0795935787180     
   7.83241000000000        20.1803138845569     
   7.84352000000000        21.0657086641496     
   7.85463000000000        21.1808152081843     
   7.86574000000000        19.3412890136236     
   7.87685000000000        17.0033226706372     
   7.88795000000000        15.7730582386245     
   7.89905000000000        15.8928818903472     
   7.91015000000000        16.7883317121671     
   7.92124000000000        17.3242909044463     
   7.93233000000000        17.8375221451881     
   7.94342000000000        18.1891564473447     
   7.95450000000000        18.3293894445583     
   7.96558000000000        18.7500457752484     
   7.97666000000000        19.4455093369871     
   7.98773000000000        19.6269293344662     
   7.99880000000000        18.7044302598577     
   8.00987000000000        17.2180448510358     
   8.02093000000000        16.8526685397631     
   8.03200000000000        17.4132375222498     
   8.04305000000000        18.9810906237882     
   8.05411000000000        20.3987084931375     
   8.06516000000000        21.4856560000637     
   8.07621000000000        22.3530692494765     
   8.08726000000000        22.3965411927011     
   8.09830000000000        22.5794047509673     
   8.10934000000000        23.2184623086675     
   8.12037000000000        24.5436416135389     
   8.13141000000000        25.6210190635217     
   8.14244000000000        25.9576604261920     
   8.15346000000000        26.1332748748828     
   8.16449000000000        26.0027067865409     
   8.17551000000000        25.3354701800589     
   8.18652000000000        24.3841267380948     
   8.19754000000000        23.6305392020275     
   8.20855000000000        21.8636963746812     
   8.21955000000000        18.8482110789326     
   8.23056000000000        16.0955477377007     
   8.24156000000000        15.1366840241720     
   8.25256000000000        15.5606748237189     
   8.26355000000000        16.4594862388002     
   8.27454000000000        17.6905660209220     
   8.28553000000000        18.8412056338859     
   8.29652000000000        19.6180967945910     
   8.30750000000000        20.7033751902556     
   8.31848000000000        21.9646874280942     
   8.32946000000000        23.3871392074019     
   8.34043000000000        24.4271472368267     
   8.35140000000000        24.8360764289534     
   8.36236000000000        24.6424167510501     
   8.37333000000000        23.9183244818380     
   8.38429000000000        23.8558437134944     
   8.39524000000000        24.7625793517836     
   8.40620000000000        26.2329505752592     
   8.41715000000000        27.5987117698963     
   8.42810000000000        28.8949378546947     
   8.43904000000000        29.7517064780899     
   8.44998000000000        28.9025173164770     
   8.46092000000000        26.5739149619052     
   8.47185000000000        25.1399823359387     
   8.48278000000000        25.3048984300596     
   8.49371000000000        26.3649311035025     
   8.50464000000000        27.8366578304211     
   8.51556000000000        29.0868042503096     
   8.52648000000000        29.5320942372103     
   8.53739000000000        28.6349423516455     
   8.54831000000000        28.0635296766624     
   8.55922000000000        28.3919115558948     
   8.57012000000000        29.6854449402200     
   8.58103000000000        31.3176575645050     
   8.59193000000000        33.0942358146519     
   8.60282000000000        33.5647760696179     
   8.61372000000000        32.1409503038007     
   8.62461000000000        29.9968644413308     
   8.63549000000000        28.6797140388892     
   8.64638000000000        28.8810479457325     
   8.65726000000000        30.3995643966004     
   8.66814000000000        32.7888473138184     
   8.67901000000000        35.1179468218908     
   8.68988000000000        36.3308933707932     
   8.70075000000000        36.1760319973462     
   8.71161000000000        35.6450246497221     
   8.72248000000000        35.9100752818741     
   8.73333000000000        37.0293998009499     
   8.74419000000000        38.4235853546584     
   8.75504000000000        38.9780884420353     
   8.76589000000000        38.2343139486619     
   8.77674000000000        36.2076077494394     
   8.78758000000000        34.0560045408879     
   8.79842000000000        32.3955948612643     
   8.80926000000000        31.4954269642930     
   8.82009000000000        31.2065141745217     
   8.83092000000000        31.0372385905794     
   8.84175000000000        30.8506297944477     
   8.85257000000000        29.9369625271152     
   8.86339000000000        28.2853100350418     
   8.87421000000000        25.9276834868232     
   8.88502000000000        23.7395872245456     
   8.89583000000000        22.6332352882901     
   8.90664000000000        22.4093560142436     
   8.91745000000000        22.4832967419768     
   8.92825000000000        22.6518735943485     
   8.93905000000000        22.7557245847116     
   8.94984000000000        22.8131861356606     
   8.96063000000000        22.8040625896098     
   8.97142000000000        22.6833566676677     
   8.98221000000000        22.6393113707466     
   8.99299000000000        22.6632498118111     
   9.00377000000000        22.7421655844385     
   9.01455000000000        22.9288470175617     
   9.02532000000000        22.7472190391917     
   9.03609000000000        21.7456384976341     
   9.04686000000000        20.2948282753987     
   9.05762000000000        18.7890843183582     
   9.06838000000000        17.8079751183549     
   9.07914000000000        17.2368389223820     
   9.08989000000000        16.7347926425758     
   9.10064000000000        16.3986688537709     
   9.11139000000000        16.4382228220592     
   9.12214000000000        16.4293388815277     
   9.13288000000000        15.9287669632176     
   9.14362000000000        15.2131561777628     
   9.15435000000000        14.8200795264201     
   9.16508000000000        14.5611932345763     
   9.17581000000000        14.3373700002582     
   9.18654000000000        14.2883241301978     
   9.19726000000000        14.2156520781285     
   9.20798000000000        14.2354947768865     
   9.21870000000000        14.5032565846753     
   9.22941000000000        14.9233881787409     
   9.24012000000000        15.3077740644712     
   9.25082000000000        15.4398277849050     
   9.26153000000000        15.6121151565878     
   9.27223000000000        15.9865665717477     
   9.28293000000000        16.4507007077479     
   9.29362000000000        16.8088586413259     
   9.30431000000000        17.2254891374681     
   9.31500000000000        17.4537112519629     
   9.32568000000000        17.2145181212306     
   9.33636000000000        17.0489168940987     
   9.34704000000000        17.0429052496572     
   9.35772000000000        16.8488820927830     
   9.36839000000000        16.3607348808829     
   9.37906000000000        16.0185244189467     
   9.38972000000000        16.1215407625482     
   9.40038000000000        16.4623107418410     
   9.41104000000000        16.9823867467554     
   9.42170000000000        17.4715036247164     
   9.43235000000000        17.9305258374941     
   9.44300000000000        18.5296766395464     
   9.45365000000000        19.1030449158805     
   9.46429000000000        19.4783226538260     
   9.47493000000000        19.7184797695577     
   9.48557000000000        19.7363071399528     
   9.49620000000000        19.7622079464709     
   9.50683000000000        19.9654808353774     
   9.51746000000000        20.2965726424099     
   9.52808000000000        20.5923597964236     
   9.53871000000000        20.6487410386878     
   9.54932000000000        20.5056483473075     
   9.55994000000000        20.1963900748151     
   9.57055000000000        20.0025884742101     
   9.58116000000000        20.4397218219170     
   9.59176000000000        21.4133606175712     
   9.60237000000000        22.4912151018179     
   9.61296000000000        23.6083927025744     
   9.62356000000000        25.1926391025806     
   9.63415000000000        26.9823014227536     
   9.64474000000000        28.4710610948035     
   9.65533000000000        29.5612154014729     
   9.66591000000000        30.0334932751106     
   9.67649000000000        30.0372140922507     
   9.68707000000000        29.7174687559843     
   9.69764000000000        28.8916501769681     
   9.70821000000000        28.5745838364797     
   9.71878000000000        29.1001982111318     
   9.72934000000000        30.3776688679848     
   9.73990000000000        32.1996696526235     
   9.75046000000000        34.2698666521009     
   9.76102000000000        36.5907672448978     
   9.77157000000000        38.6247582994007     
   9.78212000000000        40.1784292385038     
   9.79266000000000        41.6361003864846     
   9.80320000000000        42.4616473367617     
   9.81374000000000        42.4673351150455     
   9.82428000000000        42.3160045156424     
   9.83481000000000        42.2372905684664     
   9.84534000000000        42.5089820860393     
   9.85586000000000        43.5652754079887     
   9.86639000000000        44.5847645099956     
   9.87691000000000        44.8346949113113     
   9.88742000000000        44.1864122051820     
   9.89794000000000        42.8753505599248     
   9.90845000000000        41.5693804374069     
   9.91895000000000        40.3399216058086     
   9.92946000000000        38.9899675178492     
   9.93996000000000        38.5824183648245     
   9.95046000000000        39.7374944123821     
   9.96095000000000        42.2411188948174     
   9.97144000000000        45.0194222027100     
   9.98193000000000        47.1063969291986     
   9.99242000000000        48.4699030122906     
   10.0029000000000        49.2556727500861     
   10.0133800000000        49.1142333452707     
   10.0238500000000        47.9214046847478     
   10.0343200000000        45.9693736196771     
   10.0447900000000        43.8527341555145     
   10.0552600000000        42.2720255882632     
   10.0657200000000        41.4356170760542     
   10.0761800000000        41.3369008185793     
   10.0866400000000        42.2017204248143     
   10.0970900000000        43.7559449205886     
   10.1075400000000        45.5703955510088     
   10.1179900000000        47.6393955709098     
   10.1284300000000        49.7982705926435     
   10.1388700000000        51.5744706378628     
   10.1493100000000        52.5128924585734     
   10.1597400000000        52.8078578947045     
   10.1701700000000        53.3016126927510     
   10.1806000000000        54.3473407963455     
   10.1910300000000        55.1801524699198     
   10.2014500000000        55.4346038411923     
   10.2118700000000        54.8794878503235     
   10.2222800000000        53.7303958470303     
   10.2326900000000        52.4857658913145     
   10.2431000000000        51.2428295040912     
   10.2535100000000        49.4359940185818     
   10.2639100000000        47.5256311247885     
   10.2743100000000        46.3006964814705     
   10.2847100000000        45.6951032559745     
   10.2951000000000        45.2738534473626     
   10.3054900000000        44.9265732235395     
   10.3158800000000        44.5931589441304     
   10.3262600000000        44.3370347290176     
   10.3366400000000        44.0519416529193     
   10.3470200000000        43.5417115918891     
   10.3573900000000        42.9522018185096     
   10.3677600000000        42.1490158065052     
   10.3781300000000        40.7397988372821     
   10.3884900000000        38.5772403491030     
   10.3988600000000        35.6189891158125     
   10.4092100000000        32.5542774672350     
   10.4195700000000        30.0561560371989     
   10.4299200000000        28.4034821611775     
   10.4402700000000        27.4643259416666     
   10.4506100000000        26.9588962429479     
   10.4609600000000        26.6618891697528     
   10.4713000000000        26.7355191042232     
   10.4816300000000        27.2284048397418     
   10.4919600000000        27.9272155115513     
   10.5022900000000        28.4454434989300     
   10.5126200000000        28.5995716707515     
   10.5229400000000        28.6845136050882     
   10.5332600000000        29.0057110610061     
   10.5435800000000        29.5734602727363     
   10.5539000000000        30.3166308891391     
   10.5642100000000        30.9586833386090     
   10.5745100000000        31.0451046547115     
   10.5848200000000        30.5129673770047     
   10.5951200000000        29.5238337806792     
   10.6054200000000        28.1238637773914     
   10.6157100000000        26.4581088970182     
   10.6260000000000        24.6178095284945     
   10.6362900000000        22.4181344793016     
   10.6465800000000        20.0140155686946     
   10.6568600000000        17.9397395640841     
   10.6671400000000        16.6799925458584     
   10.6774100000000        16.1527982021177     
   10.6876900000000        15.9852620415268     
   10.6979600000000        16.0275564145370     
   10.7082200000000        16.1819874637429     
   10.7184900000000        16.5053706209609     
   10.7287500000000        16.9597655354509     
   10.7390000000000        17.3039155382036     
   10.7492600000000        17.3386802924251     
   10.7595100000000        17.1125196568612     
   10.7697500000000        16.7697278598390     
   10.7800000000000        16.4920235526246     
   10.7902400000000        16.3905133693482     
   10.8004800000000        16.3982181879185     
   10.8107100000000        16.3546442648839     
   10.8209400000000        16.2130498811333     
   10.8311700000000        15.9170349238297     
   10.8414000000000        15.5060490301003     
   10.8516200000000        15.2293362546797     
   10.8618400000000        15.1196433134928     
   10.8720500000000        15.0786638441639     
   10.8822700000000        15.0770479135261     
   10.8924800000000        15.1610014536143     
   10.9026800000000        15.4232190361179     
   10.9128800000000        15.8422936486428     
   10.9230800000000        16.2872103760308     
   10.9332800000000        16.5980085357927     
   10.9434700000000        16.6187687121245     
   10.9536600000000        16.2702810389793     
   10.9638500000000        15.6549930209422     
   10.9740400000000        14.9800940081309     
   10.9842200000000        14.4816135068537     
   10.9943900000000        14.2177721326509     
   11.0045700000000        13.9966276379505     
   11.0147400000000        13.6690099337960     
   11.0249100000000        13.2827640483303     
   11.0350700000000        12.9375455340004     
   11.0452300000000        12.6206305868962     
   11.0553900000000        12.2056275168927     
   11.0655500000000        11.7087612654627     
   11.0757000000000        11.1803856999151     
   11.0858500000000        10.7137575651253     
   11.0960000000000        10.4190927445865     
   11.1061400000000        10.3075734496556     
   11.1162800000000        10.2722352217118     
   11.1264200000000        10.2923441545944     
   11.1365500000000        10.4603003456220     
   11.1466800000000        10.7645876155589     
   11.1568100000000        11.0503960969805     
   11.1669300000000        11.2706020034829     
   11.1770500000000        11.5274655997920     
   11.1871700000000        11.8498242676799     
   11.1972800000000        12.1441441031188     
   11.2073900000000        12.2991703297858     
   11.2175000000000        12.4150090720969     
   11.2276100000000        12.6668377575794     
   11.2377100000000        13.0834702554430     
   11.2478100000000        13.6487657722587     
   11.2579000000000        14.3241832724038     
   11.2679900000000        14.9525422922322     
   11.2780800000000        15.4212964342647     
   11.2881700000000        15.8072887644997     
   11.2982500000000        16.1323187180461     
   11.3083300000000        16.3971586995316     
   11.3184100000000        16.6508651899788     
   11.3284800000000        16.9118842314739     
   11.3385500000000        17.2236267660578     
   11.3486200000000        17.6017595137070     
   11.3586800000000        18.0050041334547     
   11.3687400000000        18.3814641120543     
   11.3788000000000        18.6307084730922     
   11.3888500000000        18.6906356691460     
   11.3989000000000        18.6525629451407     
   11.4089500000000        18.6077543533224     
   11.4189900000000        18.5084090129592     
   11.4290400000000        18.1992533613537     
   11.4390700000000        17.6659666369478     
   11.4491100000000        17.1899400407430     
   11.4591400000000        17.0056055290124     
   11.4691700000000        17.1056290798669     
   11.4792000000000        17.3423865765585     
   11.4892200000000        17.5793857117390     
   11.4992400000000        17.7996627424688     
   11.5092500000000        18.0468082598393     
   11.5192700000000        18.3828900371049     
   11.5292800000000        18.7707805306656     
   11.5392800000000        19.1331605335784     
   11.5492900000000        19.4922776717908     
   11.5592900000000        19.9328764244874     
   11.5692800000000        20.5089441023108     
   11.5792800000000        21.1964035383901     
   11.5892700000000        21.9057640945290     
   11.5992600000000        22.5339629939180     
   11.6092400000000        23.0135140979559     
   11.6192200000000        23.3152188495393     
   11.6292000000000        23.5545991211770     
   11.6391700000000        23.9098113788160     
   11.6491500000000        24.4480924782269     
   11.6591200000000        25.1270744901854     
   11.6690800000000        25.8013977550332     
   11.6790400000000        26.3466140340940     
   11.6890000000000        26.8207814507691     
   11.6989600000000        27.3273660254144     
   11.7089100000000        27.8866970947815     
   11.7188600000000        28.4594763084851     
   11.7288100000000        29.0520865731487     
   11.7387500000000        29.7478412079255     
   11.7486900000000        30.5705654151026     
   11.7586300000000        31.4746532018828     
   11.7685600000000        32.3462640645941     
   11.7784900000000        33.0798086406918     
   11.7884200000000        33.6745385981970     
   11.7983400000000        34.0907221591673     
   11.8082600000000        34.3057158663931     
   11.8181800000000        34.3157011784162     
   11.8281000000000        34.0465070630808     
   11.8380100000000        33.5627599548812     
   11.8479200000000        33.0813412260866     
   11.8578200000000        32.8164622579412     
   11.8677200000000        32.7729595009093     
   11.8776200000000        32.7464650090273     
   11.8875200000000        32.5788720994603     
   11.8974100000000        32.2814487541920     
   11.9073000000000        31.9087277799967     
   11.9171900000000        31.5063793814589     
   11.9270700000000        31.1958726698775     
   11.9369500000000        31.0849880449203     
   11.9468300000000        31.1743427502630     
   11.9567000000000        31.3574029277618     
   11.9665700000000        31.5257709843403     
   11.9764400000000        31.7097714295904     
   11.9863000000000        32.0519429657281     
   11.9961600000000        32.6179430025789     
   12.0060200000000        33.2960244797544     
   12.0158700000000        34.0245903876103     
   12.0257300000000        34.8915879271393     
   12.0355700000000        35.9430945175801     
   12.0454200000000        37.1332900568978     
   12.0552600000000        38.3993366532611     
   12.0651000000000        39.7659690638586     
   12.0749400000000        41.2391045458217     
   12.0847700000000        42.6855646328514     
   12.0946000000000        43.9910648465552     
   12.1044200000000        45.1390075777876     
   12.1142500000000        46.2227482130483     
   12.1240700000000        47.3693789786624     
   12.1338800000000        48.5152869033055     
   12.1437000000000        49.3431495757353     
   12.1535100000000        49.6373283950168     
   12.1633100000000        49.5545805864492     
   12.1731200000000        49.4084035700042     
   12.1829200000000        49.3711499306455     
   12.1927200000000        49.5005996736454     
   12.2025100000000        49.8633513476935     
   12.2123000000000        50.4148827008007     
   12.2220900000000        50.9827278605727     
   12.2318700000000        51.4699235973296     
   12.2416600000000        51.9307267395947     
   12.2514300000000        52.4046864326893     
   12.2612100000000        52.8594073565304     
   12.2709800000000        53.2039105015743     
   12.2807500000000        53.2765654709700     
   12.2905200000000        53.0686424057717     
   12.3002800000000        52.8557649562568     
   12.3100400000000        52.8728158262603     
   12.3198000000000        53.1009944423746     
   12.3295500000000        53.3093358197442     
   12.3393000000000        53.3334838192465     
   12.3490500000000        53.2860221448111     
   12.3587900000000        53.3293532253909     
   12.3685300000000        53.4451725754374     
   12.3782700000000        53.5013140493264     
   12.3880000000000        53.4434532137902     
   12.3977300000000        53.3374898438707     
   12.4074600000000        53.2688564325748     
   12.4171800000000        53.2226852982217     
   12.4269100000000        53.1843463314028     
   12.4366200000000        53.2111110182340     
   12.4463400000000        53.2748654106752     
   12.4560500000000        53.2699057861305     
   12.4657600000000        53.1325058450587     
   12.4754700000000        52.9174472490377     
   12.4851700000000        52.7590528683592     
   12.4948700000000        52.7206864970870     
   12.5045600000000        52.7541993149300     
   12.5142600000000        52.7833687227082     
   12.5239500000000        52.8279597083590     
   12.5336300000000        53.0288898096008     
   12.5433200000000        53.4979557018439     
   12.5530000000000        54.2381284185487     
   12.5626800000000        55.1764385209558     
   12.5723500000000        56.1467997205025     
   12.5820200000000        57.0227526773654     
   12.5916900000000        57.8580242012091     
   12.6013500000000        58.7417635663424     
   12.6110100000000        59.6653773035579     
   12.6206700000000        60.5995962201394     
   12.6303300000000        61.5671405241051     
   12.6399800000000        62.5896375020196     
   12.6496300000000        63.6150893795302     
   12.6592700000000        64.6049741502296     
   12.6689200000000        65.5839360627891     
   12.6785500000000        66.5818430294016     
   12.6881900000000        67.6346005649455     
   12.6978200000000        68.7436103940775     
   12.7074500000000        69.8646137868216     
   12.7170800000000        70.9864097461247     
   12.7267000000000        72.2154034705524     
   12.7363200000000        73.6564452106880     
   12.7459400000000        75.1781759993710     
   12.7555500000000        76.5221906065770     
   12.7651600000000        77.6004684319279     
   12.7747700000000        78.4908307781606     
   12.7843800000000        79.2962214324934     
   12.7939800000000        80.0545888014697     
   12.8035800000000        80.6997040196563     
   12.8131700000000        81.1621843928423     
   12.8227600000000        81.4556515664687     
   12.8323500000000        81.6862210661951     
   12.8419400000000        82.0050360352698     
   12.8515200000000        82.5213224430153     
   12.8611000000000        83.2833219870308     
   12.8706700000000        84.2732068120574     
   12.8802500000000        85.3991137457528     
   12.8898100000000        86.4842614439240     
   12.8993800000000        87.3731078556806     
   12.9089400000000        88.0896255097462     
   12.9185000000000        88.7834054695159     
   12.9280600000000        89.4964973729549     
   12.9376100000000        90.1267266144658     
   12.9471700000000        90.5687607571942     
   12.9567100000000        90.8023991285907     
   12.9662600000000        90.8617051272971     
   12.9758000000000        90.7977076055909     
   12.9853400000000        90.7352205766076     
   12.9948700000000        90.8538922494911     
   13.0044000000000        91.2517426432569     
   13.0139300000000        91.9207155587965     
   13.0234600000000        92.7653714811304     
   13.0329800000000        93.5839261692625     
   13.0425000000000        94.1688803375280     
   13.0520100000000        94.4462409651191     
   13.0615200000000        94.5153584278724     
   13.0710300000000        94.5779735553532     
   13.0805400000000        94.7881308887456     
   13.0900400000000        95.0866735430192     
   13.0995400000000        95.2396960665015     
   13.1090400000000        95.1662341042092     
   13.1185300000000        95.0661240179418     
   13.1280200000000        95.0790834775209     
   13.1375100000000        95.0829849108719     
   13.1469900000000        94.8805067229698     
   13.1564700000000        94.3693391740908     
   13.1659500000000        93.6000468387638     
   13.1754300000000        92.7874131774972     
   13.1849000000000        92.1997672692344     
   13.1943700000000        91.9783419244264     
   13.2038300000000        92.0498022696714     
   13.2132900000000        92.1957589993115     
   13.2227500000000        92.2187661622486     
   13.2322100000000        92.0122065162825     
   13.2416600000000        91.5124921991491     
   13.2511100000000        90.7542899048797     
   13.2605500000000        89.9185436286610     
   13.2700000000000        89.2391570239633     
   13.2794400000000        88.9232325197734     
   13.2888700000000        89.0779552148855     
   13.2983100000000        89.6406353025236     
   13.3077400000000        90.4191142079376     
   13.3171600000000        91.2380295311170     
   13.3265900000000        91.9721537466594     
   13.3360100000000        92.5091490465277     
   13.3454300000000        92.7865564842870     
   13.3548400000000        92.8179517644562     
   13.3642500000000        92.6776173244198     
   13.3736600000000        92.4302963473901     
   13.3830600000000        92.0521122653791     
   13.3924700000000        91.4788998538573     
   13.4018600000000        90.7183819308131     
   13.4112600000000        89.8698159299352     
   13.4206500000000        89.0874084574085     
   13.4300400000000        88.5038761808317     
   13.4394300000000        88.1741225253572     
   13.4488100000000        88.0742070661813     
   13.4581900000000        88.1562609938064     
   13.4675600000000        88.3654524343575     
   13.4769400000000        88.6563395728640     
   13.4863100000000        89.0699146289763     
   13.4956700000000        89.7331875328652     
   13.5050400000000        90.7656357390251     
   13.5144000000000        92.1781813908286     
   13.5237600000000        93.8319144045001     
   13.5331100000000        95.4920966383799     
   13.5424600000000        96.9912155524616     
   13.5518100000000        98.3461521599236     
   13.5611500000000        99.6983073780088     
   13.5704900000000        101.170046572839     
   13.5798300000000        102.760445707819     
   13.5891700000000        104.320847015416     
   13.5985000000000        105.642473171166     
   13.6078300000000        106.602384070725     
   13.6171500000000        107.194295313417     
   13.6264800000000        107.466781350918     
   13.6358000000000        107.499260930541     
   13.6451100000000        107.426549687279     
   13.6544200000000        107.405302365821     
   13.6637300000000        107.572926627965     
   13.6730400000000        108.018352422069     
   13.6823400000000        108.760746033927     
   13.6916400000000        109.759805886922     
   13.7009400000000        110.891767368470     
   13.7102400000000        111.954046692344     
   13.7195300000000        112.810043223071     
   13.7288100000000        113.485806440597     
   13.7381000000000        114.034529600935     
   13.7473800000000        114.398319431836     
   13.7566600000000        114.459484352858     
   13.7659300000000        114.138739042327     
   13.7752000000000        113.456093483973     
   13.7844700000000        112.533027288142     
   13.7937400000000        111.481144368864     
   13.8030000000000        110.316459328877     
   13.8122600000000        109.035285622061     
   13.8215200000000        107.681770855190     
   13.8307700000000        106.302639748355     
   13.8400200000000        104.939519317994     
   13.8492600000000        103.671279629932     
   13.8585100000000        102.583827758150     
   13.8677500000000        101.702928732045     
   13.8769800000000        100.938680451192     
   13.8862200000000        100.168659581243     
   13.8954500000000        99.3638571156959     
   13.9046800000000        98.5946273126867     
   13.9139000000000        97.9649637840473     
   13.9231200000000        97.5101315916947     
   13.9323400000000        97.1445114520335     
   13.9415500000000        96.7222489450084     
   13.9507700000000        96.1614970148031     
   13.9599700000000        95.5221389120071     
   13.9691800000000        94.9251770248499     
   13.9783800000000        94.3981296227614     
   13.9875800000000        93.8324378182556     
   13.9967800000000        93.1288306421702     
   14.0059700000000        92.2936754471367     
   14.0151600000000        91.3988109093376     
   14.0243400000000        90.5389028609396     
   14.0335300000000        89.7867898530408     
   14.0427100000000        89.1546055796346     
   14.0518800000000        88.5922771868208     
   14.0610600000000        88.0250653754995     
   14.0702300000000        87.3791999584795     
   14.0794000000000        86.5843675780750     
   14.0885600000000        85.5859163935530     
   14.0977200000000        84.3824320323705     
   14.1068800000000        83.0635211726150     
   14.1160300000000        81.7513507002027     
   14.1251800000000        80.5070732584832     
   14.1343300000000        79.3439673643534     
   14.1434800000000        78.2816830986937     
   14.1526200000000        77.3525707261224     
   14.1617600000000        76.5776877814017     
   14.1708900000000        75.9741994711053     
   14.1800300000000        75.5428824088870     
   14.1891500000000        75.2347408525789     
   14.1982800000000        74.9445194714094     
   14.2074000000000        74.5643735356097     
   14.2165200000000        74.0354733184073     
   14.2256400000000        73.3762466494075     
   14.2347500000000        72.6625462142618     
   14.2438600000000        71.9747447077819     
   14.2529700000000        71.3802378872331     
   14.2620700000000        70.9572152899627     
   14.2711800000000        70.8008716003825     
   14.2802700000000        70.9774185053923     
   14.2893700000000        71.4757203002920     
   14.2984600000000        72.2165079793164     
   14.3075500000000        73.0884218979029     
   14.3166300000000        73.9736891147752     
   14.3257100000000        74.7855636795689     
   14.3347900000000        75.4808639637145     
   14.3438700000000        76.0391043139831     
   14.3529400000000        76.4567287910375     
   14.3620100000000        76.7725055764220     
   14.3710700000000        77.0350936753636     
   14.3801400000000        77.2626285398627     
   14.3892000000000        77.4824026252207     
   14.3982500000000        77.7591252651738     
   14.4073100000000        78.1275381405663     
   14.4163600000000        78.5454487999983     
   14.4254000000000        78.9463912402448     
   14.4344500000000        79.3009748123488     
   14.4434900000000        79.6199123717775     
   14.4525200000000        79.9240591102197     
   14.4615600000000        80.2108190787351     
   14.4705900000000        80.4432173842464     
   14.4796200000000        80.5575378048161     
   14.4886400000000        80.4806216367323     
   14.4976600000000        80.1831068229762     
   14.5066800000000        79.7182116888939     
   14.5157000000000        79.1892784086886     
   14.5247100000000        78.6899452032802     
   14.5337200000000        78.2740294899133     
   14.5427200000000        77.9497370631464     
   14.5517300000000        77.6612516587480     
   14.5607300000000        77.3068937918361     
   14.5697200000000        76.8258830545803     
   14.5787100000000        76.2726837225216     
   14.5877000000000        75.7727353750707     
   14.5966900000000        75.4153261097979     
   14.6056700000000        75.2172774700658     
   14.6146600000000        75.1753208235384     
   14.6236300000000        75.3138643582411     
   14.6326100000000        75.6541437916761     
   14.6415800000000        76.1486058007936     
   14.6505400000000        76.6755571133503     
   14.6595100000000        77.1104114885315     
   14.6684700000000        77.4048280570404     
   14.6774300000000        77.6139561493870     
   14.6863800000000        77.8452977486155     
   14.6953400000000        78.1858955695253     
   14.7042800000000        78.6631496237277     
   14.7132300000000        79.2666456126255     
   14.7221700000000        79.9698902931241     
   14.7311100000000        80.7332965368831     
   14.7400500000000        81.4735844793197     
   14.7489800000000        82.0523510050880     
   14.7579100000000        82.3355339546930     
   14.7668400000000        82.2924326712968     
   14.7757600000000        82.0305221232788     
   14.7846800000000        81.7033011772247     
   14.7936000000000        81.3973127523966     
   14.8025100000000        81.1264719609009     
   14.8114200000000        80.9058541246918     
   14.8203300000000        80.7763656018287     
   14.8292300000000        80.7651547725861     
   14.8381300000000        80.8815833475089     
   14.8470300000000        81.1456818593963     
   14.8559300000000        81.5730507973384     
   14.8648200000000        82.1273742200938     
   14.8737100000000        82.7090716467577     
   14.8825900000000        83.1965691378858     
   14.8914700000000        83.5048211831357     
   14.9003500000000        83.5898596258629     
   14.9092300000000        83.4247363355659     
   14.9181000000000        83.0060732767884     
   14.9269700000000        82.3778397360804     
   14.9358400000000        81.6272667200533     
   14.9447000000000        80.8476304190991     
   14.9535600000000        80.0973132174695     
   14.9624200000000        79.3995075708943     
   14.9712700000000        78.7725396814211     
   14.9801200000000        78.2494591872414     
   14.9889700000000        77.8726307326999     
   14.9978100000000        77.6748034790554     
   15.0066500000000        77.6589184657204     
   15.0154900000000        77.7826379311256     
   15.0243300000000        77.9696332552911     
   15.0331600000000        78.1562508070218     
   15.0419900000000        78.3410262726760     
   15.0508100000000        78.5968153717320     
   15.0596300000000        79.0334331917425     
   15.0684500000000        79.7352601684064     
   15.0772700000000        80.7324382837545     
   15.0860800000000        82.0097070372358     
   15.0948900000000        83.5084970795727     
   15.1037000000000        85.1038221952434     
   15.1125000000000        86.6258954158227     
   15.1213000000000        87.9444356649022     
   15.1301000000000        89.0289565931621     
   15.1388900000000        89.9363246823557     
   15.1476800000000        90.7455873241859     
   15.1564700000000        91.5078649799999     
   15.1652500000000        92.2464995618360     
   15.1740300000000        92.9758684101149     
   15.1828100000000        93.7061957859777     
   15.1915800000000        94.4425036288090     
   15.2003500000000        95.1913168086470     
   15.2091200000000        95.9705034602936     
   15.2178900000000        96.8116800705964     
   15.2266500000000        97.7333294861910     
   15.2354100000000        98.7198488140190     
   15.2441600000000        99.7416146498212     
   15.2529200000000        100.813810479713     
   15.2616700000000        102.002593986598     
   15.2704100000000        103.391697235729     
   15.2791500000000        105.037797339320     
   15.2878900000000        106.954787570161     
   15.2966300000000        109.119690622485     
   15.3053600000000        111.462185577389     
   15.3140900000000        113.857414126162     
   15.3228200000000        116.139266269110     
   15.3315400000000        118.171060458635     
   15.3402600000000        119.921077231873     
   15.3489800000000        121.459073974903     
   15.3577000000000        122.901837557296     
   15.3664100000000        124.350257114181     
   15.3751200000000        125.851374379821     
   15.3838200000000        127.352266273537     
   15.3925200000000        128.696743718485     
   15.4012200000000        129.675870414856     
   15.4099200000000        130.124172139519     
   15.4186100000000        129.984869929028     
   15.4273000000000        129.308049282294     
   15.4359800000000        128.209326021887     
   15.4446700000000        126.834796066385     
   15.4533400000000        125.361195893122     
   15.4620200000000        123.948643872784     
   15.4706900000000        122.705129692397     
   15.4793600000000        121.653209432909     
   15.4880300000000        120.775828692638     
   15.4966900000000        120.062558090351     
   15.5053500000000        119.509322233459     
   15.5140100000000        119.083646385455     
   15.5226700000000        118.690287527046     
   15.5313200000000        118.193166381995     
   15.5399600000000        117.494627294157     
   15.5486100000000        116.598601954122     
   15.5572500000000        115.599199928446     
   15.5658900000000        114.602698899188     
   15.5745200000000        113.687343220805     
   15.5831600000000        112.905461141662     
   15.5917900000000        112.308291752869     
   15.6004100000000        111.924469606098     
   15.6090300000000        111.727022269995     
   15.6176500000000        111.632284695903     
   15.6262700000000        111.546477777008     
   15.6348800000000        111.413106804111     
   15.6434900000000        111.211617357693     
   15.6521000000000        110.920880284876     
   15.6607000000000        110.494727343071     
   15.6693000000000        109.875000447482     
   15.6779000000000        109.031259337666     
   15.6864900000000        107.990148778148     
   15.6950800000000        106.833070298508     
   15.7036700000000        105.681133829160     
   15.7122600000000        104.665264651448     
   15.7208400000000        103.891341781288     
   15.7294100000000        103.405164700963     
   15.7379900000000        103.181792908002     
   15.7465600000000        103.145499794675     
   15.7551300000000        103.206424940496     
   15.7637000000000        103.300472996825     
   15.7722600000000        103.405668856926     
   15.7808200000000        103.530404948754     
   15.7893700000000        103.685463250062     
   15.7979300000000        103.864036257575     
   15.8064700000000        104.040637904594     
   15.8150200000000        104.189152813216     
   15.8235600000000        104.289240741112     
   15.8321000000000        104.325665485277     
   15.8406400000000        104.293052272267     
   15.8491800000000        104.205381448822     
   15.8577100000000        104.089045434959     
   15.8662300000000        103.968647238878     
   15.8747600000000        103.867321607788     
   15.8832800000000        103.815118350712     
   15.8918000000000        103.845255613539     
   15.9003100000000        103.981801894667     
   15.9088200000000        104.228410022199     
   15.9173300000000        104.566891999499     
   15.9258400000000        104.971349620938     
   15.9343400000000        105.428125919545     
   15.9428400000000        105.942901183242     
   15.9513300000000        106.523588280309     
   15.9598300000000        107.168295219893     
   15.9683100000000        107.862068324292     
   15.9768000000000        108.601191214758     
   15.9852800000000        109.397557548968     
   15.9937600000000        110.285186054138     
   16.0022400000000        111.301763947414     
   16.0107100000000        112.465540543760     
   16.0191800000000        113.759027511248     
   16.0276500000000        115.116429262667     
   16.0361200000000        116.437082203084     
   16.0445800000000        117.612728028439     
   16.0530300000000        118.554833381190     
   16.0614900000000        119.203622106425     
   16.0699400000000        119.525533940789     
   16.0783900000000        119.516836588256     
   16.0868300000000        119.186218503225     
   16.0952800000000        118.532805765251     
   16.1037100000000        117.543494431667     
   16.1121500000000        116.200410383721     
   16.1205800000000        114.522670370770     
   16.1290100000000        112.570565073326     
   16.1374400000000        110.435348870370     
   16.1458600000000        108.208029896163     
   16.1542800000000        105.950724819636     
   16.1627000000000        103.705928747723     
   16.1711100000000        101.507848835614     
   16.1795200000000        99.3826582971368     
   16.1879300000000        97.3598107923216     
   16.1963300000000        95.4712164572486     
   16.2047300000000        93.7402178866252     
   16.2131300000000        92.1811404361212     
   16.2215200000000        90.7889031912750     
   16.2299100000000        89.5275920603247     
   16.2383000000000        88.3397030378043     
   16.2466900000000        87.1595844221336     
   16.2550700000000        85.9338729806606     
   16.2634500000000        84.6303410531765     
   16.2718200000000        83.2483614122679     
   16.2802000000000        81.8074627236196     
   16.2885600000000        80.3479661900168     
   16.2969300000000        78.8924445445856     
   16.3052900000000        77.4513209778299     
   16.3136500000000        76.0136633960770     
   16.3220100000000        74.5721251526536     
   16.3303600000000        73.1376316428258     
   16.3387100000000        71.7351741497593     
   16.3470600000000        70.3991842290383     
   16.3554000000000        69.1615284209363     
   16.3637400000000        68.0389793464216     
   16.3720800000000        67.0323419671674     
   16.3804200000000        66.1182883172656     
   16.3887500000000        65.2481091171330     
   16.3970700000000        64.3589246303136     
   16.4054000000000        63.4008948465901     
   16.4137200000000        62.3684926097092     
   16.4220400000000        61.2955126935002     
   16.4303500000000        60.2443586388548     
   16.4386700000000        59.2792719654112     
   16.4469700000000        58.4597333982792     
   16.4552800000000        57.8159319360772     
   16.4635800000000        57.3498856396485     
   16.4718800000000        57.0257653859522     
   16.4801800000000        56.7867120195555     
   16.4884700000000        56.5822126225209     
   16.4967600000000        56.3916491223625     
   16.5050500000000        56.2262681750853     
   16.5133300000000        56.1094732510130     
   16.5216100000000        56.0565805240338     
   16.5298900000000        56.0695954748334     
   16.5381600000000        56.1414964248463     
   16.5464300000000        56.2621721459464     
   16.5547000000000        56.4203675760830     
   16.5629700000000        56.6014516952313     
   16.5712300000000        56.7829501666604     
   16.5794900000000        56.9342851234623     
   16.5877400000000        57.0219626740960     
   16.5959900000000        57.0200479586383     
   16.6042400000000        56.9156183997734     
   16.6124900000000        56.7068155474638     
   16.6207300000000        56.3967625813720     
   16.6289700000000        55.9885340615355     
   16.6372000000000        55.4865712382199     
   16.6454400000000        54.8946638046976     
   16.6536700000000        54.2213259144032     
   16.6618900000000        53.4782266529076     
   16.6701200000000        52.6823314569319     
   16.6783400000000        51.8636462977948     
   16.6865500000000        51.0587167146167     
   16.6947700000000        50.3059662157122     
   16.7029800000000        49.6441217948610     
   16.7111900000000        49.0988716080501     
   16.7193900000000        48.6836725112846     
   16.7275900000000        48.3976185581213     
   16.7357900000000        48.2299058118541     
   16.7439800000000        48.1612373035874     
   16.7521800000000        48.1643487844541     
   16.7603600000000        48.2063316858855     
   16.7685500000000        48.2563335404722     
   16.7767300000000        48.2983136613605     
   16.7849100000000        48.3419435542790     
   16.7930900000000        48.4204857960090     
   16.8012600000000        48.5744151077666     
   16.8094300000000        48.8299204982988     
   16.8175900000000        49.1823875070494     
   16.8257600000000        49.5947698662982     
   16.8339200000000        50.0012145805498     
   16.8420700000000        50.3227029123912     
   16.8502300000000        50.4834178322479     
   16.8583800000000        50.4290802241832     
   16.8665300000000        50.1454379550811     
   16.8746700000000        49.6612255437854     
   16.8828100000000        49.0331171843873     
   16.8909500000000        48.3238160355731     
   16.8990800000000        47.5812710960503     
   16.9072100000000        46.8235211100336     
   16.9153400000000        46.0411431221726     
   16.9234700000000        45.2079850756286     
   16.9315900000000        44.3006995126729     
   16.9397100000000        43.3111958541072     
   16.9478200000000        42.2568663055398     
   16.9559400000000        41.1703454649938     
   16.9640500000000        40.1001871674222     
   16.9721500000000        39.0943013796590     
   16.9802600000000        38.1929648106357     
   16.9883600000000        37.4291328837302     
   16.9964500000000        36.8159733553019     
   17.0045500000000        36.3469383308611     
   17.0126400000000        36.0019800505450     
   17.0207200000000        35.7495205003286     
   17.0288100000000        35.5559835013734     
   17.0368900000000        35.3947800754908     
   17.0449700000000        35.2484420791418     
   17.0530400000000        35.1084334486013     
   17.0611100000000        34.9691118900649     
   17.0691800000000        34.8227753363217     
