   7.15970000000000       0.150177212147147     
   7.17100000000000       0.155854532559945     
   7.18231000000000       0.168660678800620     
   7.19360000000000       0.166744866779792     
   7.20490000000000       0.166964455642088     
   7.21619000000000       0.166656611283583     
   7.22748000000000       0.157549525837733     
   7.23877000000000       0.160213922328474     
   7.25005000000000       0.161976372220350     
   7.26133000000000       0.169508336705319     
   7.27261000000000       0.168892348816787     
   7.28388000000000       0.163441620030306     
   7.29515000000000       0.184824479996026     
   7.30642000000000       0.216109532660103     
   7.31768000000000       0.244051287299451     
   7.32894000000000       0.266694171143942     
   7.34020000000000       0.276131405783672     
   7.35146000000000       0.258613589286598     
   7.36271000000000       0.223280940863351     
   7.37396000000000       0.219215134901106     
   7.38520000000000       0.237831449255537     
   7.39644000000000       0.232098404877877     
   7.40768000000000       0.235444301827050     
   7.41892000000000       0.251639269723877     
   7.43015000000000       0.280910003349789     
   7.44138000000000       0.331520015805618     
   7.45261000000000       0.395475085593441     
   7.46383000000000       0.397689757351668     
   7.47505000000000       0.371389558957261     
   7.48626000000000       0.378226815253575     
   7.49748000000000       0.438111236886785     
   7.50869000000000       0.490009907034442     
   7.51990000000000       0.532887145050292     
   7.53110000000000       0.568112356025559     
   7.54230000000000       0.563041500244023     
   7.55350000000000       0.555080661629910     
   7.56469000000000       0.592065054413968     
   7.57588000000000       0.669844865418329     
   7.58707000000000       0.779112658799709     
   7.59826000000000       0.834379345597957     
   7.60944000000000       0.859819256526454     
   7.62062000000000       0.887036761574827     
   7.63179000000000       0.916106446335140     
   7.64296000000000       0.947357185273728     
   7.65413000000000       0.966639859798673     
   7.66530000000000       0.837726799331827     
   7.67646000000000       0.714060419027738     
   7.68762000000000       0.690202460514245     
   7.69878000000000       0.731623353032763     
   7.70993000000000       0.839611302897103     
   7.72108000000000       0.964040501527391     
   7.73223000000000        1.06944605449060     
   7.74337000000000        1.07950776544181     
   7.75451000000000        1.14551493720095     
   7.76565000000000        1.25588614880027     
   7.77678000000000        1.32836169423856     
   7.78791000000000        1.32356313063387     
   7.79904000000000        1.31223560366471     
   7.81017000000000        1.34604429063993     
   7.82129000000000        1.41174961679473     
   7.83241000000000        1.50441202741154     
   7.84352000000000        1.56768321507435     
   7.85463000000000        1.57889663947417     
   7.86574000000000        1.44997340655479     
   7.87685000000000        1.28956934036828     
   7.88795000000000        1.21044817521041     
   7.89905000000000        1.24273804448765     
   7.91015000000000        1.32620557853193     
   7.92124000000000        1.37427364795817     
   7.93233000000000        1.42407319128286     
   7.94342000000000        1.46544516303006     
   7.95450000000000        1.48795634631487     
   7.96558000000000        1.54583527391116     
   7.97666000000000        1.63169548985695     
   7.98773000000000        1.65450656822760     
   7.99880000000000        1.56515797123048     
   8.00987000000000        1.44081293811680     
   8.02093000000000        1.40925118609435     
   8.03200000000000        1.44091676667452     
   8.04305000000000        1.54532422317577     
   8.05411000000000        1.64197696391625     
   8.06516000000000        1.72292935822631     
   8.07621000000000        1.79749763144685     
   8.08726000000000        1.80101462012949     
   8.09830000000000        1.79845052484161     
   8.10934000000000        1.84486679681019     
   8.12037000000000        1.95544388013523     
   8.13141000000000        2.05037105236568     
   8.14244000000000        2.08992682944414     
   8.15346000000000        2.11170834435907     
   8.16449000000000        2.09989956849516     
   8.17551000000000        2.06584548682099     
   8.18652000000000        2.03474748523645     
   8.19754000000000        1.99743063265908     
   8.20855000000000        1.86859637128493     
   8.21955000000000        1.62098106144545     
   8.23056000000000        1.36975529458298     
   8.24156000000000        1.25066199655914     
   8.25256000000000        1.24873797395832     
   8.26355000000000        1.30575507472684     
   8.27454000000000        1.38260659568481     
   8.28553000000000        1.44050181907968     
   8.29652000000000        1.46044992584745     
   8.30750000000000        1.50511006869937     
   8.31848000000000        1.58087745524008     
   8.32946000000000        1.68478618229529     
   8.34043000000000        1.77926709424897     
   8.35140000000000        1.84038815294836     
   8.36236000000000        1.83234340100782     
   8.37333000000000        1.73490077913626     
   8.38429000000000        1.67449460797982     
   8.39524000000000        1.72406639257757     
   8.40620000000000        1.84543690020298     
   8.41715000000000        1.97379861757472     
   8.42810000000000        2.12448565040521     
   8.43904000000000        2.21998829447903     
   8.44998000000000        2.16545845967287     
   8.46092000000000        1.99299679403398     
   8.47185000000000        1.91225365282455     
   8.48278000000000        1.96829962215619     
   8.49371000000000        2.10597659763458     
   8.50464000000000        2.25957341264132     
   8.51556000000000        2.36903530598659     
   8.52648000000000        2.39167093997325     
   8.53739000000000        2.26959173300829     
   8.54831000000000        2.21019865182051     
   8.55922000000000        2.23456710031625     
   8.57012000000000        2.30520703711297     
   8.58103000000000        2.40108199777692     
   8.59193000000000        2.52544553693865     
   8.60282000000000        2.56691935883314     
   8.61372000000000        2.41722082686218     
   8.62461000000000        2.17342546913224     
   8.63549000000000        2.01241287376944     
   8.64638000000000        2.01486612289613     
   8.65726000000000        2.12569055296425     
   8.66814000000000        2.35082975982355     
   8.67901000000000        2.61006389912163     
   8.68988000000000        2.73688990670890     
   8.70075000000000        2.72671549125758     
   8.71161000000000        2.73841509442657     
   8.72248000000000        2.81615622074613     
   8.73333000000000        2.92202640648032     
   8.74419000000000        3.02736869215692     
   8.75504000000000        3.04704477627253     
   8.76589000000000        2.96670150421455     
   8.77674000000000        2.80150362956978     
   8.78758000000000        2.65693400539923     
   8.79842000000000        2.53206305643459     
   8.80926000000000        2.45024149398626     
   8.82009000000000        2.43107280387601     
   8.83092000000000        2.47747300849112     
   8.84175000000000        2.54408790491349     
   8.85257000000000        2.55872197181898     
   8.86339000000000        2.43413840783070     
   8.87421000000000        2.21995090680474     
   8.88502000000000        2.05936338438516     
   8.89583000000000        1.97649550345939     
   8.90664000000000        1.90772244810595     
   8.91745000000000        1.83283628904714     
   8.92825000000000        1.85235066808467     
   8.93905000000000        1.93149980191319     
   8.94984000000000        1.97726212703842     
   8.96063000000000        1.98432674103473     
   8.97142000000000        2.00428132602774     
   8.98221000000000        2.07295322408959     
   8.99299000000000        2.17650485911415     
   9.00377000000000        2.25048238649792     
   9.01455000000000        2.26439315653804     
   9.02532000000000        2.29245143553337     
   9.03609000000000        2.30784262830974     
   9.04686000000000        2.22833585089682     
   9.05762000000000        2.03899838936887     
   9.06838000000000        1.82134124942386     
   9.07914000000000        1.65483997701906     
   9.08989000000000        1.60502697801362     
   9.10064000000000        1.71075322737462     
   9.11139000000000        1.96520066845053     
   9.12214000000000        2.24656795838472     
   9.13288000000000        2.41535399841383     
   9.14362000000000        2.48591780735352     
   9.15435000000000        2.74842934762808     
   9.16508000000000        3.05291498731281     
   9.17581000000000        3.18691290601833     
   9.18654000000000        3.17836637978036     
   9.19726000000000        3.04791298939970     
   9.20798000000000        3.04142235116724     
   9.21870000000000        3.25994318260508     
   9.22941000000000        3.60977914051839     
   9.24012000000000        3.77163566916949     
   9.25082000000000        3.69406902457303     
   9.26153000000000        3.62272827219286     
   9.27223000000000        3.60641971314600     
   9.28293000000000        3.64552904165989     
   9.29362000000000        3.62292596593312     
   9.30431000000000        3.66755325846035     
   9.31500000000000        3.74911075056872     
   9.32568000000000        3.67070357148666     
   9.33636000000000        3.59369573353975     
   9.34704000000000        3.53576189563847     
   9.35772000000000        3.46448235826259     
   9.36839000000000        3.33102545068540     
   9.37906000000000        3.22978678748271     
   9.38972000000000        3.34521299133717     
   9.40038000000000        3.58065247179486     
   9.41104000000000        3.87251807650798     
   9.42170000000000        4.18967250374544     
   9.43235000000000        4.48368890142952     
   9.44300000000000        4.86133556585630     
   9.45365000000000        5.27100577895722     
   9.46429000000000        5.74581995139231     
   9.47493000000000        6.08478735581771     
   9.48557000000000        6.06870345767764     
   9.49620000000000        5.94259087543258     
   9.50683000000000        5.99111432834663     
   9.51746000000000        6.29314736035850     
   9.52808000000000        6.42222797311656     
   9.53871000000000        6.21594101655373     
   9.54932000000000        5.83267493276733     
   9.55994000000000        5.48551106681204     
   9.57055000000000        5.42483175702991     
   9.58116000000000        5.71327508056279     
   9.59176000000000        6.20139844268393     
   9.60237000000000        6.56434196856112     
   9.61296000000000        6.73091894085144     
   9.62356000000000        7.06090726927187     
   9.63415000000000        7.42514676648351     
   9.64474000000000        7.56333840144855     
   9.65533000000000        7.58133402409621     
   9.66591000000000        7.49526262651214     
   9.67649000000000        7.34354984940301     
   9.68707000000000        7.05657464457598     
   9.69764000000000        6.53998810190840     
   9.70821000000000        6.28669244207197     
   9.71878000000000        6.40665811197776     
   9.72934000000000        6.73612895809572     
   9.73990000000000        7.15285067254560     
   9.75046000000000        7.46042056656167     
   9.76102000000000        7.90502071977119     
   9.77157000000000        8.57732719623361     
   9.78212000000000        9.20015091763438     
   9.79266000000000        9.76499996345245     
   9.80320000000000        10.1792576743966     
   9.81374000000000        10.3882035224380     
   9.82428000000000        10.6388705127111     
   9.83481000000000        10.8767906601730     
   9.84534000000000        11.0605385779377     
   9.85586000000000        11.1782323858448     
   9.86639000000000        10.8603153558236     
   9.87691000000000        10.2249331475155     
   9.88742000000000        9.54962782993810     
   9.89794000000000        8.92906634227432     
   9.90845000000000        8.48319863861933     
   9.91895000000000        8.12623579178092     
   9.92946000000000        7.67153256937233     
   9.93996000000000        7.31103690452729     
   9.95046000000000        7.25636716447361     
   9.96095000000000        7.50557270688759     
   9.97144000000000        7.79048438796410     
   9.98193000000000        7.95051911776869     
   9.99242000000000        8.04454038190492     
   10.0029000000000        8.11057686354282     
   10.0133800000000        8.05423877787577     
   10.0238500000000        7.91573632045060     
   10.0343200000000        7.77695723438451     
   10.0447900000000        7.70585786083828     
   10.0552600000000        7.75033235456671     
   10.0657200000000        7.77555485858257     
   10.0761800000000        7.72610618750409     
   10.0866400000000        7.77921127387712     
   10.0970900000000        7.96259913275086     
   10.1075400000000        8.33156616508291     
   10.1179900000000        8.88594398765502     
   10.1284300000000        9.47350354671589     
   10.1388700000000        10.0142521324941     
   10.1493100000000        10.4145812020278     
   10.1597400000000        10.7464894957458     
   10.1701700000000        11.1714039786008     
   10.1806000000000        11.6540082928803     
   10.1910300000000        11.9037107728033     
   10.2014500000000        11.8745921809229     
   10.2118700000000        11.5889832861828     
   10.2222800000000        11.1952064799249     
   10.2326900000000        10.8597941481456     
   10.2431000000000        10.7065414795051     
   10.2535100000000        10.6481781263450     
   10.2639100000000        10.5968585865045     
   10.2743100000000        10.5345350328655     
   10.2847100000000        10.4407756193039     
   10.2951000000000        10.3249967452398     
   10.3054900000000        10.1603862598104     
   10.3158800000000        9.95728654569047     
   10.3262600000000        9.68502807228939     
   10.3366400000000        9.37083326629904     
   10.3470200000000        9.14330471351328     
   10.3573900000000        9.03772728794842     
   10.3677600000000        8.95189154587673     
   10.3781300000000        8.79644530884107     
   10.3884900000000        8.55023143022357     
   10.3988600000000        8.19425139862704     
   10.4092100000000        7.88423807587989     
   10.4195700000000        7.71199536700955     
   10.4299200000000        7.65159218478118     
   10.4402700000000        7.66707778907067     
   10.4506100000000        7.77584751209957     
   10.4609600000000        7.97790569418325     
   10.4713000000000        8.34961582805020     
   10.4816300000000        8.86757022657614     
   10.4919600000000        9.38075867449960     
   10.5022900000000        9.74477776116529     
   10.5126200000000        9.93034391277958     
   10.5229400000000        10.1116828205399     
   10.5332600000000        10.3824144705186     
   10.5435800000000        10.7170834774551     
   10.5539000000000        11.0443166423906     
   10.5642100000000        11.1420458149227     
   10.5745100000000        10.8267635283560     
   10.5848200000000        10.1511130214839     
   10.5951200000000        9.25809048020839     
   10.6054200000000        8.30026390254126     
   10.6157100000000        7.43628810111649     
   10.6260000000000        6.66584556528830     
   10.6362900000000        5.89365238113148     
   10.6465800000000        5.08758915421812     
   10.6568600000000        4.34817158155782     
   10.6671400000000        3.80607280030013     
   10.6774100000000        3.48838956087400     
   10.6876900000000        3.34070052809904     
   10.6979600000000        3.32037942891491     
   10.7082200000000        3.39750160442417     
   10.7184900000000        3.58271183957122     
   10.7287500000000        3.84734099288138     
   10.7390000000000        4.11272243352621     
   10.7492600000000        4.35103557147350     
   10.7595100000000        4.53765932994998     
   10.7697500000000        4.65250030456259     
   10.7800000000000        4.75682042005819     
   10.7902400000000        4.94225093173004     
   10.8004800000000        5.14693521828555     
   10.8107100000000        5.22814631939418     
   10.8209400000000        5.15639212209056     
   10.8311700000000        4.91844402885782     
   10.8414000000000        4.55108206195131     
   10.8516200000000        4.21270510531756     
   10.8618400000000        3.97255607270621     
   10.8720500000000        3.80161248946735     
   10.8822700000000        3.66521963595790     
   10.8924800000000        3.55202927446052     
   10.9026800000000        3.49120424811138     
   10.9128800000000        3.48760935779638     
   10.9230800000000        3.54789839603485     
   10.9332800000000        3.64363950941043     
   10.9434700000000        3.70463928047541     
   10.9536600000000        3.67577603449075     
   10.9638500000000        3.58232776315053     
   10.9740400000000        3.47844663565014     
   10.9842200000000        3.37714011321128     
   10.9943900000000        3.26183034672360     
   11.0045700000000        3.11476089753002     
   11.0147400000000        2.93978953716391     
   11.0249100000000        2.78073181818131     
   11.0350700000000        2.66312530811735     
   11.0452300000000        2.56242273300741     
   11.0553900000000        2.44672729583983     
   11.0655500000000        2.30446364899303     
   11.0757000000000        2.16026120139463     
   11.0858500000000        2.04655069604848     
   11.0960000000000        1.97734782057749     
   11.1061400000000        1.94944724577640     
   11.1162800000000        1.95137297798220     
   11.1264200000000        2.00191150075165     
   11.1365500000000        2.13391223384099     
   11.1466800000000        2.34719261675420     
   11.1568100000000        2.58883672110260     
   11.1669300000000        2.77728193182896     
   11.1770500000000        2.86363375127775     
   11.1871700000000        2.88589164887508     
   11.1972800000000        2.92089770022200     
   11.2073900000000        3.00855905900627     
   11.2175000000000        3.16535567354907     
   11.2276100000000        3.37650327879473     
   11.2377100000000        3.58541566693689     
   11.2478100000000        3.75063445104960     
   11.2579000000000        3.88451628456414     
   11.2679900000000        4.01745792876097     
   11.2780800000000        4.16512390227856     
   11.2881700000000        4.35829646360319     
   11.2982500000000        4.59131752386952     
   11.3083300000000        4.82151469609573     
   11.3184100000000        4.99536800706424     
   11.3284800000000        5.06250892166955     
   11.3385500000000        5.08266733033000     
   11.3486200000000        5.16562693932118     
   11.3586800000000        5.33723425856128     
   11.3687400000000        5.53909200729142     
   11.3788000000000        5.65677390703598     
   11.3888500000000        5.60648324787857     
   11.3989000000000        5.44550988919285     
   11.4089500000000        5.26575236709284     
   11.4189900000000        5.07115983869786     
   11.4290400000000        4.82940523402177     
   11.4390700000000        4.54634540658309     
   11.4491100000000        4.28579723234903     
   11.4591400000000        4.11495027781333     
   11.4691700000000        4.04030903439565     
   11.4792000000000        4.03336433622493     
   11.4892200000000        4.07772617766097     
   11.4992400000000        4.15096831186353     
   11.5092500000000        4.21380007170794     
   11.5192700000000        4.29915170392665     
   11.5292800000000        4.45281086741207     
   11.5392800000000        4.66138889548009     
   11.5492900000000        4.92495522866524     
   11.5592900000000        5.27971090294354     
   11.5692800000000        5.73224732955761     
   11.5792800000000        6.25970625507370     
   11.5892700000000        6.83519271919939     
   11.5992600000000        7.42280817827424     
   11.6092400000000        7.94809786766575     
   11.6192200000000        8.33993641066692     
   11.6292000000000        8.62972237244664     
   11.6391700000000        8.92893944590255     
   11.6491500000000        9.34847022534366     
   11.6591200000000        9.93811073066621     
   11.6690800000000        10.5692303291056     
   11.6790400000000        11.0345720955462     
   11.6890000000000        11.3121685484813     
   11.6989600000000        11.5210263653660     
   11.7089100000000        11.7475209248831     
   11.7188600000000        12.0199583312489     
   11.7288100000000        12.3351429682032     
   11.7387500000000        12.6912833191889     
   11.7486900000000        13.1071674332450     
   11.7586300000000        13.5869040462110     
   11.7685600000000        14.0817925925848     
   11.7784900000000        14.5221366188775     
   11.7884200000000        14.8557608320849     
   11.7983400000000        15.0334804685377     
   11.8082600000000        15.0716229092588     
   11.8181800000000        14.9940434985098     
   11.8281000000000        14.7662218257566     
   11.8380100000000        14.4283507847588     
   11.8479200000000        14.1172321206994     
   11.8578200000000        13.9424853549789     
   11.8677200000000        13.8940298809383     
   11.8776200000000        13.8626080285980     
   11.8875200000000        13.7274814778781     
   11.8974100000000        13.4956969289719     
   11.9073000000000        13.2361114524885     
   11.9171900000000        12.9386278718507     
   11.9270700000000        12.5927666983998     
   11.9369500000000        12.2714864209953     
   11.9468300000000        12.0965371800981     
   11.9567000000000        12.1241129011803     
   11.9665700000000        12.2653706621402     
   11.9764400000000        12.3787497318693     
   11.9863000000000        12.4146532596422     
   11.9961600000000        12.4223077378773     
   12.0060200000000        12.4377966726650     
   12.0158700000000        12.5120790584247     
   12.0257300000000        12.7338914284224     
   12.0355700000000        13.1112120615173     
   12.0454200000000        13.5968407797471     
   12.0552600000000        14.1749912572429     
   12.0651000000000        14.8369625971453     
   12.0749400000000        15.5551088398869     
   12.0847700000000        16.2941017428492     
   12.0946000000000        17.0085923880022     
   12.1044200000000        17.6384537019053     
   12.1142500000000        18.1621030465913     
   12.1240700000000        18.5990468378167     
   12.1338800000000        18.9910428741531     
   12.1437000000000        19.3414337927775     
   12.1535100000000        19.5615665211661     
   12.1633100000000        19.5572831483846     
   12.1731200000000        19.3490642973548     
   12.1829200000000        19.0438439333685     
   12.1927200000000        18.7384026599006     
   12.2025100000000        18.5305634549868     
   12.2123000000000        18.4276794570428     
   12.2220900000000        18.2917561097984     
   12.2318700000000        18.0200623667625     
   12.2416600000000        17.6224895280661     
   12.2514300000000        17.1113942897044     
   12.2612100000000        16.5010611474343     
   12.2709800000000        15.8416669648346     
   12.2807500000000        15.1423389826179     
   12.2905200000000        14.4029145937000     
   12.3002800000000        13.6580841310873     
   12.3100400000000        12.9348992801132     
   12.3198000000000        12.2151643822849     
   12.3295500000000        11.4710589498695     
   12.3393000000000        10.7557198148511     
   12.3490500000000        10.1914760259360     
   12.3587900000000        9.83525119414350     
   12.3685300000000        9.61841282528034     
   12.3782700000000        9.43216243751320     
   12.3880000000000        9.25733363726756     
   12.3977300000000        9.16898954185936     
   12.4074600000000        9.19978363347172     
   12.4171800000000        9.28441950165534     
   12.4269100000000        9.34602570332626     
   12.4366200000000        9.36102445650516     
   12.4463400000000        9.35233835759921     
   12.4560500000000        9.36373153432275     
   12.4657600000000        9.43829107619851     
   12.4754700000000        9.59545486804804     
   12.4851700000000        9.81874326575396     
   12.4948700000000        10.0736107308067     
   12.5045600000000        10.3118647407572     
   12.5142600000000        10.4857763750738     
   12.5239500000000        10.6082666536028     
   12.5336300000000        10.7334105442546     
   12.5433200000000        10.8874808764766     
   12.5530000000000        11.0650576837060     
   12.5626800000000        11.2386322490775     
   12.5723500000000        11.3404487255517     
   12.5820200000000        11.3246542657072     
   12.5916900000000        11.2272457473888     
   12.6013500000000        11.0805321869295     
   12.6110100000000        10.8756814241120     
   12.6206700000000        10.6446984652758     
   12.6303300000000        10.4392601662943     
   12.6399800000000        10.2499482422102     
   12.6496300000000        10.0231302546081     
   12.6592700000000        9.74004761986276     
   12.6689200000000        9.43583647087886     
   12.6785500000000        9.15678577786502     
   12.6881900000000        8.91441566202850     
   12.6978200000000        8.69943160353637     
   12.7074500000000        8.51831220854280     
   12.7170800000000        8.40790619225256     
   12.7267000000000        8.40294778895047     
   12.7363200000000        8.49031702939857     
   12.7459400000000        8.59439510478436     
   12.7555500000000        8.63307795675035     
   12.7651600000000        8.59528411968187     
   12.7747700000000        8.52079587083089     
   12.7843800000000        8.43395780638891     
   12.7939800000000        8.33560508440527     
   12.8035800000000        8.22359453163863     
   12.8131700000000        8.10659278030091     
   12.8227600000000        8.00423289063420     
   12.8323500000000        7.93487686169314     
   12.8419400000000        7.90943725256736     
   12.8515200000000        7.94440475188832     
   12.8611000000000        8.05519334479525     
   12.8706700000000        8.22418527331433     
   12.8802500000000        8.40587214735600     
   12.8898100000000        8.56241952400410     
   12.8993800000000        8.68305063949545     
   12.9089400000000        8.77421132870665     
   12.9185000000000        8.83816020098504     
   12.9280600000000        8.86592560073360     
   12.9376100000000        8.85934439663479     
   12.9471700000000        8.83583429948419     
   12.9567100000000        8.80471154567306     
   12.9662600000000        8.76096273893441     
   12.9758000000000        8.71223543512069     
   12.9853400000000        8.69054819665760     
   12.9948700000000        8.73201637511868     
   13.0044000000000        8.85179136045442     
   13.0139300000000        9.03265264022143     
   13.0234600000000        9.22528158718321     
   13.0329800000000        9.36166847169993     
   13.0425000000000        9.39202534428531     
   13.0520100000000        9.32499188849025     
   13.0615200000000        9.22039584525445     
   13.0710300000000        9.13766804364337     
   13.0805400000000        9.10071415497558     
   13.0900400000000        9.09964728188194     
   13.0995400000000        9.11482351300450     
   13.1090400000000        9.15066121490144     
   13.1185300000000        9.23043619380731     
   13.1280200000000        9.34030619760741     
   13.1375100000000        9.41827511165942     
   13.1469900000000        9.41082407130119     
   13.1564700000000        9.31001293823251     
   13.1659500000000        9.14470916058245     
   13.1754300000000        8.96560607970909     
   13.1849000000000        8.82176912459751     
   13.1943700000000        8.73408343665082     
   13.2038300000000        8.68781963306834     
   13.2132900000000        8.64872013761564     
   13.2227500000000        8.58939588506565     
   13.2322100000000        8.49980808710729     
   13.2416600000000        8.38464371050744     
   13.2511100000000        8.26149806312826     
   13.2605500000000        8.15293612852981     
   13.2700000000000        8.07356293820729     
   13.2794400000000        8.03343914095643     
   13.2888700000000        8.04388174700651     
   13.2983100000000        8.10767156666344     
   13.3077400000000        8.21231396417466     
   13.3171600000000        8.33102165286829     
   13.3265900000000        8.42081173769020     
   13.3360100000000        8.44764113815386     
   13.3454300000000        8.41789044755456     
   13.3548400000000        8.36238907007262     
   13.3642500000000        8.30163378840265     
   13.3736600000000        8.22929078568482     
   13.3830600000000        8.12843212884805     
   13.3924700000000        8.00065776190863     
   13.4018600000000        7.86335154284772     
   13.4112600000000        7.72764100840306     
   13.4206500000000        7.59980751817263     
   13.4300400000000        7.48749052888854     
   13.4394300000000        7.39335239080022     
   13.4488100000000        7.31365330571774     
   13.4581900000000        7.25202503679727     
   13.4675600000000        7.22132589596606     
   13.4769400000000        7.22802459949235     
   13.4863100000000        7.26897341646345     
   13.4956700000000        7.34296645220529     
   13.5050400000000        7.45505400915651     
   13.5144000000000        7.60405523170986     
   13.5237600000000        7.77484227769055     
   13.5331100000000        7.94450113374188     
   13.5424600000000        8.09451089819961     
   13.5518100000000        8.22096320046533     
   13.5611500000000        8.33503415769954     
   13.5704900000000        8.45261673972520     
   13.5798300000000        8.58438243291231     
   13.5891700000000        8.72874646246339     
   13.5985000000000        8.87348011326553     
   13.6078300000000        9.00788219506029     
   13.6171500000000        9.12725846264798     
   13.6264800000000        9.22543019393958     
   13.6358000000000        9.28944285696482     
   13.6451100000000        9.31052028802250     
   13.6544200000000        9.29709380774180     
   13.6637300000000        9.27682792532059     
   13.6730400000000        9.27788044654455     
   13.6823400000000        9.31084453973802     
   13.6916400000000        9.37239671172286     
   13.7009400000000        9.45269051191566     
   13.7102400000000        9.54117722998182     
   13.7195300000000        9.63843837857351     
   13.7288100000000        9.75686700055731     
   13.7381000000000        9.90053533951940     
   13.7473800000000        10.0527382851942     
   13.7566600000000        10.1836561845171     
   13.7659300000000        10.2584291457497     
   13.7752000000000        10.2571224315744     
   13.7844700000000        10.1908796154343     
   13.7937400000000        10.0847994141885     
   13.8030000000000        9.95509769894041     
   13.8122600000000        9.81300121417568     
   13.8215200000000        9.67122972567029     
   13.8307700000000        9.53572763029233     
   13.8400200000000        9.40640039538952     
   13.8492600000000        9.28946450808714     
   13.8585100000000        9.19659117477492     
   13.8677500000000        9.13402717635615     
   13.8769800000000        9.09469743259490     
   13.8862200000000        9.06622901016457     
   13.8954500000000        9.04202256704077     
   13.9046800000000        9.02278108445049     
   13.9139000000000        9.01428090830217     
   13.9231200000000        9.01979866052810     
   13.9323400000000        9.03219653106187     
   13.9415500000000        9.03671757528785     
   13.9507700000000        9.02362464712924     
   13.9599700000000        8.99917840831545     
   13.9691800000000        8.97918038866010     
   13.9783800000000        8.96938532567216     
   13.9875800000000        8.96040898783781     
   13.9967800000000        8.94341423807887     
   14.0059700000000        8.91719009916042     
   14.0151600000000        8.88399897036687     
   14.0243400000000        8.85363327183128     
   14.0335300000000        8.84127392999849     
   14.0427100000000        8.85066597473193     
   14.0518800000000        8.86963708199546     
   14.0610600000000        8.88706454056476     
   14.0702300000000        8.90113609836811     
   14.0794000000000        8.90724565181976     
   14.0885600000000        8.88923971806600     
   14.0977200000000        8.83026068684979     
   14.1068800000000        8.72728942368575     
   14.1160300000000        8.59243752513697     
   14.1251800000000        8.44588401545719     
   14.1343300000000        8.31228275491213     
   14.1434800000000        8.21547692675899     
   14.1526200000000        8.16937022315292     
   14.1617600000000        8.17366563677712     
   14.1708900000000        8.22042258561219     
   14.1800300000000        8.29911411508124     
   14.1891500000000        8.39073147523745     
   14.1982800000000        8.46641275120073     
   14.2074000000000        8.49845435418802     
   14.2165200000000        8.47896971353788     
   14.2256400000000        8.42629568283523     
   14.2347500000000        8.37165621631707     
   14.2438600000000        8.33743242982899     
   14.2529700000000        8.32951458521129     
   14.2620700000000        8.34879373749337     
   14.2711800000000        8.40488578147072     
   14.2802700000000        8.50934883300482     
   14.2893700000000        8.65832028826783     
   14.2984600000000        8.82913137509466     
   14.3075500000000        8.99748822166122     
   14.3166300000000        9.15150977902468     
   14.3257100000000        9.29329342939323     
   14.3347900000000        9.42682159882004     
   14.3438700000000        9.54633599489136     
   14.3529400000000        9.64003736413293     
   14.3620100000000        9.70502629794203     
   14.3710700000000        9.74813200098494     
   14.3801400000000        9.77916128981828     
   14.3892000000000        9.81398854372295     
   14.3982500000000        9.87472233068569     
   14.4073100000000        9.97418792590024     
   14.4163600000000        10.1035130591162     
   14.4254000000000        10.2390072683031     
   14.4344500000000        10.3568918313774     
   14.4434900000000        10.4435211396928     
   14.4525200000000        10.4990834173937     
   14.4615600000000        10.5318724939032     
   14.4705900000000        10.5498619281378     
   14.4796200000000        10.5527693320584     
   14.4886400000000        10.5314701554158     
   14.4976600000000        10.4824723491635     
   14.5066800000000        10.4199673236480     
   14.5157000000000        10.3683486170348     
   14.5247100000000        10.3470822584030     
   14.5337200000000        10.3636285426680     
   14.5427200000000        10.4134874903981     
   14.5517300000000        10.4798339809738     
   14.5607300000000        10.5361788672104     
   14.5697200000000        10.5630303194602     
   14.5787100000000        10.5647351652543     
   14.5877000000000        10.5654375322437     
   14.5966900000000        10.5900007385549     
   14.6056700000000        10.6523580680961     
   14.6146600000000        10.7595331122353     
   14.6236300000000        10.9168178783700     
   14.6326100000000        11.1243967360221     
   14.6415800000000        11.3668415242661     
   14.6505400000000        11.6176890393737     
   14.6595100000000        11.8546030230311     
   14.6684700000000        12.0703995493731     
   14.6774300000000        12.2762440951120     
   14.6863800000000        12.4899818848288     
   14.6953400000000        12.7223647034130     
   14.7042800000000        12.9680203932652     
   14.7132300000000        13.2146509087688     
   14.7221700000000        13.4509340157753     
   14.7311100000000        13.6723972045766     
   14.7400500000000        13.8745610117751     
   14.7489800000000        14.0470382457017     
   14.7579100000000        14.1783702090787     
   14.7668400000000        14.2669391260013     
   14.7757600000000        14.3238208714483     
   14.7846800000000        14.3597429130349     
   14.7936000000000        14.3723883929983     
   14.8025100000000        14.3522398339892     
   14.8114200000000        14.2979198795136     
   14.8203300000000        14.2202368890794     
   14.8292300000000        14.1358945986794     
   14.8381300000000        14.0651468561654     
   14.8470300000000        14.0309293359837     
   14.8559300000000        14.0489586057067     
   14.8648200000000        14.1166327465980     
   14.8737100000000        14.2126129748141     
   14.8825900000000        14.3074536885385     
   14.8914700000000        14.3764996937795     
   14.9003500000000        14.4017228339553     
   14.9092300000000        14.3680119940268     
   14.9181000000000        14.2661724291938     
   14.9269700000000        14.0995168087174     
   14.9358400000000        13.8846632359836     
   14.9447000000000        13.6448657719119     
   14.9535600000000        13.4009337013974     
   14.9624200000000        13.1691271505071     
   14.9712700000000        12.9633421610776     
   14.9801200000000        12.7955527551466     
   14.9889700000000        12.6746622161094     
   14.9978100000000        12.6046416590337     
   15.0066500000000        12.5831997360790     
   15.0154900000000        12.6008231646324     
   15.0243300000000        12.6432737290475     
   15.0331600000000        12.6998742083619     
   15.0419900000000        12.7717468229921     
   15.0508100000000        12.8726135861990     
   15.0596300000000        13.0218947947365     
   15.0684500000000        13.2341870903255     
   15.0772700000000        13.5143889533440     
   15.0860800000000        13.8579552639757     
   15.0948900000000        14.2498694951178     
   15.1037000000000        14.6595720608912     
   15.1125000000000        15.0467467303765     
   15.1213000000000        15.3804796390827     
   15.1301000000000        15.6528919751443     
   15.1388900000000        15.8777317734654     
   15.1476800000000        16.0761162997298     
   15.1564700000000        16.2629186084391     
   15.1652500000000        16.4445683991256     
   15.1740300000000        16.6234889410361     
   15.1828100000000        16.8002898239156     
   15.1915800000000        16.9739280272486     
   15.2003500000000        17.1428734971902     
   15.2091200000000        17.3071209099058     
   15.2178900000000        17.4700194638432     
   15.2266500000000        17.6351593872013     
   15.2354100000000        17.8030931034510     
   15.2441600000000        17.9724744479417     
   15.2529200000000        18.1460942841270     
   15.2616700000000        18.3294335422806     
   15.2704100000000        18.5268405076261     
   15.2791500000000        18.7397982256587     
   15.2878900000000        18.9694275365599     
   15.2966300000000        19.2168424685300     
   15.3053600000000        19.4765776138890     
   15.3140900000000        19.7313485999159     
   15.3228200000000        19.9550689639703     
   15.3315400000000        20.1269258233263     
   15.3402600000000        20.2446596919219     
   15.3489800000000        20.3244319564990     
   15.3577000000000        20.3912904908733     
   15.3664100000000        20.4686966714058     
   15.3751200000000        20.5706797084022     
   15.3838200000000        20.6929879606925     
   15.3925200000000        20.8103393614968     
   15.4012200000000        20.8856558046126     
   15.4099200000000        20.8881456163126     
   15.4186100000000        20.8067488216609     
   15.4273000000000        20.6503423385404     
   15.4359800000000        20.4396133427167     
   15.4446700000000        20.1990969119778     
   15.4533400000000        19.9569617165702     
   15.4620200000000        19.7379785580589     
   15.4706900000000        19.5581739219480     
   15.4793600000000        19.4186626036090     
   15.4880300000000        19.3123044849818     
   15.4966900000000        19.2317215088825     
   15.5053500000000        19.1711054904155     
   15.5140100000000        19.1219136634320     
   15.5226700000000        19.0674328934277     
   15.5313200000000        18.9857232230114     
   15.5399600000000        18.8626955211542     
   15.5486100000000        18.7030358991201     
   15.5572500000000        18.5279228527246     
   15.5658900000000        18.3603975529556     
   15.5745200000000        18.2176371068315     
   15.5831600000000        18.1113902230125     
   15.5917900000000        18.0520158255633     
   15.6004100000000        18.0442523316297     
   15.6090300000000        18.0813160444008     
   15.6176500000000        18.1455515062215     
   15.6262700000000        18.2180506101869     
   15.6348800000000        18.2873749946042     
   15.6434900000000        18.3490871090924     
   15.6521000000000        18.3982684158716     
   15.6607000000000        18.4250242615486     
   15.6693000000000        18.4177368834171     
   15.6779000000000        18.3706645321187     
   15.6864900000000        18.2895852374974     
   15.6950800000000        18.1911958063524     
   15.7036700000000        18.0989686510681     
   15.7122600000000        18.0370340757987     
   15.7208400000000        18.0233989797405     
   15.7294100000000        18.0640414859151     
   15.7379900000000        18.1518268071992     
   15.7465600000000        18.2703167271360     
   15.7551300000000        18.4023438502950     
   15.7637000000000        18.5366674120414     
   15.7722600000000        18.6702427626765     
   15.7808200000000        18.8057753056279     
   15.7893700000000        18.9459611837356     
   15.7979300000000        19.0908676965365     
   15.8064700000000        19.2370228099322     
   15.8150200000000        19.3819877096095     
   15.8235600000000        19.5232310760423     
   15.8321000000000        19.6582358139749     
   15.8406400000000        19.7848762830232     
   15.8491800000000        19.9041985162992     
   15.8577100000000        20.0197639552802     
   15.8662300000000        20.1355553550219     
   15.8747600000000        20.2562396979425     
   15.8832800000000        20.3880276768455     
   15.8918000000000        20.5395881992100     
   15.9003100000000        20.7190907518787     
   15.9088200000000        20.9322170133069     
   15.9173300000000        21.1801708570216     
   15.9258400000000        21.4614094061358     
   15.9343400000000        21.7749443221333     
   15.9428400000000        22.1233113246145     
   15.9513300000000        22.5094907977926     
   15.9598300000000        22.9370796710996     
   15.9683100000000        23.4071700409451     
   15.9768000000000        23.9267344221310     
   15.9852800000000        24.5042040234376     
   15.9937600000000        25.1523056230977     
   16.0022400000000        25.8805307094821     
   16.0107100000000        26.6882876580033     
   16.0191800000000        27.5623763147953     
   16.0276500000000        28.4722358092547     
   16.0361200000000        29.3744424742970     
   16.0445800000000        30.2207440366360     
   16.0530300000000        30.9699217337494     
   16.0614900000000        31.5943987458759     
   16.0699400000000        32.0781791735880     
   16.0783900000000        32.4205301936260     
   16.0868300000000        32.6255303885830     
   16.0952800000000        32.6943817754950     
   16.1037100000000        32.6199814779281     
   16.1121500000000        32.3925486598292     
   16.1205800000000        32.0112336155368     
   16.1290100000000        31.4904418435684     
   16.1374400000000        30.8587353915101     
   16.1458600000000        30.1507968551056     
   16.1542800000000        29.3973171994422     
   16.1627000000000        28.6253920668720     
   16.1711100000000        27.8602594200665     
   16.1795200000000        27.1236578116474     
   16.1879300000000        26.4361140499273     
   16.1963300000000        25.8153777127820     
   16.2047300000000        25.2729077716427     
   16.2131300000000        24.8153932112689     
   16.2215200000000        24.4430271566726     
   16.2299100000000        24.1465176030086     
   16.2383000000000        23.9081343153504     
   16.2466900000000        23.7029029054508     
   16.2550700000000        23.5025706495870     
   16.2634500000000        23.2796879121781     
   16.2718200000000        23.0139842645286     
   16.2802000000000        22.6954652951660     
   16.2885600000000        22.3279619629661     
   16.2969300000000        21.9199223218701     
   16.3052900000000        21.4824764718290     
   16.3136500000000        21.0231412655544     
   16.3220100000000        20.5497473677639     
   16.3303600000000        20.0732979543906     
   16.3387100000000        19.6065131651517     
   16.3470600000000        19.1634679916971     
   16.3554000000000        18.7566455007201     
   16.3637400000000        18.3927972522630     
   16.3720800000000        18.0723222207434     
   16.3804200000000        17.7875134606605     
   16.3887500000000        17.5242446516554     
   16.3970700000000        17.2664192896564     
   16.4054000000000        17.0028278345106     
   16.4137200000000        16.7338676650888     
   16.4220400000000        16.4685078731464     
   16.4303500000000        16.2200130344816     
   16.4386700000000        15.9979912717157     
   16.4469700000000        15.8075083201763     
   16.4552800000000        15.6470674802482     
   16.4635800000000        15.5134780817911     
   16.4718800000000        15.4016561821203     
   16.4801800000000        15.3066406027424     
   16.4884700000000        15.2251145055268     
   16.4967600000000        15.1555488967803     
   16.5050500000000        15.0961799841070     
   16.5133300000000        15.0420187122213     
   16.5216100000000        14.9852120911566     
   16.5298900000000        14.9196127600350     
   16.5381600000000        14.8448321690246     
   16.5464300000000        14.7659608339154     
   16.5547000000000        14.6903890225128     
   16.5629700000000        14.6241174568795     
   16.5712300000000        14.5701014515794     
   16.5794900000000        14.5280322519564     
   16.5877400000000        14.4951330001706     
   16.5959900000000        14.4663723520208     
   16.6042400000000        14.4349033465639     
   16.6124900000000        14.3924282697862     
   16.6207300000000        14.3302344653998     
   16.6289700000000        14.2405485497497     
   16.6372000000000        14.1184217483411     
   16.6454400000000        13.9621335564203     
   16.6536700000000        13.7749871847153     
   16.6618900000000        13.5645803439689     
   16.6701200000000        13.3418458345783     
   16.6783400000000        13.1210843758069     
   16.6865500000000        12.9161864699258     
   16.6947700000000        12.7384951718118     
   16.7029800000000        12.5962867558912     
   16.7111900000000        12.4923492261596     
   16.7193900000000        12.4258560164266     
   16.7275900000000        12.3941270152039     
   16.7357900000000        12.3949644165671     
   16.7439800000000        12.4264686171817     
   16.7521800000000        12.4852300422602     
   16.7603600000000        12.5638447311276     
   16.7685500000000        12.6522163827698     
   16.7767300000000        12.7404216719051     
   16.7849100000000        12.8247095075848     
   16.7930900000000        12.9099799637031     
   16.8012600000000        13.0076329560901     
   16.8094300000000        13.1293332763276     
   16.8175900000000        13.2791740491093     
   16.8257600000000        13.4501993434214     
   16.8339200000000        13.6233320864717     
   16.8420700000000        13.7730683000951     
   16.8502300000000        13.8745424744401     
   16.8583800000000        13.9100569677364     
   16.8665300000000        13.8746152446741     
   16.8746700000000        13.7751135614236     
   16.8828100000000        13.6257798809073     
   16.8909500000000        13.4430462335467     
   16.8990800000000        13.2417728179490     
   16.9072100000000        13.0318418094670     
   16.9153400000000        12.8172410787606     
   16.9234700000000        12.5960525346994     
   16.9315900000000        12.3636180904243     
   16.9397100000000        12.1162643940236     
   16.9478200000000        11.8563881038050     
   16.9559400000000        11.5924669214801     
   16.9640500000000        11.3402126868617     
   16.9721500000000        11.1175537636905     
   16.9802600000000        10.9410903876558     
   16.9883600000000        10.8240817680407     
   16.9964500000000        10.7724901606335     
   17.0045500000000        10.7848841212606     
   17.0126400000000        10.8529566208619     
   17.0207200000000        10.9629504528206     
   17.0288100000000        11.0987913696516     
   17.0368900000000        11.2438901699849     
   17.0449700000000        11.3845454466022     
   17.0530400000000        11.5102034883506     
   17.0611100000000        11.6139844783167     
   17.0691800000000        11.6914669468863     
