   7.15970000000000        875.356572012121     
   7.17100000000000        856.853680390043     
   7.18231000000000        842.063665015077     
   7.19360000000000        794.369936269535     
   7.20490000000000        742.405519396190     
   7.21619000000000        688.845146367192     
   7.22748000000000        670.894486520304     
   7.23877000000000        686.467178614659     
   7.25005000000000        654.225574781613     
   7.26133000000000        613.902963405512     
   7.27261000000000        549.458669462456     
   7.28388000000000        494.678838058573     
   7.29515000000000        441.726615213002     
   7.30642000000000        430.226910711584     
   7.31768000000000        413.866880799866     
   7.32894000000000        412.680805205981     
   7.34020000000000        426.563406167027     
   7.35146000000000        454.007717209773     
   7.36271000000000        483.777481915456     
   7.37396000000000        522.717249693966     
   7.38520000000000        539.526461850303     
   7.39644000000000        520.187661052081     
   7.40768000000000        501.761783676816     
   7.41892000000000        473.421070063066     
   7.43015000000000        446.412807754945     
   7.44138000000000        443.920103528888     
   7.45261000000000        423.554540887271     
   7.46383000000000        398.125608483104     
   7.47505000000000        376.207046609843     
   7.48626000000000        342.957757494453     
   7.49748000000000        331.323536571927     
   7.50869000000000        334.004586022298     
   7.51990000000000        322.710548013662     
   7.53110000000000        322.053783622740     
   7.54230000000000        332.657488553019     
   7.55350000000000        341.011873305619     
   7.56469000000000        333.436567640422     
   7.57588000000000        324.258348568503     
   7.58707000000000        323.863114737479     
   7.59826000000000        340.251302809247     
   7.60944000000000        350.725576577009     
   7.62062000000000        364.069234054077     
   7.63179000000000        378.955501140486     
   7.64296000000000        376.738736089889     
   7.65413000000000        367.456050101665     
   7.66530000000000        361.726323614088     
   7.67646000000000        365.867579076482     
   7.68762000000000        382.658449663740     
   7.69878000000000        387.423880382365     
   7.70993000000000        371.856192958948     
   7.72108000000000        359.885933354766     
   7.73223000000000        363.019200652914     
   7.74337000000000        368.615813084242     
   7.75451000000000        370.063237952397     
   7.76565000000000        371.744637510523     
   7.77678000000000        374.862438004447     
   7.78791000000000        379.716968316865     
   7.79904000000000        387.359555730382     
   7.81017000000000        401.696909044599     
   7.82129000000000        411.319809430572     
   7.83241000000000        418.951041145861     
   7.84352000000000        420.798271534780     
   7.85463000000000        416.286344142416     
   7.86574000000000        416.990243764153     
   7.87685000000000        418.712515191026     
   7.88795000000000        420.317227977589     
   7.89905000000000        424.346407938863     
   7.91015000000000        420.049017777910     
   7.92124000000000        396.813830851123     
   7.93233000000000        381.231611338007     
   7.94342000000000        374.647706949454     
   7.95450000000000        371.037888747640     
   7.96558000000000        369.149201341511     
   7.97666000000000        360.590390650837     
   7.98773000000000        353.473250096342     
   7.99880000000000        353.455427066737     
   8.00987000000000        347.658016646320     
   8.02093000000000        339.515912987049     
   8.03200000000000        339.730015064030     
   8.04305000000000        341.092526546973     
   8.05411000000000        337.503212125107     
   8.06516000000000        343.721145055621     
   8.07621000000000        357.800182587268     
   8.08726000000000        373.353628024510     
   8.09830000000000        382.911793760687     
   8.10934000000000        393.895828477879     
   8.12037000000000        394.454822524937     
   8.13141000000000        387.841976500246     
   8.14244000000000        379.857962265531     
   8.15346000000000        371.237039770920     
   8.16449000000000        357.586579006829     
   8.17551000000000        344.696031537631     
   8.18652000000000        331.068806445825     
   8.19754000000000        316.712528389813     
   8.20855000000000        306.931012504919     
   8.21955000000000        305.782695515684     
   8.23056000000000        314.681279569533     
   8.24156000000000        318.948788895781     
   8.25256000000000        321.096658086425     
   8.26355000000000        318.303212456471     
   8.27454000000000        313.890441267075     
   8.28553000000000        319.430560629276     
   8.29652000000000        330.104637351019     
   8.30750000000000        345.904879199739     
   8.31848000000000        354.996637910494     
   8.32946000000000        352.089357450945     
   8.34043000000000        352.018717250752     
   8.35140000000000        350.184155021981     
   8.36236000000000        349.692643681397     
   8.37333000000000        350.970671489590     
   8.38429000000000        350.880915416922     
   8.39524000000000        351.123829814842     
   8.40620000000000        360.312308948442     
   8.41715000000000        374.984772236415     
   8.42810000000000        386.462214289342     
   8.43904000000000        398.111527142792     
   8.44998000000000        410.926178673027     
   8.46092000000000        430.008742820951     
   8.47185000000000        445.951794352965     
   8.48278000000000        454.697049812899     
   8.49371000000000        455.558403090083     
   8.50464000000000        453.395313036930     
   8.51556000000000        448.913058522343     
   8.52648000000000        439.674552590119     
   8.53739000000000        429.865947842737     
   8.54831000000000        426.761989363924     
   8.55922000000000        428.302734325360     
   8.57012000000000        427.398304455016     
   8.58103000000000        428.080857163908     
   8.59193000000000        432.140122223669     
   8.60282000000000        437.706135593750     
   8.61372000000000        438.390956307575     
   8.62461000000000        441.740509231257     
   8.63549000000000        445.326111960227     
   8.64638000000000        442.885629456400     
   8.65726000000000        436.374311440493     
   8.66814000000000        435.809516879307     
   8.67901000000000        441.579834235497     
   8.68988000000000        446.460534418826     
   8.70075000000000        441.356869430408     
   8.71161000000000        437.148129758882     
   8.72248000000000        433.441210776467     
   8.73333000000000        423.916890891563     
   8.74419000000000        412.412532708428     
   8.75504000000000        402.854080156683     
   8.76589000000000        394.855804112453     
   8.77674000000000        395.272199779834     
   8.78758000000000        397.056274528114     
   8.79842000000000        396.426646385765     
   8.80926000000000        393.555258109635     
   8.82009000000000        387.894863545291     
   8.83092000000000        381.384591416506     
   8.84175000000000        379.275160135337     
   8.85257000000000        376.691241513693     
   8.86339000000000        376.974515802255     
   8.87421000000000        382.065673242385     
   8.88502000000000        384.210361837492     
   8.89583000000000        383.037555661743     
   8.90664000000000        380.524908575735     
   8.91745000000000        378.974622445906     
   8.92825000000000        379.726405374534     
   8.93905000000000        379.350386485111     
   8.94984000000000        377.587942288577     
   8.96063000000000        376.772924554218     
   8.97142000000000        379.161385073527     
   8.98221000000000        384.775629067912     
   8.99299000000000        401.859996511476     
   9.00377000000000        425.665036292286     
   9.01455000000000        449.759509931859     
   9.02532000000000        489.006314603521     
   9.03609000000000        550.658762235518     
   9.04686000000000        634.637704454459     
   9.05762000000000        730.405987906370     
   9.06838000000000        834.366552597491     
   9.07914000000000        935.988279646224     
   9.08989000000000        993.324155967962     
   9.10064000000000        991.051412437156     
   9.11139000000000        961.334692836884     
   9.12214000000000        942.963437015146     
   9.13288000000000        939.538572662192     
   9.14362000000000        942.317917992980     
   9.15435000000000        909.049450712396     
   9.16508000000000        838.580797788912     
   9.17581000000000        790.503772347799     
   9.18654000000000        793.617899025294     
   9.19726000000000        799.854220694760     
   9.20798000000000        780.270939064966     
   9.21870000000000        761.401234067457     
   9.22941000000000        754.291650685647     
   9.24012000000000        741.440024278837     
   9.25082000000000        716.501831885461     
   9.26153000000000        694.275894418575     
   9.27223000000000        674.964946348023     
   9.28293000000000        674.840653354228     
   9.29362000000000        694.856588634128     
   9.30431000000000        712.465047610231     
   9.31500000000000        697.568496398175     
   9.32568000000000        684.901809103304     
   9.33636000000000        714.817040470432     
   9.34704000000000        779.415235210936     
   9.35772000000000        843.139668626962     
   9.36839000000000        876.638737402375     
   9.37906000000000        877.320732998818     
   9.38972000000000        878.423638105104     
   9.40038000000000        901.449878540844     
   9.41104000000000        942.151071300670     
   9.42170000000000        977.030976895156     
   9.43235000000000        1001.49893788010     
   9.44300000000000        1032.42684408247     
   9.45365000000000        1082.57332770165     
   9.46429000000000        1123.32673637625     
   9.47493000000000        1143.82658880659     
   9.48557000000000        1169.37240417147     
   9.49620000000000        1175.96807093273     
   9.50683000000000        1168.34122209332     
   9.51746000000000        1141.32291066474     
   9.52808000000000        1135.18590819846     
   9.53871000000000        1175.42789062164     
   9.54932000000000        1234.74023552198     
   9.55994000000000        1309.18133923819     
   9.57055000000000        1351.88662608398     
   9.58116000000000        1347.62554277195     
   9.59176000000000        1334.01312545014     
   9.60237000000000        1340.91514658153     
   9.61296000000000        1354.69821785875     
   9.62356000000000        1388.63166304414     
   9.63415000000000        1427.12880541326     
   9.64474000000000        1439.91066274328     
   9.65533000000000        1431.41609635532     
   9.66591000000000        1432.01437563670     
   9.67649000000000        1452.20344420088     
   9.68707000000000        1476.62951282047     
   9.69764000000000        1502.34355895777     
   9.70821000000000        1540.47754643079     
   9.71878000000000        1630.62176665666     
   9.72934000000000        1758.05447010336     
   9.73990000000000        1850.48053487472     
   9.75046000000000        1880.63239002617     
   9.76102000000000        1880.84651956352     
   9.77157000000000        1898.75882372685     
   9.78212000000000        1921.88868109253     
   9.79266000000000        1920.12348907134     
   9.80320000000000        1907.06161662897     
   9.81374000000000        1886.95467464555     
   9.82428000000000        1875.99756268176     
   9.83481000000000        1891.52503031957     
   9.84534000000000        1908.41312436260     
   9.85586000000000        1923.28871653690     
   9.86639000000000        1929.85077212945     
   9.87691000000000        1862.71217626083     
   9.88742000000000        1784.29323535067     
   9.89794000000000        1797.05106239437     
   9.90845000000000        1845.96625644899     
   9.91895000000000        1862.07332460975     
   9.92946000000000        1859.56910805724     
   9.93996000000000        1831.20083226581     
   9.95046000000000        1780.57599058301     
   9.96095000000000        1724.02119695240     
   9.97144000000000        1667.85331820249     
   9.98193000000000        1616.43256312547     
   9.99242000000000        1599.02966307614     
   10.0029000000000        1621.06071662642     
   10.0133800000000        1647.71481951909     
   10.0238500000000        1664.93015269962     
   10.0343200000000        1652.77529141550     
   10.0447900000000        1627.37505584700     
   10.0552600000000        1613.49614622683     
   10.0657200000000        1604.94798779581     
   10.0761800000000        1599.85747185077     
   10.0866400000000        1605.75686069658     
   10.0970900000000        1624.79928301558     
   10.1075400000000        1648.56925975844     
   10.1179900000000        1652.44206280545     
   10.1284300000000        1635.61459822914     
   10.1388700000000        1644.23811557027     
   10.1493100000000        1677.42536836026     
   10.1597400000000        1666.49630917476     
   10.1701700000000        1632.37833054289     
   10.1806000000000        1625.43070071098     
   10.1910300000000        1623.20890340353     
   10.2014500000000        1612.44333677079     
   10.2118700000000        1630.55807365415     
   10.2222800000000        1668.88728599342     
   10.2326900000000        1680.47876762508     
   10.2431000000000        1662.16778473870     
   10.2535100000000        1637.96040527412     
   10.2639100000000        1619.64452720056     
   10.2743100000000        1606.67569223461     
   10.2847100000000        1630.62248288495     
   10.2951000000000        1696.69275862177     
   10.3054900000000        1743.48025389227     
   10.3158800000000        1749.26882559702     
   10.3262600000000        1747.88678155270     
   10.3366400000000        1730.62870226173     
   10.3470200000000        1700.05449294309     
   10.3573900000000        1700.79561439281     
   10.3677600000000        1740.97906316284     
   10.3781300000000        1776.16900218476     
   10.3884900000000        1780.08815214090     
   10.3988600000000        1759.16171235247     
   10.4092100000000        1728.89544988630     
   10.4195700000000        1709.44360127464     
   10.4299200000000        1705.62264871989     
   10.4402700000000        1702.91762142222     
   10.4506100000000        1681.08911099734     
   10.4609600000000        1636.74216052501     
   10.4713000000000        1580.50286955421     
   10.4816300000000        1521.70247057728     
   10.4919600000000        1482.05794368591     
   10.5022900000000        1466.71932889554     
   10.5126200000000        1457.25949738672     
   10.5229400000000        1443.51184021817     
   10.5332600000000        1407.46992178060     
   10.5435800000000        1356.06612202454     
   10.5539000000000        1301.56999787626     
   10.5642100000000        1247.02705625548     
   10.5745100000000        1198.01663576580     
   10.5848200000000        1158.40837979811     
   10.5951200000000        1120.92499155640     
   10.6054200000000        1089.13851867246     
   10.6157100000000        1068.97984381990     
   10.6260000000000        1066.05184977570     
   10.6362900000000        1088.62662252278     
   10.6465800000000        1112.53302419558     
   10.6568600000000        1122.56669915956     
   10.6671400000000        1129.29648663445     
   10.6774100000000        1139.21233824384     
   10.6876900000000        1154.52078400566     
   10.6979600000000        1176.72695047269     
   10.7082200000000        1208.86860610699     
   10.7184900000000        1252.71865060275     
   10.7287500000000        1299.06915757076     
   10.7390000000000        1340.12824443366     
   10.7492600000000        1378.53069641123     
   10.7595100000000        1414.57552164218     
   10.7697500000000        1455.21097239836     
   10.7800000000000        1516.28223669553     
   10.7902400000000        1590.02777497276     
   10.8004800000000        1657.82911916177     
   10.8107100000000        1709.71328349908     
   10.8209400000000        1731.54787692238     
   10.8311700000000        1731.36899257450     
   10.8414000000000        1739.01573736765     
   10.8516200000000        1766.29480087223     
   10.8618400000000        1809.23411740315     
   10.8720500000000        1850.08654836700     
   10.8822700000000        1877.69743467497     
   10.8924800000000        1888.03571518479     
   10.9026800000000        1880.49538611938     
   10.9128800000000        1871.22258006442     
   10.9230800000000        1880.73289543238     
   10.9332800000000        1904.84113984599     
   10.9434700000000        1930.24366168296     
   10.9536600000000        1956.98831002861     
   10.9638500000000        1972.10898764338     
   10.9740400000000        1946.77231383302     
   10.9842200000000        1884.25527543205     
   10.9943900000000        1810.79725341481     
   11.0045700000000        1747.42985099327     
   11.0147400000000        1706.80390034650     
   11.0249100000000        1678.99183762250     
   11.0350700000000        1650.56885082401     
   11.0452300000000        1620.57264790853     
   11.0553900000000        1599.26879186978     
   11.0655500000000        1600.54277273180     
   11.0757000000000        1624.65566348325     
   11.0858500000000        1659.61766385163     
   11.0960000000000        1691.97651982407     
   11.1061400000000        1707.07850097466     
   11.1162800000000        1704.53047025344     
   11.1264200000000        1702.38305589700     
   11.1365500000000        1717.89710684416     
   11.1466800000000        1749.66695275790     
   11.1568100000000        1780.38796824829     
   11.1669300000000        1803.30991430031     
   11.1770500000000        1824.58151685104     
   11.1871700000000        1847.35558157622     
   11.1972800000000        1862.98833291262     
   11.2073900000000        1864.22523541044     
   11.2175000000000        1849.90834347449     
   11.2276100000000        1838.52012861655     
   11.2377100000000        1852.24519146990     
   11.2478100000000        1892.49000891355     
   11.2579000000000        1941.35980115110     
   11.2679900000000        1980.68672830621     
   11.2780800000000        2006.72016484648     
   11.2881700000000        2025.42045302398     
   11.2982500000000        2046.22627907281     
   11.3083300000000        2081.17127680692     
   11.3184100000000        2125.80706314799     
   11.3284800000000        2157.13376444854     
   11.3385500000000        2168.33890212494     
   11.3486200000000        2175.44054871237     
   11.3586800000000        2195.72077114996     
   11.3687400000000        2232.04704904153     
   11.3788000000000        2269.32885140678     
   11.3888500000000        2298.98162654729     
   11.3989000000000        2319.52064029287     
   11.4089500000000        2332.23520669867     
   11.4189900000000        2347.66156166132     
   11.4290400000000        2369.12215708769     
   11.4390700000000        2384.90189521123     
   11.4491100000000        2380.89635900954     
   11.4591400000000        2366.25152629897     
   11.4691700000000        2358.22288227299     
   11.4792000000000        2362.63256397380     
   11.4892200000000        2373.98786744737     
   11.4992400000000        2388.71095498600     
   11.5092500000000        2402.31391385745     
   11.5192700000000        2402.07783101664     
   11.5292800000000        2393.70572370560     
   11.5392800000000        2394.58147453683     
   11.5492900000000        2407.59282836627     
   11.5592900000000        2424.06240768555     
   11.5692800000000        2436.45422941284     
   11.5792800000000        2450.85783532359     
   11.5892700000000        2471.52017726245     
   11.5992600000000        2491.71319807098     
   11.6092400000000        2510.90593944782     
   11.6192200000000        2528.28784746074     
   11.6292000000000        2536.66768243290     
   11.6391700000000        2535.78297828229     
   11.6491500000000        2529.79489729374     
   11.6591200000000        2527.03523716638     
   11.6690800000000        2531.94807734964     
   11.6790400000000        2540.08303448893     
   11.6890000000000        2544.11305371916     
   11.6989600000000        2541.21268101350     
   11.7089100000000        2540.23595100512     
   11.7188600000000        2547.56714700059     
   11.7288100000000        2555.30870464067     
   11.7387500000000        2558.34479475748     
   11.7486900000000        2556.57817283407     
   11.7586300000000        2540.17680875350     
   11.7685600000000        2509.64122969215     
   11.7784900000000        2472.78717466786     
   11.7884200000000        2421.60880406195     
   11.7983400000000        2369.72259058704     
   11.8082600000000        2346.96959930019     
   11.8181800000000        2357.92242637376     
   11.8281000000000        2384.80646021106     
   11.8380100000000        2401.93316204600     
   11.8479200000000        2395.10136302857     
   11.8578200000000        2368.87344372551     
   11.8677200000000        2333.42118821622     
   11.8776200000000        2294.73438068370     
   11.8875200000000        2252.58545147066     
   11.8974100000000        2210.80097408414     
   11.9073000000000        2176.33638972478     
   11.9171900000000        2152.61038576188     
   11.9270700000000        2137.00363820859     
   11.9369500000000        2127.66450119115     
   11.9468300000000        2126.87438107007     
   11.9567000000000        2129.71962556144     
   11.9665700000000        2122.50718965856     
   11.9764400000000        2092.58685361238     
   11.9863000000000        2039.94991872320     
   11.9961600000000        1983.12654766625     
   12.0060200000000        1941.54823876852     
   12.0158700000000        1916.53391077688     
   12.0257300000000        1901.30612359590     
   12.0355700000000        1898.69290889796     
   12.0454200000000        1916.51929366064     
   12.0552600000000        1953.85028135339     
   12.0651000000000        2000.45159366874     
   12.0749400000000        2048.08766802920     
   12.0847700000000        2092.63177387588     
   12.0946000000000        2135.53957187060     
   12.1044200000000        2177.66728930296     
   12.1142500000000        2210.94983865595     
   12.1240700000000        2234.43979903321     
   12.1338800000000        2262.56981927255     
   12.1437000000000        2311.47852696666     
   12.1535100000000        2382.04606979500     
   12.1633100000000        2454.68641705042     
   12.1731200000000        2511.95499988984     
   12.1829200000000        2553.57734426164     
   12.1927200000000        2581.57861283958     
   12.2025100000000        2603.18898379775     
   12.2123000000000        2625.92229156216     
   12.2220900000000        2640.11881869025     
   12.2318700000000        2639.84140825514     
   12.2416600000000        2633.76759763641     
   12.2514300000000        2625.85453451828     
   12.2612100000000        2617.48154298544     
   12.2709800000000        2620.56313858324     
   12.2807500000000        2645.33009785778     
   12.2905200000000        2684.16745097708     
   12.3002800000000        2726.64982427788     
   12.3100400000000        2770.53665506557     
   12.3198000000000        2807.83379292717     
   12.3295500000000        2824.31242817129     
   12.3393000000000        2821.91398384505     
   12.3490500000000        2820.68373661554     
   12.3587900000000        2833.32861962158     
   12.3685300000000        2851.74111709730     
   12.3782700000000        2857.08892427252     
   12.3880000000000        2845.03020391820     
   12.3977300000000        2831.62185406189     
   12.4074600000000        2829.62325083456     
   12.4171800000000        2834.55945975607     
   12.4269100000000        2834.10739531927     
   12.4366200000000        2822.07585698406     
   12.4463400000000        2798.14198039257     
   12.4560500000000        2756.63750269430     
   12.4657600000000        2690.93475169119     
   12.4754700000000        2606.51902402344     
   12.4851700000000        2524.68260296078     
   12.4948700000000        2467.14276304252     
   12.5045600000000        2445.68187293735     
   12.5142600000000        2460.63928819629     
   12.5239500000000        2500.37738782642     
   12.5336300000000        2544.47373169095     
   12.5433200000000        2574.96780101398     
   12.5530000000000        2584.67185530381     
   12.5626800000000        2578.21523986025     
   12.5723500000000        2566.41007768619     
   12.5820200000000        2557.44715682351     
   12.5916900000000        2551.83703474108     
   12.6013500000000        2543.19383801895     
   12.6110100000000        2530.45443463394     
   12.6206700000000        2521.98978562835     
   12.6303300000000        2519.50615141324     
   12.6399800000000        2517.83932210942     
   12.6496300000000        2512.22904690249     
   12.6592700000000        2493.60772465904     
   12.6689200000000        2454.54959627362     
   12.6785500000000        2406.01097223704     
   12.6881900000000        2370.43237113742     
   12.6978200000000        2362.46617290617     
   12.7074500000000        2386.81696144100     
   12.7170800000000        2441.35755073418     
   12.7267000000000        2513.82311095490     
   12.7363200000000        2585.27126357828     
   12.7459400000000        2640.35100336795     
   12.7555500000000        2671.79933290970     
   12.7651600000000        2679.07370661143     
   12.7747700000000        2666.07941560115     
   12.7843800000000        2639.52709342705     
   12.7939800000000        2612.09235045102     
   12.8035800000000        2599.13620471654     
   12.8131700000000        2606.76012457554     
   12.8227600000000        2625.30013498657     
   12.8323500000000        2640.12619718218     
   12.8419400000000        2647.23450371426     
   12.8515200000000        2652.03760733974     
   12.8611000000000        2659.91328015826     
   12.8706700000000        2672.58731385267     
   12.8802500000000        2688.77084257533     
   12.8898100000000        2704.49173708716     
   12.8993800000000        2716.15940678007     
   12.9089400000000        2727.35275305599     
   12.9185000000000        2747.69735244756     
   12.9280600000000        2782.65364463415     
   12.9376100000000        2827.30716346355     
   12.9471700000000        2872.70301208425     
   12.9567100000000        2914.90104228875     
   12.9662600000000        2955.04787762772     
   12.9758000000000        2991.62293957471     
   12.9853400000000        3021.02695148616     
   12.9948700000000        3042.81882084118     
   13.0044000000000        3055.50271997430     
   13.0139300000000        3054.29793242392     
   13.0234600000000        3041.37134414900     
   13.0329800000000        3028.40128971908     
   13.0425000000000        3023.69399268815     
   13.0520100000000        3026.88447449000     
   13.0615200000000        3034.31548223056     
   13.0710300000000        3044.66369426266     
   13.0805400000000        3060.05871253733     
   13.0900400000000        3083.97087401534     
   13.0995400000000        3121.85835388889     
   13.1090400000000        3179.24796084565     
   13.1185300000000        3253.66506417864     
   13.1280200000000        3333.14979103221     
   13.1375100000000        3405.21861325022     
   13.1469900000000        3464.46497162843     
   13.1564700000000        3512.44691627978     
   13.1659500000000        3553.14620006181     
   13.1754300000000        3588.79250005571     
   13.1849000000000        3620.01240243717     
   13.1943700000000        3648.43566527870     
   13.2038300000000        3677.15245654488     
   13.2132900000000        3707.53889493567     
   13.2227500000000        3733.76204380550     
   13.2322100000000        3746.19866806014     
   13.2416600000000        3740.57287699526     
   13.2511100000000        3721.09828749741     
   13.2605500000000        3697.66888956477     
   13.2700000000000        3678.74292126871     
   13.2794400000000        3666.26415110835     
   13.2888700000000        3655.43864436567     
   13.2983100000000        3638.17056443941     
   13.3077400000000        3607.70509735527     
   13.3171600000000        3565.43199551072     
   13.3265900000000        3521.26575896516     
   13.3360100000000        3484.84347650159     
   13.3454300000000        3459.21655830879     
   13.3548400000000        3441.40447987696     
   13.3642500000000        3426.65863324714     
   13.3736600000000        3413.06826336746     
   13.3830600000000        3401.36952524184     
   13.3924700000000        3394.83780579109     
   13.4018600000000        3398.79622619960     
   13.4112600000000        3411.92368695753     
   13.4206500000000        3423.21129243699     
   13.4300400000000        3425.07600173397     
   13.4394300000000        3420.75706314844     
   13.4488100000000        3416.54541930052     
   13.4581900000000        3414.97095988880     
   13.4675600000000        3415.18319965005     
   13.4769400000000        3414.94387091004     
   13.4863100000000        3414.10662106813     
   13.4956700000000        3417.77301313301     
   13.5050400000000        3430.79399379791     
   13.5144000000000        3449.02644071006     
   13.5237600000000        3460.66853050459     
   13.5331100000000        3455.75461831298     
   13.5424600000000        3434.10227412283     
   13.5518100000000        3403.09225154529     
   13.5611500000000        3371.94494965560     
   13.5704900000000        3349.75299701960     
   13.5798300000000        3343.90567241871     
   13.5891700000000        3357.09852665365     
   13.5985000000000        3385.42484620343     
   13.6078300000000        3421.13818803339     
   13.6171500000000        3458.23747354453     
   13.6264800000000        3494.30172754204     
   13.6358000000000        3527.69894641014     
   13.6451100000000        3556.77605158441     
   13.6544200000000        3581.13242846507     
   13.6637300000000        3601.45342741582     
   13.6730400000000        3618.23321225875     
   13.6823400000000        3631.52161924221     
   13.6916400000000        3641.66125294764     
   13.7009400000000        3649.22607789429     
   13.7102400000000        3653.07094811544     
   13.7195300000000        3650.55626093983     
   13.7288100000000        3641.87688090643     
   13.7381000000000        3631.82642178633     
   13.7473800000000        3625.19948398433     
   13.7566600000000        3621.11903678072     
   13.7659300000000        3613.84835090531     
   13.7752000000000        3600.37338196481     
   13.7844700000000        3585.15476645084     
   13.7937400000000        3576.63916583294     
   13.8030000000000        3582.55467764354     
   13.8122600000000        3607.92955937660     
   13.8215200000000        3654.29479373510     
   13.8307700000000        3719.69987224093     
   13.8400200000000        3799.90187804547     
   13.8492600000000        3889.35302245530     
   13.8585100000000        3980.59687409721     
   13.8677500000000        4062.98846404580     
   13.8769800000000        4127.61739455053     
   13.8862200000000        4171.61904519029     
   13.8954500000000        4197.15333685114     
   13.9046800000000        4207.51296530185     
   13.9139000000000        4204.29368374110     
   13.9231200000000        4188.41707361132     
   13.9323400000000        4161.87279971578     
   13.9415500000000        4130.13782046224     
   13.9507700000000        4104.34643378149     
   13.9599700000000        4097.87955685541     
   13.9691800000000        4116.97745925924     
   13.9783800000000        4156.23754505056     
   13.9875800000000        4203.08846752723     
   13.9967800000000        4244.97956645708     
   14.0059700000000        4275.44669308165     
   14.0151600000000        4297.14611124253     
   14.0243400000000        4316.84689463572     
   14.0335300000000        4338.67059623286     
   14.0427100000000        4362.72165971919     
   14.0518800000000        4386.11470378924     
   14.0610600000000        4403.37516764604     
   14.0702300000000        4408.24126995515     
   14.0794000000000        4397.58058917028     
   14.0885600000000        4374.15884731376     
   14.0977200000000        4344.77154618263     
   14.1068800000000        4316.43131439744     
   14.1160300000000        4294.80915582816     
   14.1251800000000        4282.50868647317     
   14.1343300000000        4276.44729189862     
   14.1434800000000        4269.03738658777     
   14.1526200000000        4254.30271802571     
   14.1617600000000        4231.67223345061     
   14.1708900000000        4204.17863516990     
   14.1800300000000        4176.43685102574     
   14.1891500000000        4155.66481959273     
   14.1982800000000        4149.70516777382     
   14.2074000000000        4161.72915600681     
   14.2165200000000        4187.18443777879     
   14.2256400000000        4217.29294915817     
   14.2347500000000        4245.48220204356     
   14.2438600000000        4271.99669614423     
   14.2529700000000        4303.67913060720     
   14.2620700000000        4349.59219080235     
   14.2711800000000        4416.23101741717     
   14.2802700000000        4504.69891042537     
   14.2893700000000        4611.56937056381     
   14.2984600000000        4728.16661320137     
   14.3075500000000        4843.01324487510     
   14.3166300000000        4946.33067860847     
   14.3257100000000        5035.81432387119     
   14.3347900000000        5114.43027603511     
   14.3438700000000        5182.60935165924     
   14.3529400000000        5234.64095951757     
   14.3620100000000        5263.07701413112     
   14.3710700000000        5263.45575305891     
   14.3801400000000        5235.65400898174     
   14.3892000000000        5183.73384889564     
   14.3982500000000        5114.65177786767     
   14.4073100000000        5035.11013642708     
   14.4163600000000        4950.64043889675     
   14.4254000000000        4866.42079649336     
   14.4344500000000        4787.74090809122     
   14.4434900000000        4718.85045137084     
   14.4525200000000        4660.47129873064     
   14.4615600000000        4609.79614274627     
   14.4705900000000        4563.49478561811     
   14.4796200000000        4520.62729304341     
   14.4886400000000        4482.69281495544     
   14.4976600000000        4450.22915325230     
   14.5066800000000        4421.56963568792     
   14.5157000000000        4394.11000721908     
   14.5247100000000        4366.10513067957     
   14.5337200000000        4338.07929276642     
   14.5427200000000        4313.71738799852     
   14.5517300000000        4298.65489415059     
   14.5607300000000        4298.34940809356     
   14.5697200000000        4315.41659844012     
   14.5787100000000        4347.69364697714     
   14.5877000000000        4388.44981870647     
   14.5966900000000        4429.36035681062     
   14.6056700000000        4464.26678882795     
   14.6146600000000        4491.96292743009     
   14.6236300000000        4515.20519598787     
   14.6326100000000        4536.52121125352     
   14.6415800000000        4554.04653106474     
   14.6505400000000        4563.76629455754     
   14.6595100000000        4564.91116671360     
   14.6684700000000        4560.77307832895     
   14.6774300000000        4554.45228023172     
   14.6863800000000        4546.82104872576     
   14.6953400000000        4538.50453000089     
   14.7042800000000        4530.88020345668     
   14.7132300000000        4524.70659993238     
   14.7221700000000        4519.83446676674     
   14.7311100000000        4515.79758573584     
   14.7400500000000        4511.80895830979     
   14.7489800000000        4505.44078790629     
   14.7579100000000        4491.18513048724     
   14.7668400000000        4462.22533638682     
   14.7757600000000        4415.62241564996     
   14.7846800000000        4355.10464875723     
   14.7936000000000        4289.03640340370     
   14.8025100000000        4226.35878061483     
   14.8114200000000        4173.86392790340     
   14.8203300000000        4136.44470094715     
   14.8292300000000        4117.53579682351     
   14.8381300000000        4118.09977357191     
   14.8470300000000        4135.68086025689     
   14.8559300000000        4165.11822199841     
   14.8648200000000        4200.54621861730     
   14.8737100000000        4236.91475374069     
   14.8825900000000        4269.61508879469     
   14.8914700000000        4294.41644585494     
   14.9003500000000        4308.66701836741     
   14.9092300000000        4312.40642721085     
   14.9181000000000        4307.21062013683     
   14.9269700000000        4294.21132106328     
   14.9358400000000        4273.63391933039     
   14.9447000000000        4245.52559981863     
   14.9535600000000        4210.19992438079     
   14.9624200000000        4168.65311782727     
   14.9712700000000        4123.01983058634     
   14.9801200000000        4076.62028560523     
   14.9889700000000        4033.56868300888     
   14.9978100000000        3997.43498581692     
   15.0066500000000        3970.00371384200     
   15.0154900000000        3951.31155728367     
   15.0243300000000        3939.83112214806     
   15.0331600000000        3932.60188731266     
   15.0419900000000        3925.88278180680     
   15.0508100000000        3916.53423908098     
   15.0596300000000        3903.06417653865     
   15.0684500000000        3885.84337428776     
   15.0772700000000        3866.24437905323     
   15.0860800000000        3845.24433613287     
   15.0948900000000        3822.88311744433     
   15.1037000000000        3799.67751561118     
   15.1125000000000        3778.01177098748     
   15.1213000000000        3761.00592329847     
   15.1301000000000        3750.08395829998     
   15.1388900000000        3744.29258814796     
   15.1476800000000        3742.07328218287     
   15.1564700000000        3742.97325894318     
   15.1652500000000        3747.49449570702     
   15.1740300000000        3755.98074883638     
   15.1828100000000        3767.73893766373     
   15.1915800000000        3780.76191142763     
   15.2003500000000        3791.98461803577     
   15.2091200000000        3797.62903474731     
   15.2178900000000        3793.86161515747     
   15.2266500000000        3777.96563753055     
   15.2354100000000        3749.52718637643     
   15.2441600000000        3710.57715230947     
   15.2529200000000        3663.58497764020     
   15.2616700000000        3609.66953446579     
   15.2704100000000        3548.55471408732     
   15.2791500000000        3481.26311442572     
   15.2878900000000        3412.34169551095     
   15.2966300000000        3348.58395404487     
   15.3053600000000        3295.46732465389     
   15.3140900000000        3254.32253153487     
   15.3228200000000        3222.80261489706     
   15.3315400000000        3197.31316470454     
   15.3402600000000        3175.86385884808     
   15.3489800000000        3159.46683431691     
   15.3577000000000        3150.79807739683     
   15.3664100000000        3151.45518834712     
   15.3751200000000        3160.04002464114     
   15.3838200000000        3172.50939376147     
   15.3925200000000        3183.97395016787     
   15.4012200000000        3189.94988179321     
   15.4099200000000        3186.96833566375     
   15.4186100000000        3173.42193788536     
   15.4273000000000        3150.25758669455     
   15.4359800000000        3120.70121298593     
   15.4446700000000        3088.87181902882     
   15.4533400000000        3058.79180109983     
   15.4620200000000        3033.12318456318     
   15.4706900000000        3012.96120064313     
   15.4793600000000        2997.28912257620     
   15.4880300000000        2983.32208926980     
   15.4966900000000        2967.45849925442     
   15.5053500000000        2946.86189552856     
   15.5140100000000        2921.04537235634     
   15.5226700000000        2892.26242227064     
   15.5313200000000        2864.40143968438     
   15.5399600000000        2840.95178432528     
   15.5486100000000        2823.56499831840     
   15.5572500000000        2811.93073787481     
   15.5658900000000        2804.09846893552     
   15.5745200000000        2797.21927345045     
   15.5831600000000        2788.19615977130     
   15.5917900000000        2774.46430925366     
   15.6004100000000        2754.50601376334     
   15.6090300000000        2728.01151964868     
   15.6176500000000        2695.66263993141     
   15.6262700000000        2658.64949520560     
   15.6348800000000        2618.41253822965     
   15.6434900000000        2576.51863376598     
   15.6521000000000        2534.99556757772     
   15.6607000000000        2496.42309125244     
   15.6693000000000        2463.46790679773     
   15.6779000000000        2438.31417447555     
   15.6864900000000        2421.89352950028     
   15.6950800000000        2413.32899461025     
   15.7036700000000        2409.87311798000     
   15.7122600000000        2407.45050191081     
   15.7208400000000        2402.14876598213     
   15.7294100000000        2391.90812642873     
   15.7379900000000        2377.34765288592     
   15.7465600000000        2361.47300102874     
   15.7551300000000        2348.08585715094     
   15.7637000000000        2339.95502199016     
   15.7722600000000        2337.54443848940     
   15.7808200000000        2339.06754638422     
   15.7893700000000        2341.57309968743     
   15.7979300000000        2342.12604981788     
   15.8064700000000        2338.52748002383     
   15.8150200000000        2329.63998547717     
   15.8235600000000        2315.69873248205     
   15.8321000000000        2298.42193511683     
   15.8406400000000        2280.64606738384     
   15.8491800000000        2265.26257485669     
   15.8577100000000        2254.19337035452     
   15.8662300000000        2247.98392167825     
   15.8747600000000        2246.02905030908     
   15.8832800000000        2246.97320608362     
   15.8918000000000        2249.21824570709     
   15.9003100000000        2251.59016224469     
   15.9088200000000        2253.71223984502     
   15.9173300000000        2255.81572088946     
   15.9258400000000        2258.33256082422     
   15.9343400000000        2261.60531015648     
   15.9428400000000        2265.65087468568     
   15.9513300000000        2269.76206267535     
   15.9598300000000        2272.17541819370     
   15.9683100000000        2270.18209927932     
   15.9768000000000        2261.02080186069     
   15.9852800000000        2243.17938999720     
   15.9937600000000        2217.21635442522     
   16.0022400000000        2185.65119256822     
   16.0107100000000        2151.98073900250     
   16.0191800000000        2119.39365266297     
   16.0276500000000        2090.12048914969     
   16.0361200000000        2064.99474283927     
   16.0445800000000        2043.34490751529     
   16.0530300000000        2023.21549936241     
   16.0614900000000        2002.14364913079     
   16.0699400000000        1978.43562516456     
   16.0783900000000        1952.01633595524     
   16.0868300000000        1924.83878412837     
   16.0952800000000        1899.94290945121     
   16.1037100000000        1880.25147723317     
   16.1121500000000        1867.10991416803     
   16.1205800000000        1860.33552206123     
   16.1290100000000        1858.69245554503     
   16.1374400000000        1860.82281658880     
   16.1458600000000        1865.64639918548     
   16.1542800000000        1872.13812265006     
   16.1627000000000        1878.78415727045     
   16.1711100000000        1883.32147377889     
   16.1795200000000        1883.01836405471     
   16.1879300000000        1875.31726350240     
   16.1963300000000        1858.74904938687     
   16.2047300000000        1833.68442448302     
   16.2131300000000        1802.65238612844     
   16.2215200000000        1769.77652001513     
   16.2299100000000        1739.33103272516     
   16.2383000000000        1714.57559788699     
   16.2466900000000        1697.08138348584     
   16.2550700000000        1686.69697085965     
   16.2634500000000        1681.71767583524     
   16.2718200000000        1679.37115813982     
   16.2802000000000        1676.60568773471     
   16.2885600000000        1671.17781430662     
   16.2969300000000        1662.36782503954     
   16.3052900000000        1651.11265409230     
   16.3136500000000        1639.34033670098     
   16.3220100000000        1629.17746486327     
   16.3303600000000        1622.38151496067     
   16.3387100000000        1620.19465701130     
   16.3470600000000        1623.53498292234     
   16.3554000000000        1633.09571962169     
   16.3637400000000        1649.25901596541     
   16.3720800000000        1671.69189056685     
   16.3804200000000        1698.93185981053     
   16.3887500000000        1728.31350478290     
   16.3970700000000        1756.54608464754     
   16.4054000000000        1780.46403408890     
   16.4137200000000        1797.33522644951     
   16.4220400000000        1805.28833137922     
   16.4303500000000        1803.40638478128     
   16.4386700000000        1792.03000362001     
   16.4469700000000        1772.90207672566     
   16.4552800000000        1748.58626758078     
   16.4635800000000        1721.88295000604     
   16.4718800000000        1694.78843006666     
   16.4801800000000        1668.13047236451     
   16.4884700000000        1641.72917028930     
   16.4967600000000        1615.00493459678     
   16.5050500000000        1587.83747341588     
   16.5133300000000        1560.87573835572     
   16.5216100000000        1535.16071772105     
   16.5298900000000        1511.64132983927     
   16.5381600000000        1490.67588166886     
   16.5464300000000        1471.81843282762     
   16.5547000000000        1454.13705820635     
   16.5629700000000        1436.59547772831     
   16.5712300000000        1418.39369471979     
   16.5794900000000        1398.97607490523     
   16.5877400000000        1378.01614302362     
   16.5959900000000        1355.22262296726     
   16.6042400000000        1330.41521835139     
   16.6124900000000        1303.56751373974     
   16.6207300000000        1274.91670681847     
   16.6289700000000        1244.93771590395     
   16.6372000000000        1214.50188082203     
   16.6454400000000        1184.57861718351     
   16.6536700000000        1156.29482196127     
   16.6618900000000        1130.58396950311     
   16.6701200000000        1108.17237632603     
   16.6783400000000        1089.67835676435     
   16.6865500000000        1075.28098415348     
   16.6947700000000        1064.65630293477     
   16.7029800000000        1057.08406364811     
   16.7111900000000        1051.48631600027     
   16.7193900000000        1046.65344657814     
   16.7275900000000        1041.35863436694     
   16.7357900000000        1034.52633760568     
   16.7439800000000        1025.41629850370     
   16.7521800000000        1013.73984238939     
   16.7603600000000        999.835568184098     
   16.7685500000000        984.439861321632     
   16.7767300000000        968.671300679667     
   16.7849100000000        953.648654637094     
   16.7930900000000        940.379117596456     
   16.8012600000000        929.664647281382     
   16.8094300000000        922.011166213265     
   16.8175900000000        917.599320041262     
   16.8257600000000        916.176094308470     
   16.8339200000000        917.146002732822     
   16.8420700000000        919.798630485096     
   16.8502300000000        923.661084050426     
   16.8583800000000        928.652974681654     
   16.8665300000000        935.025435944271     
   16.8746700000000        943.036604307975     
   16.8828100000000        952.686756123821     
   16.8909500000000        963.567326859034     
   16.8990800000000        974.933491706242     
   16.9072100000000        985.945502684994     
   16.9153400000000        995.781589211977     
   16.9234700000000        1003.65045278437     
   16.9315900000000        1008.68534018893     
   16.9397100000000        1009.93237114820     
   16.9478200000000        1006.46177466423     
   16.9559400000000        997.618134348177     
   16.9640500000000        983.347526370719     
   16.9721500000000        964.330396634806     
   16.9802600000000        941.855327499728     
   16.9883600000000        917.684532437086     
   16.9964500000000        893.501649523188     
   17.0045500000000        870.580545769061     
   17.0126400000000        849.799711818712     
   17.0207200000000        831.438851122849     
   17.0288100000000        815.298301533344     
   17.0368900000000        801.002117344258     
   17.0449700000000        788.062103604147     
   17.0530400000000        776.134602923575     
   17.0611100000000        765.007583100208     
   17.0691800000000        754.582428011494     
