   7.15970000000000        312.681870835583     
   7.17100000000000        313.033506013259     
   7.18231000000000        313.135327995427     
   7.19360000000000        305.242025376469     
   7.20490000000000        295.624803201096     
   7.21619000000000        288.423454148510     
   7.22748000000000        283.369620991678     
   7.23877000000000        286.111131765617     
   7.25005000000000        284.485746530509     
   7.26133000000000        279.479551637158     
   7.27261000000000        268.176741350297     
   7.28388000000000        260.816839190129     
   7.29515000000000        255.354961206780     
   7.30642000000000        260.882882989396     
   7.31768000000000        264.224158363759     
   7.32894000000000        268.398771264397     
   7.34020000000000        275.930358290066     
   7.35146000000000        291.930271624237     
   7.36271000000000        305.350341753795     
   7.37396000000000        319.177143445916     
   7.38520000000000        318.545584236186     
   7.39644000000000        306.137298895511     
   7.40768000000000        299.308457767689     
   7.41892000000000        292.559293576726     
   7.43015000000000        286.225329724344     
   7.44138000000000        287.233478380062     
   7.45261000000000        278.475777434873     
   7.46383000000000        268.708742720104     
   7.47505000000000        265.068239712210     
   7.48626000000000        259.371541984094     
   7.49748000000000        263.915380887097     
   7.50869000000000        269.095533057261     
   7.51990000000000        266.247390977972     
   7.53110000000000        264.297592682226     
   7.54230000000000        271.087633662304     
   7.55350000000000        277.628642933383     
   7.56469000000000        278.279303784045     
   7.57588000000000        277.429014642452     
   7.58707000000000        276.044146153549     
   7.59826000000000        280.916259643761     
   7.60944000000000        286.440849055526     
   7.62062000000000        296.380498668179     
   7.63179000000000        307.045125025321     
   7.64296000000000        304.508246808788     
   7.65413000000000        294.381478936703     
   7.66530000000000        285.558591094457     
   7.67646000000000        280.155577872503     
   7.68762000000000        284.442318413596     
   7.69878000000000        286.716374187280     
   7.70993000000000        277.703622152963     
   7.72108000000000        265.742862290345     
   7.73223000000000        261.321567930938     
   7.74337000000000        262.284252440626     
   7.75451000000000        259.087694559778     
   7.76565000000000        254.605042691288     
   7.77678000000000        250.101327575783     
   7.78791000000000        247.789047946630     
   7.79904000000000        248.361175553813     
   7.81017000000000        252.005917307734     
   7.82129000000000        255.681334159958     
   7.83241000000000        260.610212908334     
   7.84352000000000        265.054387618838     
   7.85463000000000        264.330488407364     
   7.86574000000000        260.954063421613     
   7.87685000000000        254.432859835723     
   7.88795000000000        250.190334349254     
   7.89905000000000        250.668546766467     
   7.91015000000000        248.280656107693     
   7.92124000000000        233.946562898015     
   7.93233000000000        223.430367368803     
   7.94342000000000        218.209115168687     
   7.95450000000000        213.317020926103     
   7.96558000000000        205.460734784459     
   7.97666000000000        192.202553941146     
   7.98773000000000        178.453040415032     
   7.99880000000000        169.105750186954     
   8.00987000000000        159.466334121089     
   8.02093000000000        151.910558234691     
   8.03200000000000        154.050592861779     
   8.04305000000000        158.099452478394     
   8.05411000000000        157.545598679403     
   8.06516000000000        159.757277273008     
   8.07621000000000        166.587265813675     
   8.08726000000000        173.636603238068     
   8.09830000000000        177.992731621738     
   8.10934000000000        181.851040565805     
   8.12037000000000        182.757531074901     
   8.13141000000000        181.046230674997     
   8.14244000000000        175.406269076557     
   8.15346000000000        169.732398179719     
   8.16449000000000        164.311046984218     
   8.17551000000000        158.012308987777     
   8.18652000000000        146.500946893919     
   8.19754000000000        132.770985197560     
   8.20855000000000        122.904569575307     
   8.21955000000000        117.546096933657     
   8.23056000000000        116.448602391920     
   8.24156000000000        118.272979713187     
   8.25256000000000        121.148407373991     
   8.26355000000000        122.009893322936     
   8.27454000000000        122.361975863268     
   8.28553000000000        124.690574323491     
   8.29652000000000        132.237670396461     
   8.30750000000000        145.601091049827     
   8.31848000000000        157.743650901056     
   8.32946000000000        166.713978479243     
   8.34043000000000        170.911255435120     
   8.35140000000000        174.394339367405     
   8.36236000000000        177.826609168277     
   8.37333000000000        182.787353349999     
   8.38429000000000        189.800537653311     
   8.39524000000000        198.619961897522     
   8.40620000000000        203.232105371437     
   8.41715000000000        205.494252969567     
   8.42810000000000        204.260688992119     
   8.43904000000000        204.457870749984     
   8.44998000000000        201.313208097735     
   8.46092000000000        196.064750032679     
   8.47185000000000        191.974991366541     
   8.48278000000000        190.340769747935     
   8.49371000000000        188.250783814949     
   8.50464000000000        185.115108181850     
   8.51556000000000        182.556568673125     
   8.52648000000000        181.843145213875     
   8.53739000000000        183.062505651520     
   8.54831000000000        184.707795752087     
   8.55922000000000        187.501255897123     
   8.57012000000000        194.160766353419     
   8.58103000000000        201.948986461131     
   8.59193000000000        208.765474577426     
   8.60282000000000        212.759866902446     
   8.61372000000000        216.723320846989     
   8.62461000000000        223.584858293683     
   8.63549000000000        229.914769327770     
   8.64638000000000        235.053780705508     
   8.65726000000000        239.761690160333     
   8.66814000000000        244.022156102981     
   8.67901000000000        249.122099053960     
   8.68988000000000        253.946870752353     
   8.70075000000000        256.123487694073     
   8.71161000000000        255.216076611608     
   8.72248000000000        254.777659819706     
   8.73333000000000        253.002304605179     
   8.74419000000000        247.795736612308     
   8.75504000000000        239.279396779103     
   8.76589000000000        231.170239239245     
   8.77674000000000        223.633842230428     
   8.78758000000000        216.646672902657     
   8.79842000000000        211.916744248879     
   8.80926000000000        209.629695219552     
   8.82009000000000        207.244194774000     
   8.83092000000000        202.746682290786     
   8.84175000000000        198.975590551442     
   8.85257000000000        193.326945711308     
   8.86339000000000        190.917806788865     
   8.87421000000000        190.867292674946     
   8.88502000000000        190.626543226527     
   8.89583000000000        191.500822965680     
   8.90664000000000        193.359691649632     
   8.91745000000000        195.041567923918     
   8.92825000000000        194.720587858743     
   8.93905000000000        193.475079041162     
   8.94984000000000        193.242403066506     
   8.96063000000000        194.747855409032     
   8.97142000000000        197.298429487269     
   8.98221000000000        199.344267879232     
   8.99299000000000        200.179687677445     
   9.00377000000000        200.054732989219     
   9.01455000000000        199.693523115207     
   9.02532000000000        199.197797429066     
   9.03609000000000        199.583675912598     
   9.04686000000000        206.662350596797     
   9.05762000000000        219.157203999146     
   9.06838000000000        233.585688640834     
   9.07914000000000        246.913453981087     
   9.08989000000000        251.669026353311     
   9.10064000000000        246.581498560526     
   9.11139000000000        239.658716059673     
   9.12214000000000        233.855499172763     
   9.13288000000000        228.786838646857     
   9.14362000000000        225.101291737007     
   9.15435000000000        216.976869255185     
   9.16508000000000        204.154088285710     
   9.17581000000000        196.153550360152     
   9.18654000000000        197.461588789414     
   9.19726000000000        197.737641573994     
   9.20798000000000        191.345790591246     
   9.21870000000000        184.685043196326     
   9.22941000000000        180.122114241089     
   9.24012000000000        176.207425177731     
   9.25082000000000        171.741118855626     
   9.26153000000000        168.936785127870     
   9.27223000000000        167.685893523291     
   9.28293000000000        169.901212082346     
   9.29362000000000        175.324624799601     
   9.30431000000000        179.600335125151     
   9.31500000000000        176.076859590860     
   9.32568000000000        172.325509455534     
   9.33636000000000        178.845838215311     
   9.34704000000000        193.630998431889     
   9.35772000000000        208.354775848252     
   9.36839000000000        216.983244564603     
   9.37906000000000        218.522211288434     
   9.38972000000000        219.226798378851     
   9.40038000000000        223.215422156666     
   9.41104000000000        229.957893145696     
   9.42170000000000        234.650014964477     
   9.43235000000000        236.924787120917     
   9.44300000000000        240.559200537880     
   9.45365000000000        248.212147191397     
   9.46429000000000        254.072633589914     
   9.47493000000000        256.596898610728     
   9.48557000000000        261.039407272933     
   9.49620000000000        261.741455740846     
   9.50683000000000        260.062236057605     
   9.51746000000000        254.922491957119     
   9.52808000000000        254.242765515510     
   9.53871000000000        262.699088942907     
   9.54932000000000        274.357199878686     
   9.55994000000000        289.334137014091     
   9.57055000000000        297.834432163113     
   9.58116000000000        296.474648816052     
   9.59176000000000        292.876305431038     
   9.60237000000000        293.278794640053     
   9.61296000000000        295.399538676390     
   9.62356000000000        303.074667024790     
   9.63415000000000        312.624895001005     
   9.64474000000000        316.145385197924     
   9.65533000000000        314.420369698608     
   9.66591000000000        314.887772117409     
   9.67649000000000        320.026317118710     
   9.68707000000000        326.426126214180     
   9.69764000000000        332.711631827193     
   9.70821000000000        341.540324239399     
   9.71878000000000        361.868928488133     
   9.72934000000000        390.352413695641     
   9.73990000000000        411.386956314377     
   9.75046000000000        419.498605562839     
   9.76102000000000        421.205732516276     
   9.77157000000000        425.562612585603     
   9.78212000000000        430.233760007009     
   9.79266000000000        429.564916157315     
   9.80320000000000        426.690099391545     
   9.81374000000000        422.235888096873     
   9.82428000000000        419.421387052150     
   9.83481000000000        422.343787578758     
   9.84534000000000        426.351668490536     
   9.85586000000000        430.588781795182     
   9.86639000000000        432.765283897198     
   9.87691000000000        419.057647472330     
   9.88742000000000        403.195133751206     
   9.89794000000000        406.463387136291     
   9.90845000000000        416.935691430704     
   9.91895000000000        419.790659406533     
   9.92946000000000        417.860092576098     
   9.93996000000000        410.332240373102     
   9.95046000000000        398.874051363703     
   9.96095000000000        387.004797417821     
   9.97144000000000        375.708927827158     
   9.98193000000000        365.102754054091     
   9.99242000000000        361.325973082668     
   10.0029000000000        366.398113629227     
   10.0133800000000        372.955021510029     
   10.0238500000000        376.899715450825     
   10.0343200000000        373.942697765461     
   10.0447900000000        367.878066615098     
   10.0552600000000        364.802059728165     
   10.0657200000000        363.823653467090     
   10.0761800000000        363.560857768162     
   10.0866400000000        365.165433057250     
   10.0970900000000        369.514514931755     
   10.1075400000000        375.188188611720     
   10.1179900000000        377.840696218811     
   10.1284300000000        377.544831836680     
   10.1388700000000        383.527012197293     
   10.1493100000000        394.434617650529     
   10.1597400000000        394.365519700597     
   10.1701700000000        388.685537899947     
   10.1806000000000        389.792937959752     
   10.1910300000000        391.638268940792     
   10.2014500000000        390.990037288302     
   10.2118700000000        397.277052617804     
   10.2222800000000        409.217322639952     
   10.2326900000000        416.085955334186     
   10.2431000000000        416.010595966319     
   10.2535100000000        412.608636491186     
   10.2639100000000        408.598828316034     
   10.2743100000000        405.541540041407     
   10.2847100000000        410.558052948939     
   10.2951000000000        424.522967880476     
   10.3054900000000        434.300624727361     
   10.3158800000000        435.575890162602     
   10.3262600000000        436.029478521535     
   10.3366400000000        432.734047476453     
   10.3470200000000        425.865046852672     
   10.3573900000000        424.981097009794     
   10.3677600000000        431.109978165149     
   10.3781300000000        434.907914249685     
   10.3884900000000        431.640617321693     
   10.3988600000000        424.237668368125     
   10.4092100000000        415.818667236574     
   10.4195700000000        410.486263183657     
   10.4299200000000        408.803485331833     
   10.4402700000000        408.120213660356     
   10.4506100000000        405.600999212938     
   10.4609600000000        400.237776621249     
   10.4713000000000        393.510735621044     
   10.4816300000000        387.996338772105     
   10.4919600000000        387.316448534114     
   10.5022900000000        390.990242005950     
   10.5126200000000        394.844781202302     
   10.5229400000000        397.063393382286     
   10.5332600000000        393.830986087153     
   10.5435800000000        386.710282230597     
   10.5539000000000        378.781879458664     
   10.5642100000000        370.339434931849     
   10.5745100000000        363.076494458519     
   10.5848200000000        358.457001806206     
   10.5951200000000        354.679501579373     
   10.6054200000000        352.703677551889     
   10.6157100000000        352.907021314481     
   10.6260000000000        354.954949730642     
   10.6362900000000        362.690211087954     
   10.6465800000000        371.744921081683     
   10.6568600000000        377.321733346635     
   10.6671400000000        381.120361098255     
   10.6774100000000        384.986562845762     
   10.6876900000000        390.300606758044     
   10.6979600000000        397.759203097045     
   10.7082200000000        407.864656523179     
   10.7184900000000        422.085926060041     
   10.7287500000000        437.487581586926     
   10.7390000000000        450.311874760024     
   10.7492600000000        461.047069156178     
   10.7595100000000        470.518928297552     
   10.7697500000000        481.090485147162     
   10.7800000000000        496.214162502712     
   10.7902400000000        510.885359274627     
   10.8004800000000        521.396644273747     
   10.8107100000000        529.698365270736     
   10.8209400000000        535.182425000767     
   10.8311700000000        538.109384759784     
   10.8414000000000        544.463839904352     
   10.8516200000000        558.279389273253     
   10.8618400000000        577.126969985376     
   10.8720500000000        592.929671112814     
   10.8822700000000        603.911238758101     
   10.8924800000000        612.289273381966     
   10.9026800000000        620.513528751747     
   10.9128800000000        632.003979485756     
   10.9230800000000        648.452696106411     
   10.9332800000000        666.544372587806     
   10.9434700000000        682.010840899778     
   10.9536600000000        694.168835057771     
   10.9638500000000        700.569945090370     
   10.9740400000000        694.348559949884     
   10.9842200000000        679.846811309549     
   10.9943900000000        667.437249672795     
   11.0045700000000        660.884098320783     
   11.0147400000000        660.932262361831     
   11.0249100000000        665.967010496135     
   11.0350700000000        671.075852108005     
   11.0452300000000        673.397681904126     
   11.0553900000000        675.322276756290     
   11.0655500000000        680.107447796571     
   11.0757000000000        689.219846879366     
   11.0858500000000        701.425814075028     
   11.0960000000000        713.367154437342     
   11.1061400000000        720.218731360898     
   11.1162800000000        720.108219627442     
   11.1264200000000        717.414206146398     
   11.1365500000000        719.237989122467     
   11.1466800000000        725.552212669322     
   11.1568100000000        730.810920231316     
   11.1669300000000        735.073414575703     
   11.1770500000000        740.348205731093     
   11.1871700000000        744.045588462163     
   11.1972800000000        744.937108401983     
   11.2073900000000        744.514967886939     
   11.2175000000000        740.990338161984     
   11.2276100000000        738.568182486471     
   11.2377100000000        744.766541137968     
   11.2478100000000        761.302513684576     
   11.2579000000000        781.866945895890     
   11.2679900000000        796.918665197739     
   11.2780800000000        804.084613972105     
   11.2881700000000        807.851298226105     
   11.2982500000000        811.774426343450     
   11.3083300000000        819.729709523831     
   11.3184100000000        832.461968532495     
   11.3284800000000        844.295907538454     
   11.3385500000000        852.235092827168     
   11.3486200000000        858.921031262563     
   11.3586800000000        867.681868513278     
   11.3687400000000        879.715314386972     
   11.3788000000000        891.635401866926     
   11.3888500000000        901.089253342524     
   11.3989000000000        908.602942973520     
   11.4089500000000        913.924028626632     
   11.4189900000000        917.459360214797     
   11.4290400000000        921.422387343588     
   11.4390700000000        926.459407693672     
   11.4491100000000        930.695137130973     
   11.4591400000000        936.104513116107     
   11.4691700000000        945.563176083910     
   11.4792000000000        957.177180498290     
   11.4892200000000        966.819565670297     
   11.4992400000000        973.864153270787     
   11.5092500000000        978.755705804180     
   11.5192700000000        980.948907170521     
   11.5292800000000        982.442357941396     
   11.5392800000000        986.031497547902     
   11.5492900000000        991.652503684077     
   11.5592900000000        997.041324401458     
   11.5692800000000        1000.48621401727     
   11.5792800000000        1004.61442976193     
   11.5892700000000        1011.31901677081     
   11.5992600000000        1017.33088718466     
   11.6092400000000        1021.17901285553     
   11.6192200000000        1024.01920057734     
   11.6292000000000        1026.39879693726     
   11.6391700000000        1028.63006755447     
   11.6491500000000        1030.39506966683     
   11.6591200000000        1033.48443793987     
   11.6690800000000        1039.43315697026     
   11.6790400000000        1046.08728223757     
   11.6890000000000        1050.24696117628     
   11.6989600000000        1051.17225499651     
   11.7089100000000        1051.83452282078     
   11.7188600000000        1053.89736486643     
   11.7288100000000        1054.78767391631     
   11.7387500000000        1053.00594412013     
   11.7486900000000        1048.95142147024     
   11.7586300000000        1040.76799263504     
   11.7685600000000        1028.06780988626     
   11.7784900000000        1012.50477421794     
   11.7884200000000        993.215053367402     
   11.7983400000000        975.192475104698     
   11.8082600000000        966.900587131526     
   11.8181800000000        968.453612454934     
   11.8281000000000        973.308736987565     
   11.8380100000000        973.969049378100     
   11.8479200000000        967.211510184663     
   11.8578200000000        955.628180596922     
   11.8677200000000        943.142045486607     
   11.8776200000000        931.494362101311     
   11.8875200000000        920.636942203508     
   11.8974100000000        911.347796508278     
   11.9073000000000        904.077538527743     
   11.9171900000000        897.881885058942     
   11.9270700000000        891.630106901638     
   11.9369500000000        886.112901954291     
   11.9468300000000        882.184722311484     
   11.9567000000000        876.957524343132     
   11.9665700000000        866.817238485979     
   11.9764400000000        850.738950795017     
   11.9863000000000        831.037513608431     
   11.9961600000000        813.619082030395     
   12.0060200000000        803.459971220032     
   12.0158700000000        800.370148255488     
   12.0257300000000        801.892606434666     
   12.0355700000000        807.726434658015     
   12.0454200000000        818.330096436674     
   12.0552600000000        832.565117707057     
   12.0651000000000        849.090903926535     
   12.0749400000000        866.771264204258     
   12.0847700000000        882.775773262555     
   12.0946000000000        895.297951972195     
   12.1044200000000        904.202945345323     
   12.1142500000000        909.019721179271     
   12.1240700000000        912.064777802343     
   12.1338800000000        917.556576749306     
   12.1437000000000        928.153656758096     
   12.1535100000000        944.203082489572     
   12.1633100000000        962.300128170383     
   12.1731200000000        978.784382723636     
   12.1829200000000        993.338761253388     
   12.1927200000000        1006.17308999180     
   12.2025100000000        1018.38869180254     
   12.2123000000000        1030.21013162021     
   12.2220900000000        1038.81467559983     
   12.2318700000000        1044.13213453598     
   12.2416600000000        1049.19574831838     
   12.2514300000000        1053.98616077038     
   12.2612100000000        1057.20833434039     
   12.2709800000000        1060.88116583423     
   12.2807500000000        1067.43352366232     
   12.2905200000000        1075.40194612743     
   12.3002800000000        1083.73215385421     
   12.3100400000000        1093.39534554117     
   12.3198000000000        1102.05328724098     
   12.3295500000000        1104.20192006046     
   12.3393000000000        1099.45528593327     
   12.3490500000000        1093.88473413145     
   12.3587900000000        1091.91518289543     
   12.3685300000000        1092.76012526058     
   12.3782700000000        1093.07649403534     
   12.3880000000000        1092.10287791989     
   12.3977300000000        1092.51056159382     
   12.4074600000000        1095.63711662415     
   12.4171800000000        1099.53352639798     
   12.4269100000000        1101.39137265527     
   12.4366200000000        1099.92345295452     
   12.4463400000000        1094.64750178102     
   12.4560500000000        1083.58519698838     
   12.4657600000000        1064.63648198647     
   12.4754700000000        1039.18552103832     
   12.4851700000000        1013.37525852447     
   12.4948700000000        993.356881103319     
   12.5045600000000        982.185659021167     
   12.5142600000000        979.723166755721     
   12.5239500000000        983.109305950102     
   12.5336300000000        987.686574956937     
   12.5433200000000        989.396852113937     
   12.5530000000000        987.157564397696     
   12.5626800000000        982.526526604609     
   12.5723500000000        977.553645272803     
   12.5820200000000        973.867615382808     
   12.5916900000000        972.598526970749     
   12.6013500000000        973.357006486751     
   12.6110100000000        975.548871239225     
   12.6206700000000        979.726730560363     
   12.6303300000000        985.112774565355     
   12.6399800000000        990.012185606124     
   12.6496300000000        992.916416213569     
   12.6592700000000        990.968438244131     
   12.6689200000000        982.038348694160     
   12.6785500000000        969.383602037588     
   12.6881900000000        959.837076764818     
   12.6978200000000        958.620308778585     
   12.7074500000000        967.774178927230     
   12.7170800000000        986.127697354678     
   12.7267000000000        1009.76909705401     
   12.7363200000000        1033.76398333710     
   12.7459400000000        1053.46482996975     
   12.7555500000000        1065.36836062692     
   12.7651600000000        1068.31117118152     
   12.7747700000000        1063.78973011857     
   12.7843800000000        1055.45871125828     
   12.7939800000000        1048.55654347333     
   12.8035800000000        1047.24378634837     
   12.8131700000000        1052.05668341807     
   12.8227600000000        1060.15359260701     
   12.8323500000000        1068.36739329938     
   12.8419400000000        1075.91870072630     
   12.8515200000000        1083.20087890065     
   12.8611000000000        1090.11881390432     
   12.8706700000000        1096.67447792743     
   12.8802500000000        1103.43225578511     
   12.8898100000000        1110.71833010614     
   12.8993800000000        1118.70682865769     
   12.9089400000000        1128.68353849737     
   12.9185000000000        1142.22165842964     
   12.9280600000000        1158.96825004998     
   12.9376100000000        1176.02590386586     
   12.9471700000000        1189.85934696290     
   12.9567100000000        1199.22052540762     
   12.9662600000000        1205.71820820542     
   12.9758000000000        1211.03331860543     
   12.9853400000000        1215.67973711675     
   12.9948700000000        1219.92323352942     
   13.0044000000000        1223.15934752803     
   13.0139300000000        1223.81945476101     
   13.0234600000000        1221.81412546546     
   13.0329800000000        1219.13023983617     
   13.0425000000000        1217.09586646589     
   13.0520100000000        1215.66059373861     
   13.0615200000000        1214.97271957533     
   13.0710300000000        1216.20591811079     
   13.0805400000000        1220.85967141449     
   13.0900400000000        1229.78231728244     
   13.0995400000000        1243.47431576648     
   13.1090400000000        1262.28844663946     
   13.1185300000000        1285.12660734862     
   13.1280200000000        1308.80454636814     
   13.1375100000000        1329.67473379231     
   13.1469900000000        1345.45470149413     
   13.1564700000000        1355.74917171633     
   13.1659500000000        1361.84967308877     
   13.1754300000000        1365.98634120682     
   13.1849000000000        1370.13611147011     
   13.1943700000000        1375.40513426072     
   13.2038300000000        1382.59441175534     
   13.2132900000000        1391.98607985043     
   13.2227500000000        1401.47659729386     
   13.2322100000000        1407.12945223743     
   13.2416600000000        1406.09013855349     
   13.2511100000000        1398.59963046240     
   13.2605500000000        1387.85905647333     
   13.2700000000000        1377.81150949649     
   13.2794400000000        1371.20321888308     
   13.2888700000000        1368.52493141791     
   13.2983100000000        1367.95629304482     
   13.3077400000000        1366.36429877684     
   13.3171600000000        1362.24303349462     
   13.3265900000000        1357.20472352827     
   13.3360100000000        1353.45265574703     
   13.3454300000000        1351.03770551469     
   13.3548400000000        1347.91156299684     
   13.3642500000000        1342.12355738163     
   13.3736600000000        1333.68753655988     
   13.3830600000000        1323.93839389753     
   13.3924700000000        1314.75968857735     
   13.4018600000000        1308.73048576529     
   13.4112600000000        1306.81534875104     
   13.4206500000000        1306.80136982985     
   13.4300400000000        1306.37970014285     
   13.4394300000000        1305.87992150351     
   13.4488100000000        1306.48644739866     
   13.4581900000000        1308.09463539790     
   13.4675600000000        1309.51895665962     
   13.4769400000000        1309.72417592262     
   13.4863100000000        1309.34808020116     
   13.4956700000000        1311.10944889770     
   13.5050400000000        1317.36554649975     
   13.5144000000000        1327.06367894992     
   13.5237600000000        1335.66361508328     
   13.5331100000000        1338.06228761063     
   13.5424600000000        1332.38948961006     
   13.5518100000000        1320.83634818460     
   13.5611500000000        1307.67547054048     
   13.5704900000000        1297.09651213031     
   13.5798300000000        1291.78308822696     
   13.5891700000000        1292.29371201175     
   13.5985000000000        1297.36400888810     
   13.6078300000000        1305.15409134393     
   13.6171500000000        1314.61334127217     
   13.6264800000000        1325.40532738444     
   13.6358000000000        1336.70611184718     
   13.6451100000000        1347.04139641665     
   13.6544200000000        1355.11706630871     
   13.6637300000000        1360.56601055255     
   13.6730400000000        1364.14953059435     
   13.6823400000000        1367.17250717690     
   13.6916400000000        1370.70949666856     
   13.7009400000000        1375.16353834243     
   13.7102400000000        1379.79244146419     
   13.7195300000000        1383.18443283267     
   13.7288100000000        1384.84983971088     
   13.7381000000000        1385.59589684741     
   13.7473800000000        1385.92129799590     
   13.7566600000000        1384.69993678991     
   13.7659300000000        1380.26985270113     
   13.7752000000000        1372.85725357725     
   13.7844700000000        1365.18775222961     
   13.7937400000000        1360.63706306289     
   13.8030000000000        1361.42889262229     
   13.8122600000000        1368.29350328401     
   13.8215200000000        1380.77850467192     
   13.8307700000000        1397.63958532553     
   13.8400200000000        1417.44486732966     
   13.8492600000000        1438.74371273115     
   13.8585100000000        1459.65845342290     
   13.8677500000000        1477.48267427679     
   13.8769800000000        1489.84789737555     
   13.8862200000000        1495.94109676185     
   13.8954500000000        1496.77508239199     
   13.9046800000000        1494.45096432389     
   13.9139000000000        1490.96832626306     
   13.9231200000000        1487.41650962233     
   13.9323400000000        1483.83081481761     
   13.9415500000000        1480.15311200850     
   13.9507700000000        1477.68522963167     
   13.9599700000000        1478.82425104258     
   13.9691800000000        1484.65874211405     
   13.9783800000000        1493.50771451710     
   13.9875800000000        1502.14270654954     
   13.9967800000000        1507.92634935748     
   14.0059700000000        1510.40411196426     
   14.0151600000000        1511.51144548197     
   14.0243400000000        1513.62362659212     
   14.0335300000000        1517.57550966022     
   14.0427100000000        1522.70474463001     
   14.0518800000000        1527.63795065970     
   14.0610600000000        1530.40298097185     
   14.0702300000000        1528.56425713079     
   14.0794000000000        1520.44403708960     
   14.0885600000000        1506.51884434146     
   14.0977200000000        1489.21526886662     
   14.1068800000000        1471.69898726902     
   14.1160300000000        1456.70958781326     
   14.1251800000000        1445.31753862403     
   14.1343300000000        1436.46544260549     
   14.1434800000000        1428.08153310923     
   14.1526200000000        1418.96468400133     
   14.1617600000000        1409.24960895928     
   14.1708900000000        1399.41311599389     
   14.1800300000000        1389.77203229607     
   14.1891500000000        1381.22810261675     
   14.1982800000000        1375.09013105131     
   14.2074000000000        1371.93062250702     
   14.2165200000000        1370.80712488243     
   14.2256400000000        1370.11066160704     
   14.2347500000000        1369.03068747018     
   14.2438600000000        1368.32542111327     
   14.2529700000000        1370.02119430236     
   14.2620700000000        1376.38099076319     
   14.2711800000000        1388.93222988776     
   14.2802700000000        1407.97582875561     
   14.2893700000000        1432.72677052506     
   14.2984600000000        1460.96224527750     
   14.3075500000000        1489.43163344935     
   14.3166300000000        1515.10766854742     
   14.3257100000000        1536.93202639476     
   14.3347900000000        1555.38587690167     
   14.3438700000000        1570.46825943269     
   14.3529400000000        1580.85044112441     
   14.3620100000000        1585.12321033335     
   14.3710700000000        1582.83776757681     
   14.3801400000000        1574.35320662085     
   14.3892000000000        1560.52471578581     
   14.3982500000000        1542.59057291890     
   14.4073100000000        1521.86362253022     
   14.4163600000000        1499.78564193313     
   14.4254000000000        1478.09108308215     
   14.4344500000000        1458.68647281405     
   14.4434900000000        1443.14261848163     
   14.4525200000000        1431.96856406409     
   14.4615600000000        1424.46786710668     
   14.4705900000000        1419.32306360376     
   14.4796200000000        1415.52540005109     
   14.4886400000000        1412.65028061994     
   14.4976600000000        1410.23074720514     
   14.5066800000000        1407.50873824681     
   14.5157000000000        1403.67044864276     
   14.5247100000000        1398.11834701695     
   14.5337200000000        1390.83162402347     
   14.5427200000000        1382.77841164652     
   14.5517300000000        1375.76004640914     
   14.5607300000000        1371.91615300802     
   14.5697200000000        1372.85724919584     
   14.5787100000000        1378.72934220112     
   14.5877000000000        1387.83270847800     
   14.5966900000000        1397.33919219535     
   14.6056700000000        1404.80683187695     
   14.6146600000000        1409.66286526925     
   14.6236300000000        1413.22719697672     
   14.6326100000000        1417.12899359955     
   14.6415800000000        1421.58865946398     
   14.6505400000000        1425.63501730359     
   14.6595100000000        1428.54130018913     
   14.6684700000000        1430.23277069438     
   14.6774300000000        1430.52087809658     
   14.6863800000000        1429.02576509266     
   14.6953400000000        1426.11153773000     
   14.7042800000000        1423.03652979277     
   14.7132300000000        1420.94047375561     
   14.7221700000000        1420.21731342550     
   14.7311100000000        1420.61024712930     
   14.7400500000000        1421.52260698809     
   14.7489800000000        1421.94897345688     
   14.7579100000000        1420.10786547371     
   14.7668400000000        1413.77421083513     
   14.7757600000000        1401.66183432992     
   14.7846800000000        1384.31161492346     
   14.7936000000000        1363.73616792709     
   14.8025100000000        1342.49151125136     
   14.8114200000000        1322.89314196634     
   14.8203300000000        1306.86478537613     
   14.8292300000000        1295.83931828841     
   14.8381300000000        1290.38487030232     
   14.8470300000000        1290.02071164231     
   14.8559300000000        1293.51255422057     
   14.8648200000000        1299.46004009437     
   14.8737100000000        1306.62171941459     
   14.8825900000000        1313.74943548219     
   14.8914700000000        1319.53203010801     
   14.9003500000000        1322.91096680621     
   14.9092300000000        1323.40596298882     
   14.9181000000000        1320.95727151071     
   14.9269700000000        1315.56616315741     
   14.9358400000000        1307.23282721486     
   14.9447000000000        1296.14596136467     
   14.9535600000000        1282.73970975417     
   14.9624200000000        1267.70372741329     
   14.9712700000000        1251.96481429077     
   14.9801200000000        1236.59307009991     
   14.9889700000000        1222.76831423391     
   14.9978100000000        1211.57433078238     
   15.0066500000000        1203.69076533422     
   15.0154900000000        1199.25854508938     
   15.0243300000000        1197.74430438468     
   15.0331600000000        1197.90515868475     
   15.0419900000000        1198.10532078323     
   15.0508100000000        1196.96737805981     
   15.0596300000000        1193.86320089261     
   15.0684500000000        1188.90540997696     
   15.0772700000000        1182.52493307357     
   15.0860800000000        1175.01228353142     
   15.0948900000000        1166.43845627820     
   15.1037000000000        1157.13076256274     
   15.1125000000000        1148.04056128913     
   15.1213000000000        1140.32233530822     
   15.1301000000000        1134.58222074514     
   15.1388900000000        1130.67366924881     
   15.1476800000000        1128.21850947449     
   15.1564700000000        1127.09866625327     
   15.1652500000000        1127.38834998291     
   15.1740300000000        1129.08748037531     
   15.1828100000000        1132.01313896871     
   15.1915800000000        1135.80176519955     
   15.2003500000000        1139.90376146303     
   15.2091200000000        1143.48765754365     
   15.2178900000000        1145.44221824905     
   15.2266500000000        1144.64004452409     
   15.2354100000000        1140.36099460301     
   15.2441600000000        1132.48580872169     
   15.2529200000000        1121.17912235222     
   15.2616700000000        1106.59018756680     
   15.2704100000000        1088.90374424280     
   15.2791500000000        1068.88559328531     
   15.2878900000000        1048.24975529749     
   15.2966300000000        1029.17299771943     
   15.3053600000000        1013.33441895875     
   15.3140900000000        1001.22449991951     
   15.3228200000000        992.331659745140     
   15.3315400000000        985.778840496341     
   15.3402600000000        981.042516458779     
   15.3489800000000        978.283494909271     
   15.3577000000000        977.957871586988     
   15.3664100000000        980.094728753141     
   15.3751200000000        983.885709110951     
   15.3838200000000        987.936734844531     
   15.3925200000000        990.895770949238     
   15.4012200000000        991.788804471375     
   15.4099200000000        990.053543663829     
   15.4186100000000        985.593029818077     
   15.4273000000000        978.850368214122     
   15.4359800000000        970.752610163397     
   15.4446700000000        962.433263851752     
   15.4533400000000        955.039933002208     
   15.4620200000000        949.377988879265     
   15.4706900000000        945.760350174840     
   15.4793600000000        943.814398347316     
   15.4880300000000        942.601666624862     
   15.4966900000000        940.961222982231     
   15.5053500000000        938.017926712012     
   15.5140100000000        933.599363494835     
   15.5226700000000        928.299871951399     
   15.5313200000000        923.162470879186     
   15.5399600000000        919.117508038933     
   15.5486100000000        916.529032854629     
   15.5572500000000        915.105803370149     
   15.5658900000000        914.067197457523     
   15.5745200000000        912.442750018490     
   15.5831600000000        909.332076998276     
   15.5917900000000        904.167868959842     
   15.6004100000000        896.882483034563     
   15.6090300000000        887.908643916110     
   15.6176500000000        877.994566110409     
   15.6262700000000        867.900146213767     
   15.6348800000000        858.202508911410     
   15.6434900000000        849.230581492874     
   15.6521000000000        841.190312803476     
   15.6607000000000        834.262930364591     
   15.6693000000000        828.613215801524     
   15.6779000000000        824.388497395577     
   15.6864900000000        821.667708784126     
   15.6950800000000        820.350483811064     
   15.7036700000000        819.994874099622     
   15.7122600000000        819.766157681797     
   15.7208400000000        818.736293598937     
   15.7294100000000        816.383178185490     
   15.7379900000000        812.904534747971     
   15.7465600000000        809.170687590578     
   15.7551300000000        806.273159555139     
   15.7637000000000        805.001225384796     
   15.7722600000000        805.494282721913     
   15.7808200000000        807.253488446868     
   15.7893700000000        809.381904347869     
   15.7979300000000        810.834308403734     
   15.8064700000000        810.583829227505     
   15.8150200000000        807.850010258991     
   15.8235600000000        802.398901546871     
   15.8321000000000        794.757350519288     
   15.8406400000000        786.127817348761     
   15.8491800000000        777.925077569329     
   15.8577100000000        771.256650219355     
   15.8662300000000        766.654537957580     
   15.8747600000000        764.146972187732     
   15.8832800000000        763.457633277613     
   15.8918000000000        764.167207986349     
   15.9003100000000        765.911447817379     
   15.9088200000000        768.497984158606     
   15.9173300000000        771.871497657011     
   15.9258400000000        775.994380015763     
   15.9343400000000        780.731912727716     
   15.9428400000000        785.780817289258     
   15.9513300000000        790.570649599758     
   15.9598300000000        794.283698659536     
   15.9683100000000        795.966916823144     
   15.9768000000000        794.866049809963     
   15.9852800000000        790.700482147054     
   15.9937600000000        783.789910568668     
   16.0022400000000        774.920848013999     
   16.0107100000000        765.070402576007     
   16.0191800000000        755.123435909968     
   16.0276500000000        745.778481391569     
   16.0361200000000        737.443585237985     
   16.0445800000000        730.135369397798     
   16.0530300000000        723.437687907139     
   16.0614900000000        716.678513799762     
   16.0699400000000        709.326406157524     
   16.0783900000000        701.274133138827     
   16.0868300000000        692.997780705064     
   16.0952800000000        685.317911996516     
   16.1037100000000        679.077065254134     
   16.1121500000000        674.683372926012     
   16.1205800000000        672.062701598490     
   16.1290100000000        670.734812947046     
   16.1374400000000        670.089582611857     
   16.1458600000000        669.575091921443     
   16.1542800000000        668.732179731124     
   16.1627000000000        667.128677950361     
   16.1711100000000        664.309911123843     
   16.1795200000000        659.808481338424     
   16.1879300000000        653.245714820499     
   16.1963300000000        644.505665316146     
   16.2047300000000        633.876178501236     
   16.2131300000000        622.137146325950     
   16.2215200000000        610.431074160939     
   16.2299100000000        599.914179436525     
   16.2383000000000        591.484121862371     
   16.2466900000000        585.568463428629     
   16.2550700000000        582.062897361668     
   16.2634500000000        580.360993829135     
   16.2718200000000        579.543203779592     
   16.2802000000000        578.664848594118     
   16.2885600000000        577.084924707941     
   16.2969300000000        574.622305480509     
   16.3052900000000        571.526940750968     
   16.3136500000000        568.258884334187     
   16.3220100000000        565.285702969714     
   16.3303600000000        562.975616786489     
   16.3387100000000        561.597418532568     
   16.3470600000000        561.380341048453     
   16.3554000000000        562.527212031339     
   16.3637400000000        565.174251466738     
   16.3720800000000        569.281675562042     
   16.3804200000000        574.512793869275     
   16.3887500000000        580.208955584819     
   16.3970700000000        585.539227357123     
   16.4054000000000        589.692420081052     
   16.4137200000000        591.951482586985     
   16.4220400000000        591.770083635925     
   16.4303500000000        588.833897854920     
   16.4386700000000        583.185344234358     
   16.4469700000000        575.335096035972     
   16.4552800000000        566.075714619114     
   16.4635800000000        556.323480890844     
   16.4718800000000        546.760597284562     
   16.4801800000000        537.706934980542     
   16.4884700000000        529.141428927595     
   16.4967600000000        520.868381967765     
   16.5050500000000        512.786326641397     
   16.5133300000000        505.006941078535     
   16.5216100000000        497.771635931705     
   16.5298900000000        491.312154529371     
   16.5381600000000        485.684983036875     
   16.5464300000000        480.696044566951     
   16.5547000000000        475.997501840649     
   16.5629700000000        471.216903102903     
   16.5712300000000        466.068932298992     
   16.5794900000000        460.361306392418     
   16.5877400000000        453.989590093623     
   16.5959900000000        446.883072009453     
   16.6042400000000        439.029529082355     
   16.6124900000000        430.483327555661     
   16.6207300000000        421.385007321718     
   16.6289700000000        411.931729350244     
   16.6372000000000        402.407872288541     
   16.6454400000000        393.083379800049     
   16.6536700000000        384.241625777893     
   16.6618900000000        376.094032311348     
   16.6701200000000        368.805754826503     
   16.6783400000000        362.556181310947     
   16.6865500000000        357.447303653541     
   16.6947700000000        353.470256141126     
   16.7029800000000        350.512062755459     
   16.7111900000000        348.328856649666     
   16.7193900000000        346.597862355924     
   16.7275900000000        344.937217500978     
   16.7357900000000        342.949395483939     
   16.7439800000000        340.281203399137     
   16.7521800000000        336.692935556577     
   16.7603600000000        332.166252839084     
   16.7685500000000        326.877601135229     
   16.7767300000000        321.204663293080     
   16.7849100000000        315.575551404461     
   16.7930900000000        310.392261891583     
   16.8012600000000        305.971375669515     
   16.8094300000000        302.509119511999     
   16.8175900000000        300.099181534101     
   16.8257600000000        298.716594625523     
   16.8339200000000        298.255017482582     
   16.8420700000000        298.559451720748     
   16.8502300000000        299.499586831225     
   16.8583800000000        301.006608705090     
   16.8665300000000        303.077531066129     
   16.8746700000000        305.725614349002     
   16.8828100000000        308.938398072738     
   16.8909500000000        312.635342401234     
   16.8990800000000        316.656313402264     
   16.9072100000000        320.786354492751     
   16.9153400000000        324.753885935441     
   16.9234700000000        328.239561607440     
   16.9315900000000        330.879848973066     
   16.9397100000000        332.305776589458     
   16.9478200000000        332.183611244599     
   16.9559400000000        330.281348768022     
   16.9640500000000        326.536162923676     
   16.9721500000000        321.090751010284     
   16.9802600000000        314.265354039424     
   16.9883600000000        306.547020417819     
   16.9964500000000        298.455216963744     
   17.0045500000000        290.450070415132     
   17.0126400000000        282.930470671742     
   17.0207200000000        276.130548147759     
   17.0288100000000        270.117611249778     
   17.0368900000000        264.872630744316     
   17.0449700000000        260.299853623898     
   17.0530400000000        256.320786370760     
   17.0611100000000        252.873105860196     
   17.0691800000000        249.904318064925     
