   7.15970000000000        1105.79435042880     
   7.17100000000000        1073.40851209294     
   7.18231000000000        1050.11874206074     
   7.19360000000000        980.341380058410     
   7.20490000000000        905.294286147129     
   7.21619000000000        822.929914604777     
   7.22748000000000        795.197748707331     
   7.23877000000000        814.653273621015     
   7.25005000000000        756.605742499301     
   7.26133000000000        696.654508353189     
   7.27261000000000        606.076755354173     
   7.28388000000000        523.983788053559     
   7.29515000000000        445.254559983810     
   7.30642000000000        422.109846193715     
   7.31768000000000        393.480349626697     
   7.32894000000000        389.131513154496     
   7.34020000000000        402.446187938093     
   7.35146000000000        426.896311223414     
   7.36271000000000        460.253031747691     
   7.37396000000000        508.569166347475     
   7.38520000000000        537.069960967610     
   7.39644000000000        517.979111227746     
   7.40768000000000        493.635604205382     
   7.41892000000000        452.325239067166     
   7.43015000000000        417.587789931529     
   7.44138000000000        413.372336484041     
   7.45261000000000        393.885061409943     
   7.46383000000000        365.034264463569     
   7.47505000000000        333.218744689685     
   7.48626000000000        285.013377411184     
   7.49748000000000        260.560720617141     
   7.50869000000000        260.969597444782     
   7.51990000000000        246.884505880331     
   7.53110000000000        242.313445721868     
   7.54230000000000        246.223267488288     
   7.55350000000000        249.291705473184     
   7.56469000000000        234.420157483775     
   7.57588000000000        218.148309553647     
   7.58707000000000        214.164400370641     
   7.59826000000000        228.750908179518     
   7.60944000000000        239.943242642757     
   7.62062000000000        255.238844876886     
   7.63179000000000        272.791625715318     
   7.64296000000000        279.152952742272     
   7.65413000000000        273.511498432688     
   7.66530000000000        268.203937270243     
   7.67646000000000        279.465664053550     
   7.68762000000000        299.283423362292     
   7.69878000000000        304.150834638034     
   7.70993000000000        291.115741792455     
   7.72108000000000        286.974231436042     
   7.73223000000000        298.013440970417     
   7.74337000000000        304.183395131777     
   7.75451000000000        313.823260139677     
   7.76565000000000        331.488909350703     
   7.77678000000000        351.049047805516     
   7.78791000000000        368.058024865158     
   7.79904000000000        382.311995650494     
   7.81017000000000        401.802095757929     
   7.82129000000000        413.551975102533     
   7.83241000000000        420.395207477155     
   7.84352000000000        418.354611590094     
   7.85463000000000        409.640950728611     
   7.86574000000000        413.623296380671     
   7.87685000000000        427.257373946662     
   7.88795000000000        437.625013884977     
   7.89905000000000        442.240260298702     
   7.91015000000000        437.486845612670     
   7.92124000000000        415.462633992146     
   7.93233000000000        403.322640503981     
   7.94342000000000        401.035037327116     
   7.95450000000000        402.810406251560     
   7.96558000000000        412.127835289685     
   7.97666000000000        422.793340415578     
   7.98773000000000        438.887417627391     
   7.99880000000000        459.383324560690     
   8.00987000000000        467.820945429787     
   8.02093000000000        468.744207544937     
   8.03200000000000        467.446736590354     
   8.04305000000000        466.772172489262     
   8.05411000000000        463.805470771101     
   8.06516000000000        476.830003223635     
   8.07621000000000        499.609565149332     
   8.08726000000000        526.795541847650     
   8.09830000000000        548.558555836001     
   8.10934000000000        572.804081598490     
   8.12037000000000        584.047774599910     
   8.13141000000000        583.019516595773     
   8.14244000000000        580.382320461500     
   8.15346000000000        576.782437219632     
   8.16449000000000        558.674830243233     
   8.17551000000000        539.524838323978     
   8.18652000000000        524.800844809788     
   8.19754000000000        514.176819759879     
   8.20855000000000        506.373794316755     
   8.21955000000000        509.673732371592     
   8.23056000000000        531.112242304591     
   8.24156000000000        540.750249551356     
   8.25256000000000        544.256445661719     
   8.26355000000000        540.232101350971     
   8.27454000000000        536.097786326128     
   8.28553000000000        552.610551711422     
   8.29652000000000        572.869726707214     
   8.30750000000000        593.994570783586     
   8.31848000000000        597.959813604399     
   8.32946000000000        581.784650038307     
   8.34043000000000        575.856322893528     
   8.35140000000000        565.858959039425     
   8.36236000000000        564.778483930968     
   8.37333000000000        570.499194335793     
   8.38429000000000        571.181491977118     
   8.39524000000000        567.254383368694     
   8.40620000000000        584.360880388640     
   8.41715000000000        612.063526801716     
   8.42810000000000        635.333867642516     
   8.43904000000000        661.972635931576     
   8.44998000000000        697.540195345197     
   8.46092000000000        738.819731982597     
   8.47185000000000        770.793725715305     
   8.48278000000000        788.639253973148     
   8.49371000000000        789.437920508246     
   8.50464000000000        786.633110248218     
   8.51556000000000        783.127266147707     
   8.52648000000000        768.549770896235     
   8.53739000000000        754.389606187109     
   8.54831000000000        755.731653999400     
   8.55922000000000        764.035128600947     
   8.57012000000000        764.847734632858     
   8.58103000000000        771.210081110371     
   8.59193000000000        786.349702451668     
   8.60282000000000        797.941402431304     
   8.61372000000000        796.361505457623     
   8.62461000000000        797.875385240521     
   8.63549000000000        801.040657394743     
   8.64638000000000        786.991436703660     
   8.65726000000000        770.575814871203     
   8.66814000000000        773.277125759885     
   8.67901000000000        783.838296609900     
   8.68988000000000        786.532923892162     
   8.70075000000000        770.113407921105     
   8.71161000000000        760.892680270317     
   8.72248000000000        746.857585641443     
   8.73333000000000        725.299375354386     
   8.74419000000000        712.561644843564     
   8.75504000000000        697.738931650882     
   8.76589000000000        678.386253081005     
   8.77674000000000        676.068939080575     
   8.78758000000000        680.958628725411     
   8.79842000000000        684.412155502583     
   8.80926000000000        685.090317800948     
   8.82009000000000        677.288453646736     
   8.83092000000000        671.410689640145     
   8.84175000000000        676.969939834414     
   8.85257000000000        674.947482363313     
   8.86339000000000        669.569740456414     
   8.87421000000000        673.172836313146     
   8.88502000000000        675.760730649955     
   8.89583000000000        674.606295045948     
   8.90664000000000        669.484744138988     
   8.91745000000000        670.044136518200     
   8.92825000000000        675.877331528068     
   8.93905000000000        674.591220719978     
   8.94984000000000        666.033223847709     
   8.96063000000000        656.799961555972     
   8.97142000000000        652.996833993052     
   8.98221000000000        654.187018879813     
   8.99299000000000        674.559634418877     
   9.00377000000000        709.917966334522     
   9.01455000000000        750.307528103329     
   9.02532000000000        820.913309809504     
   9.03609000000000        933.828243023142     
   9.04686000000000        1084.20451627349     
   9.05762000000000        1257.65896137193     
   9.06838000000000        1448.35937018627     
   9.07914000000000        1634.95965453374     
   9.08989000000000        1739.71124221888     
   9.10064000000000        1736.74298905467     
   9.11139000000000        1678.05519311727     
   9.12214000000000        1630.88346105098     
   9.13288000000000        1608.13900538427     
   9.14362000000000        1596.04494212942     
   9.15435000000000        1530.83604283808     
   9.16508000000000        1406.88367206789     
   9.17581000000000        1311.01954363849     
   9.18654000000000        1291.26163886575     
   9.19726000000000        1284.30663171906     
   9.20798000000000        1245.79797417503     
   9.21870000000000        1210.98446617774     
   9.22941000000000        1199.66342069088     
   9.24012000000000        1185.14626890103     
   9.25082000000000        1150.09861101486     
   9.26153000000000        1115.81151596011     
   9.27223000000000        1085.48958848089     
   9.28293000000000        1082.33370429601     
   9.29362000000000        1109.04218843561     
   9.30431000000000        1134.78603967147     
   9.31500000000000        1118.57578378536     
   9.32568000000000        1103.33379894404     
   9.33636000000000        1140.73621982977     
   9.34704000000000        1221.07743507475     
   9.35772000000000        1302.46490914445     
   9.36839000000000        1349.04145334074     
   9.37906000000000        1353.39294490351     
   9.38972000000000        1354.32558424821     
   9.40038000000000        1379.87517288891     
   9.41104000000000        1429.06894962269     
   9.42170000000000        1467.35857541319     
   9.43235000000000        1490.30300512709     
   9.44300000000000        1525.04977995109     
   9.45365000000000        1586.17764764137     
   9.46429000000000        1633.13495395319     
   9.47493000000000        1651.97753577339     
   9.48557000000000        1681.18091834796     
   9.49620000000000        1689.57296965912     
   9.50683000000000        1675.39703729559     
   9.51746000000000        1632.78520856474     
   9.52808000000000        1617.22094756529     
   9.53871000000000        1663.19931944278     
   9.54932000000000        1737.49920880988     
   9.55994000000000        1829.30134395710     
   9.57055000000000        1878.49096796433     
   9.58116000000000        1870.82520939068     
   9.59176000000000        1855.68119144023     
   9.60237000000000        1867.16326832100     
   9.61296000000000        1883.24295637506     
   9.62356000000000        1919.44458908555     
   9.63415000000000        1958.43669715204     
   9.64474000000000        1968.73103201552     
   9.65533000000000        1957.07583758555     
   9.66591000000000        1956.62575035827     
   9.67649000000000        1975.39895540553     
   9.68707000000000        1994.34896155814     
   9.69764000000000        2017.32903784891     
   9.70821000000000        2058.80849854156     
   9.71878000000000        2162.74628677150     
   9.72934000000000        2311.78775487547     
   9.73990000000000        2417.58417298811     
   9.75046000000000        2446.58090155888     
   9.76102000000000        2440.95695619088     
   9.77157000000000        2460.53115451486     
   9.78212000000000        2489.42311806971     
   9.79266000000000        2488.90181650419     
   9.80320000000000        2473.84976795754     
   9.81374000000000        2450.61926189192     
   9.82428000000000        2437.39950750834     
   9.83481000000000        2454.09179267742     
   9.84534000000000        2469.96090316336     
   9.85586000000000        2481.70733341599     
   9.86639000000000        2485.09962194663     
   9.87691000000000        2398.04887961907     
   9.88742000000000        2294.39289924367     
   9.89794000000000        2304.01525191377     
   9.90845000000000        2361.39764408531     
   9.91895000000000        2380.52118642157     
   9.92946000000000        2379.02638896993     
   9.93996000000000        2347.05256071912     
   9.95046000000000        2287.02384024320     
   9.96095000000000        2218.79344647957     
   9.97144000000000        2149.87954580227     
   9.98193000000000        2087.41250222006     
   9.99242000000000        2069.16544649380     
   10.0029000000000        2098.39703695480     
   10.0133800000000        2131.27836101843     
   10.0238500000000        2153.62227426016     
   10.0343200000000        2140.24232936712     
   10.0447900000000        2110.08052294900     
   10.0552600000000        2091.33317254955     
   10.0657200000000        2077.50376177712     
   10.0761800000000        2070.87677014303     
   10.0866400000000        2080.68343328445     
   10.0970900000000        2106.30117840780     
   10.1075400000000        2135.31989832202     
   10.1179900000000        2133.48337984271     
   10.1284300000000        2101.70256244737     
   10.1388700000000        2102.22527827853     
   10.1493100000000        2133.44494219755     
   10.1597400000000        2110.61812986667     
   10.1701700000000        2061.80110631113     
   10.1806000000000        2048.11041860288     
   10.1910300000000        2042.93236370560     
   10.2014500000000        2029.27741436286     
   10.2118700000000        2049.94258595665     
   10.2222800000000        2092.62242599177     
   10.2326900000000        2100.17928391222     
   10.2431000000000        2070.52313330751     
   10.2535100000000        2035.77817241887     
   10.2639100000000        2012.62264415115     
   10.2743100000000        1999.29165796668     
   10.2847100000000        2032.30200750260     
   10.2951000000000        2116.86020464584     
   10.3054900000000        2177.17456884911     
   10.3158800000000        2187.87350395914     
   10.3262600000000        2190.61464656737     
   10.3366400000000        2175.78006219439     
   10.3470200000000        2148.10532995369     
   10.3573900000000        2162.97620259731     
   10.3677600000000        2229.75003123269     
   10.3781300000000        2292.49519872306     
   10.3884900000000        2318.97306714289     
   10.3988600000000        2317.01117760137     
   10.4092100000000        2305.81666811529     
   10.4195700000000        2305.26021348106     
   10.4299200000000        2316.41171489146     
   10.4402700000000        2321.17302396943     
   10.4506100000000        2293.59441729793     
   10.4609600000000        2229.41628467857     
   10.4713000000000        2141.66024904455     
   10.4816300000000        2047.55350233230     
   10.4919600000000        1979.98720422320     
   10.5022900000000        1944.96152170818     
   10.5126200000000        1918.31463734298     
   10.5229400000000        1886.06592232606     
   10.5332600000000        1827.16633241397     
   10.5435800000000        1752.45588398954     
   10.5539000000000        1676.66913756633     
   10.5642100000000        1603.68291538469     
   10.5745100000000        1538.57779336284     
   10.5848200000000        1484.31278511068     
   10.5951200000000        1429.79545234079     
   10.6054200000000        1379.32372389389     
   10.6157100000000        1343.12645629349     
   10.6260000000000        1330.94132218474     
   10.6362900000000        1350.61360210813     
   10.6465800000000        1370.73809121611     
   10.6568600000000        1374.38783104125     
   10.6671400000000        1377.15232490314     
   10.6774100000000        1386.39250574483     
   10.6876900000000        1402.30093992380     
   10.6979600000000        1426.32844278079     
   10.7082200000000        1462.53110913971     
   10.7184900000000        1512.97911054676     
   10.7287500000000        1569.25582140681     
   10.7390000000000        1623.42792034754     
   10.7492600000000        1674.67466464467     
   10.7595100000000        1720.76294085751     
   10.7697500000000        1772.36349183266     
   10.7800000000000        1850.70188071979     
   10.7902400000000        1950.60756884888     
   10.8004800000000        2048.13748988092     
   10.8107100000000        2124.80062112290     
   10.8209400000000        2160.62429953963     
   10.8311700000000        2169.87082625805     
   10.8414000000000        2189.02983596740     
   10.8516200000000        2227.32359974830     
   10.8618400000000        2280.80960984080     
   10.8720500000000        2331.60284349357     
   10.8822700000000        2363.02990265567     
   10.8924800000000        2366.18628981218     
   10.9026800000000        2337.69043281774     
   10.9128800000000        2301.39236224951     
   10.9230800000000        2289.60591480359     
   10.9332800000000        2300.81531195982     
   10.9434700000000        2321.28858767582     
   10.9536600000000        2351.65967683553     
   10.9638500000000        2372.18562223335     
   10.9740400000000        2348.38619428732     
   10.9842200000000        2277.57569348163     
   10.9943900000000        2181.25278765046     
   11.0045700000000        2089.18586414634     
   11.0147400000000        2025.41227243391     
   11.0249100000000        1980.93409970870     
   11.0350700000000        1940.50405468336     
   11.0452300000000        1899.52323519331     
   11.0553900000000        1866.95807368566     
   11.0655500000000        1860.68137293405     
   11.0757000000000        1881.12881606818     
   11.0858500000000        1915.30910914026     
   11.0960000000000        1950.61416823793     
   11.1061400000000        1971.44857374262     
   11.1162800000000        1977.29697514349     
   11.1264200000000        1986.68780525595     
   11.1365500000000        2013.81608000944     
   11.1466800000000        2056.33860023739     
   11.1568100000000        2097.46053402459     
   11.1669300000000        2128.99685162021     
   11.1770500000000        2160.27350481635     
   11.1871700000000        2199.14329914918     
   11.1972800000000        2230.55327709401     
   11.2073900000000        2243.52580314795     
   11.2175000000000        2240.08834237975     
   11.2276100000000        2238.73362128202     
   11.2377100000000        2261.68883603732     
   11.2478100000000        2310.12830276832     
   11.2579000000000        2364.27518184656     
   11.2679900000000        2408.74322054774     
   11.2780800000000        2440.26583654439     
   11.2881700000000        2463.27368222601     
   11.2982500000000        2489.51327608898     
   11.3083300000000        2533.17731795906     
   11.3184100000000        2588.30351355529     
   11.3284800000000        2627.47970105005     
   11.3385500000000        2639.96352596798     
   11.3486200000000        2642.45368532740     
   11.3586800000000        2656.96898101087     
   11.3687400000000        2690.56242987920     
   11.3788000000000        2728.24555232319     
   11.3888500000000        2760.05402814314     
   11.3989000000000        2782.50560107325     
   11.4089500000000        2797.61578151810     
   11.4189900000000        2820.63863816565     
   11.4290400000000        2855.17043174568     
   11.4390700000000        2882.41675120619     
   11.4491100000000        2880.34687019196     
   11.4591400000000        2853.99120728109     
   11.4691700000000        2821.31207291687     
   11.4792000000000        2799.72364482056     
   11.4892200000000        2796.14296251314     
   11.4992400000000        2808.77578530247     
   11.5092500000000        2826.72038629022     
   11.5192700000000        2825.71001425839     
   11.5292800000000        2808.20316222742     
   11.5392800000000        2798.37383392449     
   11.5492900000000        2802.69499873524     
   11.5592900000000        2812.56352052129     
   11.5692800000000        2818.03115038102     
   11.5792800000000        2824.12485421843     
   11.5892700000000        2837.61193518079     
   11.5992600000000        2853.17874238104     
   11.6092400000000        2870.66886951181     
   11.6192200000000        2887.72061757299     
   11.6292000000000        2894.86477157691     
   11.6391700000000        2893.15253327268     
   11.6491500000000        2888.02436911711     
   11.6591200000000        2884.97143285276     
   11.6690800000000        2884.56385506831     
   11.6790400000000        2884.77121229076     
   11.6890000000000        2883.25915632461     
   11.6989600000000        2879.13492175486     
   11.7089100000000        2883.15184737813     
   11.7188600000000        2902.16825726538     
   11.7288100000000        2923.29999198928     
   11.7387500000000        2937.02090603411     
   11.7486900000000        2941.19860442405     
   11.7586300000000        2925.04506882157     
   11.7685600000000        2894.99166232645     
   11.7784900000000        2863.18048999445     
   11.7884200000000        2816.52010492313     
   11.7983400000000        2766.35659273318     
   11.8082600000000        2743.24285361977     
   11.8181800000000        2753.09973881202     
   11.8281000000000        2779.09718260121     
   11.8380100000000        2792.74797367563     
   11.8479200000000        2779.13901067037     
   11.8578200000000        2744.43562305659     
   11.8677200000000        2699.46308809132     
   11.8776200000000        2651.69515524406     
   11.8875200000000        2601.31832089566     
   11.8974100000000        2550.83722369522     
   11.9073000000000        2507.84936242311     
   11.9171900000000        2478.83287430368     
   11.9270700000000        2462.09109301614     
   11.9369500000000        2452.98945999847     
   11.9468300000000        2454.24088066010     
   11.9567000000000        2464.87544872943     
   11.9665700000000        2470.34439900748     
   11.9764400000000        2451.07860435101     
   11.9863000000000        2400.96339369102     
   11.9961600000000        2338.68788530396     
   12.0060200000000        2288.42899165547     
   12.0158700000000        2255.93576318385     
   12.0257300000000        2236.31262598376     
   12.0355700000000        2233.56727223735     
   12.0454200000000        2256.22579626364     
   12.0552600000000        2301.23802306761     
   12.0651000000000        2352.99081115241     
   12.0749400000000        2400.16023452693     
   12.0847700000000        2440.85288717265     
   12.0946000000000        2482.95634860833     
   12.1044200000000        2531.79005976259     
   12.1142500000000        2574.36526073426     
   12.1240700000000        2601.01191875661     
   12.1338800000000        2626.13395241691     
   12.1437000000000        2672.82181789384     
   12.1535100000000        2744.37643846240     
   12.1633100000000        2817.94202331706     
   12.1731200000000        2873.69519611402     
   12.1829200000000        2912.30768788369     
   12.1927200000000        2936.80590047649     
   12.2025100000000        2955.30678902624     
   12.2123000000000        2976.32193178258     
   12.2220900000000        2988.27347851001     
   12.2318700000000        2982.78309268872     
   12.2416600000000        2968.78556878463     
   12.2514300000000        2951.87995126905     
   12.2612100000000        2936.30656306322     
   12.2709800000000        2937.92224112455     
   12.2807500000000        2969.38377040635     
   12.2905200000000        3021.38520560024     
   12.3002800000000        3078.96721851402     
   12.3100400000000        3136.93426000527     
   12.3198000000000        3186.23185837201     
   12.3295500000000        3211.69810642661     
   12.3393000000000        3215.99651376304     
   12.3490500000000        3222.43256373633     
   12.3587900000000        3246.51542616501     
   12.3685300000000        3278.52012217026     
   12.3782700000000        3294.42581885899     
   12.3880000000000        3287.12382556135     
   12.3977300000000        3274.29126464982     
   12.4074600000000        3271.87721674828     
   12.4171800000000        3276.83093468748     
   12.4269100000000        3276.86871600563     
   12.4366200000000        3265.91495288675     
   12.4463400000000        3242.97870636077     
   12.4560500000000        3200.80087965203     
   12.4657600000000        3132.14869309298     
   12.4754700000000        3044.14310409557     
   12.4851700000000        2961.33102228041     
   12.4948700000000        2908.20846308782     
   12.5045600000000        2897.26216518980     
   12.5142600000000        2927.70611162238     
   12.5239500000000        2986.75755412883     
   12.5336300000000        3053.04617777132     
   12.5433200000000        3106.72091841753     
   12.5530000000000        3136.79064137195     
   12.5626800000000        3145.06399104763     
   12.5723500000000        3141.56494664529     
   12.5820200000000        3133.80122839733     
   12.5916900000000        3122.45818872715     
   12.6013500000000        3102.39488149657     
   12.6110100000000        3075.47828682559     
   12.6206700000000        3055.01765602669     
   12.6303300000000        3045.94584995775     
   12.6399800000000        3042.25253106139     
   12.6496300000000        3035.41784678401     
   12.6592700000000        3013.33913014480     
   12.6689200000000        2968.57683227695     
   12.6785500000000        2914.56495901073     
   12.6881900000000        2877.03178417539     
   12.6978200000000        2872.91726154058     
   12.7074500000000        2907.01082885453     
   12.7170800000000        2975.56268384265     
   12.7267000000000        3062.58650913809     
   12.7363200000000        3143.53416522219     
   12.7459400000000        3199.99980438129     
   12.7555500000000        3226.43639878970     
   12.7651600000000        3225.79613045249     
   12.7747700000000        3205.28475766227     
   12.7843800000000        3173.57637234644     
   12.7939800000000        3144.95662381202     
   12.8035800000000        3136.74532015432     
   12.8131700000000        3154.06186629674     
   12.8227600000000        3181.88447661825     
   12.8323500000000        3200.81422996160     
   12.8419400000000        3207.55922595096     
   12.8515200000000        3211.61385547322     
   12.8611000000000        3220.60237630596     
   12.8706700000000        3235.44581143624     
   12.8802500000000        3253.89064836360     
   12.8898100000000        3271.32610285586     
   12.8993800000000        3283.15639721851     
   12.9089400000000        3292.97793113893     
   12.9185000000000        3311.98995450032     
   12.9280600000000        3347.26828683834     
   12.9376100000000        3393.86323319166     
   12.9471700000000        3442.25143914722     
   12.9567100000000        3489.34922582741     
   12.9662600000000        3537.49501483706     
   12.9758000000000        3584.41584916513     
   12.9853400000000        3624.04236388774     
   12.9948700000000        3653.92070104552     
   13.0044000000000        3672.08005370563     
   13.0139300000000        3674.71473917379     
   13.0234600000000        3667.02021151338     
   13.0329800000000        3663.90666301870     
   13.0425000000000        3674.05966427598     
   13.0520100000000        3694.38578153504     
   13.0615200000000        3717.02020966598     
   13.0710300000000        3737.72833008539     
   13.0805400000000        3758.65134079198     
   13.0900400000000        3784.89287501265     
   13.0995400000000        3824.48058717207     
   13.1090400000000        3885.63654984797     
   13.1185300000000        3966.65610266689     
   13.1280200000000        4053.86117720819     
   13.1375100000000        4131.82585047116     
   13.1469900000000        4193.31570528480     
   13.1564700000000        4240.59935672931     
   13.1659500000000        4280.10425788283     
   13.1754300000000        4315.94316508158     
   13.1849000000000        4349.56417251404     
   13.1943700000000        4382.98441204815     
   13.2038300000000        4418.50329106403     
   13.2132900000000        4455.29536170047     
   13.2227500000000        4485.03243441394     
   13.2322100000000        4497.51696100993     
   13.2416600000000        4490.61767079246     
   13.2511100000000        4471.27990798328     
   13.2605500000000        4450.52731683860     
   13.2700000000000        4435.39270994144     
   13.2794400000000        4424.52011966013     
   13.2888700000000        4410.79519294532     
   13.2983100000000        4386.47015641142     
   13.3077400000000        4346.95111227640     
   13.3171600000000        4296.02689475018     
   13.3265900000000        4244.77147434919     
   13.3360100000000        4202.25861529446     
   13.3454300000000        4170.58487291073     
   13.3548400000000        4146.75297823840     
   13.3642500000000        4127.11142586005     
   13.3736600000000        4111.20504228750     
   13.3830600000000        4100.24632884672     
   13.3924700000000        4097.05689470764     
   13.4018600000000        4106.07254214537     
   13.4112600000000        4124.06593084849     
   13.4206500000000        4137.84020968323     
   13.4300400000000        4139.21469174739     
   13.4394300000000        4132.25582229023     
   13.4488100000000        4124.74176825466     
   13.4581900000000        4121.11362626249     
   13.4675600000000        4122.17590368553     
   13.4769400000000        4125.97081071209     
   13.4863100000000        4131.31370377217     
   13.4956700000000        4142.25129034715     
   13.5050400000000        4162.50986510253     
   13.5144000000000        4186.03112258551     
   13.5237600000000        4199.70670906759     
   13.5331100000000        4194.33051164574     
   13.5424600000000        4172.16852385203     
   13.5518100000000        4143.12058255055     
   13.5611500000000        4117.59486344640     
   13.5704900000000        4104.04008849817     
   13.5798300000000        4107.87956947801     
   13.5891700000000        4129.87659614754     
   13.5985000000000        4164.96190672063     
   13.6078300000000        4204.75254062524     
   13.6171500000000        4242.66974543428     
   13.6264800000000        4276.14364533146     
   13.6358000000000        4304.72012408675     
   13.6451100000000        4328.91452723046     
   13.6544200000000        4350.49526031853     
   13.6637300000000        4371.10734402413     
   13.6730400000000        4390.01826824183     
   13.6823400000000        4404.91636289739     
   13.6916400000000        4414.47116792471     
   13.7009400000000        4418.64811960977     
   13.7102400000000        4416.63954510340     
   13.7195300000000        4407.17760448006     
   13.7288100000000        4392.38021836466     
   13.7381000000000        4378.65096123701     
   13.7473800000000        4371.77158893876     
   13.7566600000000        4371.20522061509     
   13.7659300000000        4370.33656200761     
   13.7752000000000        4364.11138749333     
   13.7844700000000        4354.97621169626     
   13.7937400000000        4350.15994015044     
   13.8030000000000        4357.04157096386     
   13.8122600000000        4381.28167382325     
   13.8215200000000        4425.98223608277     
   13.8307700000000        4490.59306885316     
   13.8400200000000        4570.93432567739     
   13.8492600000000        4660.91107789881     
   13.8585100000000        4753.20418198455     
   13.8677500000000        4838.02567567695     
   13.8769800000000        4907.58615727064     
   13.8862200000000        4959.88381150901     
   13.8954500000000        4996.60202105784     
   13.9046800000000        5018.38168645291     
   13.9139000000000        5022.60576860402     
   13.9231200000000        5007.08356952573     
   13.9323400000000        4974.09047694299     
   13.9415500000000        4932.96088213868     
   13.9507700000000        4900.28580761568     
   13.9599700000000        4893.80779306416     
   13.9691800000000        4921.23859979209     
   13.9783800000000        4975.81697549633     
   13.9875800000000        5041.91936557706     
   13.9967800000000        5103.19573356784     
   14.0059700000000        5149.64014376714     
   14.0151600000000        5182.00980882078     
   14.0243400000000        5207.23756467090     
   14.0335300000000        5231.18485577607     
   14.0427100000000        5256.18052576558     
   14.0518800000000        5280.65585992491     
   14.0610600000000        5299.38755397588     
   14.0702300000000        5306.87846760151     
   14.0794000000000        5301.86208295600     
   14.0885600000000        5288.60159493247     
   14.0977200000000        5273.80544051064     
   14.1068800000000        5262.99918308395     
   14.1160300000000        5260.29098494597     
   14.1251800000000        5267.83779212648     
   14.1343300000000        5282.38380120354     
   14.1434800000000        5294.95631324472     
   14.1526200000000        5297.32357425102     
   14.1617600000000        5287.53781871819     
   14.1708900000000        5268.90408516548     
   14.1800300000000        5247.91432720512     
   14.1891500000000        5234.87242964100     
   14.1982800000000        5240.87949039543     
   14.2074000000000        5270.55216257516     
   14.2165200000000        5318.15891746561     
   14.2256400000000        5371.88191828828     
   14.2347500000000        5421.84287036017     
   14.2438600000000        5466.30852743276     
   14.2529700000000        5512.23767665884     
   14.2620700000000        5570.70527685517     
   14.2711800000000        5650.90196428532     
   14.2802700000000        5755.52558496605     
   14.2893700000000        5880.95274941933     
   14.2984600000000        6016.81454845127     
   14.3075500000000        6149.87624958744     
   14.3166300000000        6269.73492163328     
   14.3257100000000        6375.11783463241     
   14.3347900000000        6470.40160483229     
   14.3438700000000        6555.98128926848     
   14.3529400000000        6624.13713820645     
   14.3620100000000        6664.40525337746     
   14.3710700000000        6669.56378474858     
   14.3801400000000        6638.10737734929     
   14.3892000000000        6574.65531442112     
   14.3982500000000        6488.36330431119     
   14.4073100000000        6388.53956588031     
   14.4163600000000        6282.75241304897     
   14.4254000000000        6177.26897804634     
   14.4344500000000        6077.93994244488     
   14.4434900000000        5989.24254998554     
   14.4525200000000        5911.23018124612     
   14.4615600000000        5839.79201867208     
   14.4705900000000        5770.89684704159     
   14.4796200000000        5704.18164117596     
   14.4886400000000        5642.89005152317     
   14.4976600000000        5589.31330555849     
   14.5066800000000        5542.74041347820     
   14.5157000000000        5500.68364146233     
   14.5247100000000        5461.21287107730     
   14.5337200000000        5424.61523146151     
   14.5427200000000        5394.28661753749     
   14.5517300000000        5375.59162355061     
   14.5607300000000        5374.01871101504     
   14.5697200000000        5392.21834059013     
   14.5787100000000        5427.49318062312     
   14.5877000000000        5471.97444436876     
   14.5966900000000        5516.19082423648     
   14.6056700000000        5553.28219200696     
   14.6146600000000        5581.71371237809     
   14.6236300000000        5603.91036402899     
   14.6326100000000        5621.90209704556     
   14.6415800000000        5633.35818776354     
   14.6505400000000        5634.30123610402     
   14.6595100000000        5625.01764077326     
   14.6684700000000        5610.78520218269     
   14.6774300000000        5596.48773058713     
   14.6863800000000        5583.59995715224     
   14.6953400000000        5571.90431285912     
   14.7042800000000        5561.13832639220     
   14.7132300000000        5550.62578546531     
   14.7221700000000        5539.85668767786     
   14.7311100000000        5529.08549364480     
   14.7400500000000        5518.49065643023     
   14.7489800000000        5505.72121075808     
   14.7579100000000        5484.26142435419     
   14.7668400000000        5446.38037749513     
   14.7757600000000        5389.46636532790     
   14.7846800000000        5318.58324851720     
   14.7936000000000        5243.43862820857     
   14.8025100000000        5173.76627563963     
   14.8114200000000        5116.78493814248     
   14.8203300000000        5077.77765662855     
   14.8292300000000        5060.27921911616     
   14.8381300000000        5064.60575053215     
   14.8470300000000        5087.05304310002     
   14.8559300000000        5121.23923235072     
   14.8648200000000        5160.47790064557     
   14.8737100000000        5199.34097968226     
   14.8825900000000        5233.24225858921     
   14.8914700000000        5258.43115954844     
   14.9003500000000        5273.22163288028     
   14.9092300000000        5278.83888483486     
   14.9181000000000        5277.61271707146     
   14.9269700000000        5270.57630268246     
   14.9358400000000        5257.28691112481     
   14.9447000000000        5237.08538456309     
   14.9535600000000        5209.69889893206     
   14.9624200000000        5175.39687214415     
   14.9712700000000        5135.38784365759     
   14.9801200000000        5092.25574021999     
   14.9889700000000        5049.89522124788     
   14.9978100000000        5012.13047721116     
   15.0066500000000        4981.20004878974     
   15.0154900000000        4957.57142258040     
   15.0243300000000        4940.01987517263     
   15.0331600000000        4925.78268793817     
   15.0419900000000        4911.32924064122     
   15.0508100000000        4894.00332656585     
   15.0596300000000        4873.11250073610     
   15.0684500000000        4849.92300372914     
   15.0772700000000        4826.36681070322     
   15.0860800000000        4803.28274899075     
   15.0948900000000        4779.84417917563     
   15.1037000000000        4755.48257090814     
   15.1125000000000        4731.94619660747     
   15.1213000000000        4712.42829331092     
   15.1301000000000        4698.85427037877     
   15.1388900000000        4690.63272625169     
   15.1476800000000        4686.02997978087     
   15.1564700000000        4684.10593947578     
   15.1652500000000        4685.15453643195     
   15.1740300000000        4689.77804891286     
   15.1828100000000        4697.59298823212     
   15.1915800000000        4706.50969249182     
   15.2003500000000        4713.03248836396     
   15.2091200000000        4712.99561598011     
   15.2178900000000        4702.48031878410     
   15.2266500000000        4679.00021816227     
   15.2354100000000        4642.52574625352     
   15.2441600000000        4595.51625219067     
   15.2529200000000        4540.64785905519     
   15.2616700000000        4478.84555837740     
   15.2704100000000        4409.33680627873     
   15.2791500000000        4332.89223790145     
   15.2878900000000        4254.34790099878     
   15.2966300000000        4181.01245013110     
   15.3053600000000        4118.58594605779     
   15.3140900000000        4068.08695448326     
   15.3228200000000        4026.62447868405     
   15.3315400000000        3990.28106960743     
   15.3402600000000        3957.20962102340     
   15.3489800000000        3929.05151767468     
   15.3577000000000        3909.30956980751     
   15.3664100000000        3900.20663078433     
   15.3751200000000        3900.42460033367     
   15.3838200000000        3905.47637092350     
   15.3925200000000        3909.67654283866     
   15.4012200000000        3907.70899549416     
   15.4099200000000        3895.52564524530     
   15.4186100000000        3871.44148240090     
   15.4273000000000        3836.80964972420     
   15.4359800000000        3795.55850059216     
   15.4446700000000        3752.41155858863     
   15.4533400000000        3711.80358671223     
   15.4620200000000        3676.54595810420     
   15.4706900000000        3647.97133672741     
   15.4793600000000        3625.39092924466     
   15.4880300000000        3606.37767449907     
   15.4966900000000        3587.49916910285     
   15.5053500000000        3565.67378899426     
   15.5140100000000        3539.66965672853     
   15.5226700000000        3510.59136472618     
   15.5313200000000        3481.07228405334     
   15.5399600000000        3453.66069564047     
   15.5486100000000        3429.72084860598     
   15.5572500000000        3409.41165234058     
   15.5658900000000        3391.72239205001     
   15.5745200000000        3374.94871688356     
   15.5831600000000        3357.02169061370     
   15.5917900000000        3336.05777148922     
   15.6004100000000        3310.55365578097     
   15.6090300000000        3279.62618341955     
   15.6176500000000        3243.17775655103     
   15.6262700000000        3201.78200209261     
   15.6348800000000        3156.54959654746     
   15.6434900000000        3108.86883966380     
   15.6521000000000        3060.62904918066     
   15.6607000000000        3014.34458886355     
   15.6693000000000        2972.78260268435     
   15.6779000000000        2938.41870984920     
   15.6864900000000        2912.46776193434     
   15.6950800000000        2894.08660582413     
   15.7036700000000        2880.38568974146     
   15.7122600000000        2867.21579945125     
   15.7208400000000        2850.86252950073     
   15.7294100000000        2829.66081023073     
   15.7379900000000        2804.63723836399     
   15.7465600000000        2779.19233225500     
   15.7551300000000        2757.39797410329     
   15.7637000000000        2742.17027200299     
   15.7722600000000        2733.93252592298     
   15.7808200000000        2730.67483345213     
   15.7893700000000        2729.19900864900     
   15.7979300000000        2726.40757558874     
   15.8064700000000        2720.06930064674     
   15.8150200000000        2709.00552447898     
   15.8235600000000        2693.36847234025     
   15.8321000000000        2674.73275158942     
   15.8406400000000        2655.74224523583     
   15.8491800000000        2639.02093614054     
   15.8577100000000        2626.17492081933     
   15.8662300000000        2617.45620871563     
   15.8747600000000        2612.01748908338     
   15.8832800000000        2608.33430424949     
   15.8918000000000        2604.72584082222     
   15.9003100000000        2600.10088938224     
   15.9088200000000        2594.28384202337     
   15.9173300000000        2587.78244045919     
   15.9258400000000        2581.34575123140     
   15.9343400000000        2575.65693396086     
   15.9428400000000        2570.98406580325     
   15.9513300000000        2566.74558249990     
   15.9598300000000        2561.13196716575     
   15.9683100000000        2551.36669188713     
   15.9768000000000        2534.58294501730     
   15.9852800000000        2509.31116071039     
   15.9937600000000        2476.28873795253     
   16.0022400000000        2438.36115708012     
   16.0107100000000        2399.36578828233     
   16.0191800000000        2362.67696550650     
   16.0276500000000        2330.49899739722     
   16.0361200000000        2303.43638520686     
   16.0445800000000        2280.48123955286     
   16.0530300000000        2259.34456753258     
   16.0614900000000        2237.31291146568     
   16.0699400000000        2212.56676983439     
   16.0783900000000        2185.01294337374     
   16.0868300000000        2156.62804315889     
   16.0952800000000        2130.40483843528     
   16.1037100000000        2109.11279003134     
   16.1121500000000        2093.89236588622     
   16.1205800000000        2084.48211138879     
   16.1290100000000        2079.81223750842     
   16.1374400000000        2078.95609075397     
   16.1458600000000        2081.37863993269     
   16.1542800000000        2086.46808958630     
   16.1627000000000        2092.83684457627     
   16.1711100000000        2098.04686545696     
   16.1795200000000        2098.99230476599     
   16.1879300000000        2092.65593519026     
   16.1963300000000        2077.13023264653     
   16.2047300000000        2052.49776158641     
   16.2131300000000        2021.22815569356     
   16.2215200000000        1987.56242008863     
   16.2299100000000        1955.89986073048     
   16.2383000000000        1929.53147915104     
   16.2466900000000        1910.03226237660     
   16.2550700000000        1897.36372575204     
   16.2634500000000        1890.06946266807     
   16.2718200000000        1885.67689974550     
   16.2802000000000        1881.34873427015     
   16.2885600000000        1874.92426017175     
   16.2969300000000        1865.63773205076     
   16.3052900000000        1854.31796407175     
   16.3136500000000        1842.73372733649     
   16.3220100000000        1832.80360659176     
   16.3303600000000        1826.07209414833     
   16.3387100000000        1823.66382751026     
   16.3470600000000        1826.55556780787     
   16.3554000000000        1835.66067230313     
   16.3637400000000        1851.63293634502     
   16.3720800000000        1874.34769534008     
   16.3804200000000        1902.42058373693     
   16.3887500000000        1933.10765636012     
   16.3970700000000        1962.88131035848     
   16.4054000000000        1988.21772156404     
   16.4137200000000        2005.98492590569     
   16.4220400000000        2014.00439583536     
   16.4303500000000        2011.23746148208     
   16.4386700000000        1998.12898766904     
   16.4469700000000        1976.73820219901     
   16.4552800000000        1950.02765848287     
   16.4635800000000        1921.15323923151     
   16.4718800000000        1892.28131011707     
   16.4801800000000        1864.21689922245     
   16.4884700000000        1836.64900805730     
   16.4967600000000        1808.87735089056     
   16.5050500000000        1780.74282499459     
   16.5133300000000        1752.90932336393     
   16.5216100000000        1726.41155413359     
   16.5298900000000        1702.13435061073     
   16.5381600000000        1680.32542707317     
   16.5464300000000        1660.40888839667     
   16.5547000000000        1641.33321709075     
   16.5629700000000        1621.98798009372     
   16.5712300000000        1601.59358361903     
   16.5794900000000        1579.72608724757     
   16.5877400000000        1556.28301417190     
   16.5959900000000        1531.20183684172     
   16.6042400000000        1504.46612641964     
   16.6124900000000        1476.10980156630     
   16.6207300000000        1446.35007289259     
   16.6289700000000        1415.61804664323     
   16.6372000000000        1384.78698845803     
   16.6454400000000        1354.90406754602     
   16.6536700000000        1327.23808679809     
   16.6618900000000        1302.87398152662     
   16.6701200000000        1282.64289502055     
   16.6783400000000        1267.15874567337     
   16.6865500000000        1256.49038987801     
   16.6947700000000        1250.14433254497     
   16.7029800000000        1247.19128435554     
   16.7111900000000        1246.36208066480     
   16.7193900000000        1246.23368784553     
   16.7275900000000        1245.35176720887     
   16.7357900000000        1242.40303783050     
   16.7439800000000        1236.45395054076     
   16.7521800000000        1227.12025848254     
   16.7603600000000        1214.70996065409     
   16.7685500000000        1199.98974257688     
   16.7767300000000        1184.13520490763     
   16.7849100000000        1168.38616634356     
   16.7930900000000        1153.95659610921     
   16.8012600000000        1141.91849087319     
   16.8094300000000        1133.01479565082     
   16.8175900000000        1127.52207714612     
   16.8257600000000        1125.07276898987     
   16.8339200000000        1124.80333680018     
   16.8420700000000        1125.72814560170     
   16.8502300000000        1127.26176784813     
   16.8583800000000        1129.47241559741     
   16.8665300000000        1132.93743441879     
   16.8746700000000        1138.26111026390     
   16.8828100000000        1145.62358323999     
   16.8909500000000        1154.55875512144     
   16.8990800000000        1164.06696094802     
   16.9072100000000        1172.98580760380     
   16.9153400000000        1180.26200249353     
   16.9234700000000        1185.04823720356     
   16.9315900000000        1186.58960767707     
   16.9397100000000        1184.12213683148     
   16.9478200000000        1176.92548051389     
   16.9559400000000        1164.52200450349     
   16.9640500000000        1147.04921188317     
   16.9721500000000        1125.38358508109     
   16.9802600000000        1101.00855561928     
   16.9883600000000        1075.84897315907     
   16.9964500000000        1051.64160040139     
   17.0045500000000        1029.57806089758     
   17.0126400000000        1010.31821222152     
   17.0207200000000        993.835554858926     
   17.0288100000000        979.610217908188     
   17.0368900000000        966.973260827314     
   17.0449700000000        955.215289431347     
   17.0530400000000        943.836991939130     
   17.0611100000000        932.537790294039     
   17.0691800000000        921.193010368049     
