   7.15970000000000        71.6459197964716     
   7.17100000000000        72.7451667491901     
   7.18231000000000        74.6138516943898     
   7.19360000000000        74.6673425250131     
   7.20490000000000        74.4382200275069     
   7.21619000000000        74.4980870565180     
   7.22748000000000        72.1031879188950     
   7.23877000000000        70.8792951321157     
   7.25005000000000        69.9104310080446     
   7.26133000000000        71.3820400059659     
   7.27261000000000        72.7765909027228     
   7.28388000000000        73.6939501545209     
   7.29515000000000        76.7955679505435     
   7.30642000000000        81.3076045309138     
   7.31768000000000        85.1213145407780     
   7.32894000000000        87.7870677147483     
   7.34020000000000        89.7170183642058     
   7.35146000000000        93.0114218955826     
   7.36271000000000        95.6989526718252     
   7.37396000000000        98.3536872471203     
   7.38520000000000        97.3553617758733     
   7.39644000000000        92.9990701814993     
   7.40768000000000        90.5037146002822     
   7.41892000000000        88.5371705433226     
   7.43015000000000        88.9628683511326     
   7.44138000000000        90.4872187840978     
   7.45261000000000        90.9347228199642     
   7.46383000000000        89.3806248891913     
   7.47505000000000        88.2772502882362     
   7.48626000000000        87.9309990485960     
   7.49748000000000        90.9715237678726     
   7.50869000000000        93.8728558699990     
   7.51990000000000        94.5371150402513     
   7.53110000000000        91.3074842682768     
   7.54230000000000        89.7152375755315     
   7.55350000000000        89.6489721540365     
   7.56469000000000        90.4627703143225     
   7.57588000000000        91.6550110315403     
   7.58707000000000        90.6001049192582     
   7.59826000000000        88.5207440219489     
   7.60944000000000        89.2312213967976     
   7.62062000000000        92.6685165347061     
   7.63179000000000        97.0797567933714     
   7.64296000000000        98.1481353920280     
   7.65413000000000        94.2566592278751     
   7.66530000000000        86.7742229293296     
   7.67646000000000        80.2555284498722     
   7.68762000000000        77.5869034889953     
   7.69878000000000        77.2036747685809     
   7.70993000000000        77.0993963846929     
   7.72108000000000        75.7320937435837     
   7.73223000000000        74.2108277728252     
   7.74337000000000        72.5221788136798     
   7.75451000000000        72.4536069890340     
   7.76565000000000        74.0249259931450     
   7.77678000000000        75.1964431360806     
   7.78791000000000        74.8710710611694     
   7.79904000000000        73.9011647565869     
   7.81017000000000        73.2898732246601     
   7.82129000000000        73.9622056094201     
   7.83241000000000        75.7900600411496     
   7.84352000000000        78.5808593859329     
   7.85463000000000        78.6612223493607     
   7.86574000000000        74.1827083613203     
   7.87685000000000        68.2642679416285     
   7.88795000000000        64.7120849750937     
   7.89905000000000        63.6272853536335     
   7.91015000000000        63.8226475131550     
   7.92124000000000        62.0591059656204     
   7.93233000000000        61.0777375500810     
   7.94342000000000        60.4349102014582     
   7.95450000000000        59.3960352477979     
   7.96558000000000        58.2298277584774     
   7.97666000000000        57.4688695105834     
   7.98773000000000        56.2194949690984     
   7.99880000000000        54.2008120478255     
   8.00987000000000        51.4651911683351     
   8.02093000000000        50.9275585438123     
   8.03200000000000        53.2126446661536     
   8.04305000000000        57.6278526719262     
   8.05411000000000        60.5341135422090     
   8.06516000000000        62.8487019920533     
   8.07621000000000        65.8331474313028     
   8.08726000000000        68.1710943476833     
   8.09830000000000        70.8913531442830     
   8.10934000000000        73.2857821712257     
   8.12037000000000        76.7403598255316     
   8.13141000000000        79.1718490499323     
   8.14244000000000        79.1588376487544     
   8.15346000000000        79.2492467319993     
   8.16449000000000        78.5707469617846     
   8.17551000000000        75.7856679645703     
   8.18652000000000        70.4366742525427     
   8.19754000000000        65.4046538795699     
   8.20855000000000        60.0201282566509     
   8.21955000000000        53.9378970135953     
   8.23056000000000        49.8238402348803     
   8.24156000000000        50.4257069923530     
   8.25256000000000        53.9370863772328     
   8.26355000000000        58.0229654225875     
   8.27454000000000        62.6509477908063     
   8.28553000000000        67.2525585059091     
   8.29652000000000        72.9006129886424     
   8.30750000000000        80.8786193641633     
   8.31848000000000        88.4080132285487     
   8.32946000000000        95.4284678850329     
   8.34043000000000        98.9768992680422     
   8.35140000000000        100.721279173802     
   8.36236000000000        102.617157005374     
   8.37333000000000        105.631246606359     
   8.38429000000000        110.521464640547     
   8.39524000000000        117.086494459893     
   8.40620000000000        121.390136737722     
   8.41715000000000        123.131843416772     
   8.42810000000000        122.542232903049     
   8.43904000000000        122.785116778871     
   8.44998000000000        119.283709438265     
   8.46092000000000        111.760932210859     
   8.47185000000000        105.922881656412     
   8.48278000000000        104.472344027713     
   8.49371000000000        104.241012924781     
   8.50464000000000        104.780793580538     
   8.51556000000000        106.287945507597     
   8.52648000000000        108.119450155496     
   8.53739000000000        109.306631338965     
   8.54831000000000        110.764689326973     
   8.55922000000000        113.742063366376     
   8.57012000000000        120.730386609340     
   8.58103000000000        128.753117903789     
   8.59193000000000        136.019988242566     
   8.60282000000000        139.159706516874     
   8.61372000000000        140.119474603027     
   8.62461000000000        141.749339867022     
   8.63549000000000        143.800942817191     
   8.64638000000000        147.499166357490     
   8.65726000000000        153.436395405898     
   8.66814000000000        159.956956699011     
   8.67901000000000        166.170159943502     
   8.68988000000000        170.589580368970     
   8.70075000000000        172.215985104947     
   8.71161000000000        171.206959159689     
   8.72248000000000        171.088844448537     
   8.73333000000000        171.771587785856     
   8.74419000000000        170.877897407344     
   8.75504000000000        166.247179626342     
   8.76589000000000        160.079494257426     
   8.77674000000000        152.007629844229     
   8.78758000000000        144.265013459984     
   8.79842000000000        139.119436572474     
   8.80926000000000        136.893768921215     
   8.82009000000000        135.604571572015     
   8.83092000000000        133.216880258278     
   8.84175000000000        130.836532451713     
   8.85257000000000        126.223034880384     
   8.86339000000000        122.645159202562     
   8.87421000000000        119.464256901668     
   8.88502000000000        116.660633420167     
   8.89583000000000        116.258617039119     
   8.90664000000000        117.661745687291     
   8.91745000000000        119.423928028890     
   8.92825000000000        119.734625290390     
   8.93905000000000        119.234661347201     
   8.94984000000000        119.372293552085     
   8.96063000000000        120.424374807770     
   8.97142000000000        121.528016563352     
   8.98221000000000        121.756618896576     
   8.99299000000000        119.801011620280     
   9.00377000000000        116.786899544293     
   9.01455000000000        114.218806597998     
   9.02532000000000        110.050249330673     
   9.03609000000000        103.616817710634     
   9.04686000000000        99.1325052889466     
   9.05762000000000        97.6233064741520     
   9.06838000000000        97.7590397411168     
   9.07914000000000        97.6452101948323     
   9.08989000000000        95.2652395648673     
   9.10064000000000        91.1301250869212     
   9.11139000000000        87.7963238467197     
   9.12214000000000        83.5189849077715     
   9.13288000000000        77.6008017922704     
   9.14362000000000        71.8062346277552     
   9.15435000000000        67.4512078507051     
   9.16508000000000        64.1812481608229     
   9.17581000000000        61.5398669749612     
   9.18654000000000        59.7852999327472     
   9.19726000000000        57.6363862416958     
   9.20798000000000        54.3667461833631     
   9.21870000000000        51.1497087794473     
   9.22941000000000        48.4630492329881     
   9.24012000000000        47.6336598127789     
   9.25082000000000        47.9053190220372     
   9.26153000000000        48.9433306688795     
   9.27223000000000        50.8493904584646     
   9.28293000000000        52.4969112316839     
   9.29362000000000        53.5950286385878     
   9.30431000000000        54.2548693046470     
   9.31500000000000        53.6416582871778     
   9.32568000000000        52.0477919358363     
   9.33636000000000        51.5466762687202     
   9.34704000000000        52.0678788371812     
   9.35772000000000        52.7567201022493     
   9.36839000000000        53.4939468072069     
   9.37906000000000        54.1451411865030     
   9.38972000000000        54.4014245149882     
   9.40038000000000        53.8262350662855     
   9.41104000000000        52.9045001412649     
   9.42170000000000        50.8831655331222     
   9.43235000000000        48.2750848576842     
   9.44300000000000        46.2010545914734     
   9.45365000000000        44.5720276300509     
   9.46429000000000        42.5984005951740     
   9.47493000000000        40.9892395304612     
   9.48557000000000        40.4145885139965     
   9.49620000000000        40.2597433493849     
   9.50683000000000        40.1070182205950     
   9.51746000000000        39.8376595799547     
   9.52808000000000        39.8423751948951     
   9.53871000000000        39.7467651152443     
   9.54932000000000        39.5329440605794     
   9.55994000000000        39.4296082014075     
   9.57055000000000        39.1296121224046     
   9.58116000000000        38.9653575152579     
   9.59176000000000        39.0722219624361     
   9.60237000000000        39.4525432972291     
   9.61296000000000        40.0955555481632     
   9.62356000000000        41.5326743510525     
   9.63415000000000        43.4041235723666     
   9.64474000000000        45.0778605161535     
   9.65533000000000        46.3590781367366     
   9.66591000000000        47.0918163900837     
   9.67649000000000        47.2495737256988     
   9.68707000000000        47.1157592392292     
   9.69764000000000        46.7231179255240     
   9.70821000000000        46.8039564463834     
   9.71878000000000        47.5734771199418     
   9.72934000000000        49.0186265635073     
   9.73990000000000        50.9199323246480     
   9.75046000000000        53.2976917469999     
   9.76102000000000        55.9125269685628     
   9.77157000000000        57.7379629839648     
   9.78212000000000        58.8856799833334     
   9.79266000000000        59.9493400582633     
   9.80320000000000        60.3883866823923     
   9.81374000000000        60.0423257833015     
   9.82428000000000        59.4087844275685     
   9.83481000000000        58.9211047377541     
   9.84534000000000        59.0577464841405     
   9.85586000000000        60.4419538345511     
   9.86639000000000        62.1650930585068     
   9.87691000000000        62.8883165759757     
   9.88742000000000        62.5425813335491     
   9.89794000000000        61.6535143109095     
   9.90845000000000        60.6254341522965     
   9.91895000000000        59.2883553069275     
   9.92946000000000        57.6596190968161     
   9.93996000000000        57.0124994167381     
   9.95046000000000        58.0626820940774     
   9.96095000000000        60.6441315841674     
   9.97144000000000        63.7418025210941     
   9.98193000000000        66.1391377838483     
   9.99242000000000        67.7463034490819     
   10.0029000000000        68.7736263725988     
   10.0133800000000        68.7994645249269     
   10.0238500000000        67.4802401213838     
   10.0343200000000        64.9716819628363     
   10.0447900000000        62.0337174781020     
   10.0552600000000        59.7546823339060     
   10.0657200000000        58.6851318743285     
   10.0761800000000        58.7728333916708     
   10.0866400000000        60.0117106605375     
   10.0970900000000        61.9562455506498     
   10.1075400000000        63.9527608321597     
   10.1179900000000        66.1085011841912     
   10.1284300000000        68.5266639202799     
   10.1388700000000        70.8764483469783     
   10.1493100000000        72.3780679906146     
   10.1597400000000        72.5366600603884     
   10.1701700000000        72.5850277899438     
   10.1806000000000        73.6319316570647     
   10.1910300000000        74.7632496702692     
   10.2014500000000        75.3669377600934     
   10.2118700000000        75.4375961162822     
   10.2222800000000        75.1131563948630     
   10.2326900000000        74.5614770440872     
   10.2431000000000        73.5604321855448     
   10.2535100000000        71.3597260712395     
   10.2639100000000        68.8689068776704     
   10.2743100000000        67.4559590344733     
   10.2847100000000        67.1570524034798     
   10.2951000000000        67.2466209134167     
   10.3054900000000        67.2757136890493     
   10.3158800000000        67.2300022121435     
   10.3262600000000        67.5261894172949     
   10.3366400000000        67.8070246593264     
   10.3470200000000        67.6368218207395     
   10.3573900000000        67.1647173257072     
   10.3677600000000        66.2082462761810     
   10.3781300000000        64.3778816598891     
   10.3884900000000        61.6594531612084     
   10.3988600000000        58.4273742367299     
   10.4092100000000        55.3767321308082     
   10.4195700000000        53.0941170298751     
   10.4299200000000        51.7656880324084     
   10.4402700000000        51.3091316564298     
   10.4506100000000        51.4786332083644     
   10.4609600000000        51.8132107256921     
   10.4713000000000        52.2885787730125     
   10.4816300000000        53.3380843020103     
   10.4919600000000        54.8176572720786     
   10.5022900000000        56.1096537794608     
   10.5126200000000        56.8011653662996     
   10.5229400000000        57.0576449930441     
   10.5332600000000        57.4731095987868     
   10.5435800000000        58.3913326691277     
   10.5539000000000        59.6937768717290     
   10.5642100000000        60.9033282902506     
   10.5745100000000        61.7390651688709     
   10.5848200000000        62.2709268212133     
   10.5951200000000        62.4371147849756     
   10.6054200000000        62.3097566082766     
   10.6157100000000        61.8308756583502     
   10.6260000000000        60.7348151366969     
   10.6362900000000        59.3093439374162     
   10.6465800000000        57.8385928748831     
   10.6568600000000        56.5087329533268     
   10.6671400000000        55.8164226068509     
   10.6774100000000        55.9058403272422     
   10.6876900000000        56.5999713278975     
   10.6979600000000        57.6609017296172     
   10.7082200000000        58.7472573310860     
   10.7184900000000        60.2289521829233     
   10.7287500000000        62.1752613062683     
   10.7390000000000        63.9276187094000     
   10.7492600000000        65.0322413127697     
   10.7595100000000        65.6782728647663     
   10.7697500000000        66.3428907306624     
   10.7800000000000        67.2095419060333     
   10.7902400000000        67.6208335771034     
   10.8004800000000        67.6162518685998     
   10.8107100000000        67.9333336003151     
   10.8209400000000        68.8254893870375     
   10.8311700000000        70.0097949223821     
   10.8414000000000        71.6895639159086     
   10.8516200000000        74.4434369058182     
   10.8618400000000        77.8064577115851     
   10.8720500000000        80.5258141736597     
   10.8822700000000        82.6109548510208     
   10.8924800000000        84.8136364709000     
   10.9026800000000        87.9260545531268     
   10.9128800000000        91.9900688459324     
   10.9230800000000        96.0842491760822     
   10.9332800000000        99.4058232404325     
   10.9434700000000        101.501502284685     
   10.9536600000000        102.287531336448     
   10.9638500000000        101.915327401702     
   10.9740400000000        100.567061063277     
   10.9842200000000        99.4916155810729     
   10.9943900000000        99.8015971206671     
   11.0045700000000        101.222745926342     
   11.0147400000000        103.157595699740     
   11.0249100000000        105.667662718184     
   11.0350700000000        108.581759205125     
   11.0452300000000        111.404456121353     
   11.0553900000000        113.532406985458     
   11.0655500000000        114.465440432664     
   11.0757000000000        114.412073708461     
   11.0858500000000        114.313853217433     
   11.0960000000000        114.893743407003     
   11.1061400000000        115.776089933618     
   11.1162800000000        116.022010239398     
   11.1264200000000        115.758148440171     
   11.1365500000000        116.038657254992     
   11.1466800000000        116.774316868104     
   11.1568100000000        117.082906117974     
   11.1669300000000        117.309330384183     
   11.1770500000000        118.174595779017     
   11.1871700000000        119.085017749686     
   11.1972800000000        119.855599356667     
   11.2073900000000        120.900219402887     
   11.2175000000000        121.871154109469     
   11.2276100000000        123.064417515677     
   11.2377100000000        125.259302238423     
   11.2478100000000        128.867075223580     
   11.2579000000000        133.299276036982     
   11.2679900000000        136.977658970754     
   11.2780800000000        139.102478355686     
   11.2881700000000        140.257473151927     
   11.2982500000000        140.868542980053     
   11.3083300000000        141.454620846452     
   11.3184100000000        142.782663076314     
   11.3284800000000        144.801386307838     
   11.3385500000000        146.950150837813     
   11.3486200000000        148.731705352521     
   11.3586800000000        149.883198045054     
   11.3687400000000        150.779384553990     
   11.3788000000000        151.830234775586     
   11.3888500000000        153.197215037473     
   11.3989000000000        154.892323615634     
   11.4089500000000        156.357048672899     
   11.4189900000000        156.920120084970     
   11.4290400000000        156.787799472489     
   11.4390700000000        156.721920011311     
   11.4491100000000        157.475827512852     
   11.4591400000000        159.464576522081     
   11.4691700000000        162.643692914233     
   11.4792000000000        166.342563017609     
   11.4892200000000        169.518335561497     
   11.4992400000000        171.882631121827     
   11.5092500000000        173.745322772460     
   11.5192700000000        175.370712177206     
   11.5292800000000        176.652473897581     
   11.5392800000000        177.672483131185     
   11.5492900000000        178.814601125154     
   11.5592900000000        180.126118164318     
   11.5692800000000        181.277848507825     
   11.5792800000000        182.254027383791     
   11.5892700000000        183.143311661241     
   11.5992600000000        183.468283312411     
   11.6092400000000        182.999324008685     
   11.6192200000000        182.127279560856     
   11.6292000000000        181.636135722438     
   11.6391700000000        182.083435253978     
   11.6491500000000        183.320116316048     
   11.6591200000000        185.031592104619     
   11.6690800000000        187.046147632063     
   11.6790400000000        189.154262585766     
   11.6890000000000        191.213530322665     
   11.6989600000000        193.241964719352     
   11.7089100000000        195.470344738498     
   11.7188600000000        197.830488867641     
   11.7288100000000        199.933094208135     
   11.7387500000000        201.578994504903     
   11.7486900000000        202.575648148502     
   11.7586300000000        203.017131858275     
   11.7685600000000        203.247429443767     
   11.7784900000000        203.323198345504     
   11.7884200000000        203.141669819016     
   11.7983400000000        202.854414492978     
   11.8082600000000        202.775996122356     
   11.8181800000000        202.587427196267     
   11.8281000000000        201.524615571503     
   11.8380100000000        199.320114831565     
   11.8479200000000        196.284478149904     
   11.8578200000000        193.296278091619     
   11.8677200000000        191.133823361918     
   11.8776200000000        189.827555577012     
   11.8875200000000        189.210837705196     
   11.8974100000000        189.005048983328     
   11.9073000000000        188.569455568605     
   11.9171900000000        187.564749444202     
   11.9270700000000        186.425313018295     
   11.9369500000000        185.756803068689     
   11.9468300000000        185.371738728890     
   11.9567000000000        184.331462040072     
   11.9665700000000        182.363429802219     
   11.9764400000000        180.211377293993     
   11.9863000000000        178.881415629667     
   11.9961600000000        178.969851187319     
   12.0060200000000        180.382057319386     
   12.0158700000000        182.782429450480     
   12.0257300000000        185.901026271236     
   12.0355700000000        189.544599029100     
   12.0454200000000        193.482518159911     
   12.0552600000000        197.357185709124     
   12.0651000000000        201.267256089262     
   12.0749400000000        205.250962290580     
   12.0847700000000        208.578435778943     
   12.0946000000000        210.943799339403     
   12.1044200000000        212.810877229179     
   12.1142500000000        214.596516183188     
   12.1240700000000        216.709357708199     
   12.1338800000000        219.034222100847     
   12.1437000000000        220.673470781927     
   12.1535100000000        221.460603627967     
   12.1633100000000        222.281012175173     
   12.1731200000000        223.758862090124     
   12.1829200000000        225.899453332021     
   12.1927200000000        228.842592603946     
   12.2025100000000        232.745838255589     
   12.2123000000000        237.022215209817     
   12.2220900000000        241.118394432771     
   12.2318700000000        245.310268430332     
   12.2416600000000        250.051145461285     
   12.2514300000000        255.054662855412     
   12.2612100000000        259.676957201632     
   12.2709800000000        263.470790147235     
   12.2807500000000        266.228296551574     
   12.2905200000000        268.189270538825     
   12.3002800000000        270.357647083894     
   12.3100400000000        273.468265627308     
   12.3198000000000        277.082620520351     
   12.3295500000000        279.811027038060     
   12.3393000000000        280.871250435072     
   12.3490500000000        280.845630331173     
   12.3587900000000        280.593981257344     
   12.3685300000000        280.537736951239     
   12.3782700000000        280.780541789737     
   12.3880000000000        281.188106729437     
   12.3977300000000        281.298244989452     
   12.4074600000000        280.847419984428     
   12.4171800000000        280.065206179162     
   12.4269100000000        279.702814322017     
   12.4366200000000        280.593438540677     
   12.4463400000000        282.539517760632     
   12.4560500000000        284.293809714644     
   12.4657600000000        284.610450672617     
   12.4754700000000        283.293520410346     
   12.4851700000000        281.242098225473     
   12.4948700000000        279.296493305708     
   12.5045600000000        277.549424134656     
   12.5142600000000        275.642824308411     
   12.5239500000000        273.574086596698     
   12.5336300000000        271.955523174749     
   12.5433200000000        271.290285068261     
   12.5530000000000        271.762728968866     
   12.5626800000000        273.246259619582     
   12.5723500000000        275.115028167941     
   12.5820200000000        276.956886606922     
   12.5916900000000        279.173894278379     
   12.6013500000000        282.270007079688     
   12.6110100000000        286.058622179565     
   12.6206700000000        289.955851096641     
   12.6303300000000        293.796715039555     
   12.6399800000000        297.850054534912     
   12.6496300000000        302.044510360631     
   12.6592700000000        305.918398383479     
   12.6689200000000        309.094021620715     
   12.6785500000000        311.616640402588     
   12.6881900000000        314.279235588782     
   12.6978200000000        318.148285883356     
   12.7074500000000        323.442294297186     
   12.7170800000000        329.302140482083     
   12.7267000000000        335.082134315599     
   12.7363200000000        340.850946998188     
   12.7459400000000        346.497808168573     
   12.7555500000000        351.565728142530     
   12.7651600000000        355.763508138985     
   12.7747700000000        359.145012469077     
   12.7843800000000        362.284725036079     
   12.7939800000000        365.936268966939     
   12.8035800000000        370.154868825189     
   12.8131700000000        374.312528804445     
   12.8227600000000        377.892165326929     
   12.8323500000000        380.994523986523     
   12.8419400000000        384.167009093562     
   12.8515200000000        387.604276016439     
   12.8611000000000        391.035177727652     
   12.8706700000000        394.382820439568     
   12.8802500000000        397.933111682099     
   12.8898100000000        401.919990620684     
   12.8993800000000        406.493384581183     
   12.9089400000000        411.895609725734     
   12.9185000000000        418.133352431836     
   12.9280600000000        424.555601325446     
   12.9376100000000        430.075188831978     
   12.9471700000000        433.774786183314     
   12.9567100000000        435.512279836403     
   12.9662600000000        435.894626508303     
   12.9758000000000        435.685692718917     
   12.9853400000000        435.601927659146     
   12.9948700000000        436.256220375905     
   13.0044000000000        437.908871342239     
   13.0139300000000        440.471193359761     
   13.0234600000000        443.622636387263     
   13.0329800000000        446.808407263904     
   13.0425000000000        449.379459103648     
   13.0520100000000        450.836287459528     
   13.0615200000000        451.263320241665     
   13.0710300000000        451.472249709052     
   13.0805400000000        452.321598997573     
   13.0900400000000        453.854833045547     
   13.0995400000000        455.408862384074     
   13.1090400000000        456.618207698438     
   13.1185300000000        457.847817628523     
   13.1280200000000        459.290282332930     
   13.1375100000000        460.342993397581     
   13.1469900000000        460.164445557879     
   13.1564700000000        458.250929565203     
   13.1659500000000        454.852934206839     
   13.1754300000000        451.134907208094     
   13.1849000000000        448.517855336311     
   13.1943700000000        447.764487837349     
   13.2038300000000        448.701414716624     
   13.2132900000000        450.438558540832     
   13.2227500000000        451.903883271733     
   13.2322100000000        452.327190400505     
   13.2416600000000        451.203997739310     
   13.2511100000000        448.507601659664     
   13.2605500000000        444.956996517703     
   13.2700000000000        441.659783894055     
   13.2794400000000        439.734711318956     
   13.2888700000000        439.924845173486     
   13.2983100000000        442.182094115404     
   13.3077400000000        445.621619277752     
   13.3171600000000        449.258468976763     
   13.3265900000000        452.645977330576     
   13.3360100000000        455.607033196592     
   13.3454300000000        457.757958240012     
   13.3548400000000        458.514105343169     
   13.3642500000000        457.615287553288     
   13.3736600000000        455.375745721126     
   13.3830600000000        452.228692980386     
   13.3924700000000        448.415014891101     
   13.4018600000000        444.326507674054     
   13.4112600000000        440.609925852366     
   13.4206500000000        437.823378242253     
   13.4300400000000        436.148476629909     
   13.4394300000000        435.624698270204     
   13.4488100000000        436.219856425708     
   13.4581900000000        437.605419887496     
   13.4675600000000        439.011354456334     
   13.4769400000000        439.651820934271     
   13.4863100000000        439.563311235121     
   13.4956700000000        439.680251838331     
   13.5050400000000        441.033084257516     
   13.5144000000000        443.947757883663     
   13.5237600000000        447.657114375743     
   13.5331100000000        450.618231884772     
   13.5424600000000        451.723286879897     
   13.5518100000000        451.287999869180     
   13.5611500000000        450.629616097130     
   13.5704900000000        450.881977036431     
   13.5798300000000        452.245475535099     
   13.5891700000000        454.055770505136     
   13.5985000000000        455.482290550840     
   13.6078300000000        456.210279067762     
   13.6171500000000        456.469694011352     
   13.6264800000000        456.622717081136     
   13.6358000000000        456.936653793632     
   13.6451100000000        457.519940992950     
   13.6544200000000        458.254308539932     
   13.6637300000000        459.048176407484     
   13.6730400000000        460.169664131204     
   13.6823400000000        462.101929880716     
   13.6916400000000        465.156344915492     
   13.7009400000000        469.132328199524     
   13.7102400000000        473.259232629514     
   13.7195300000000        476.756677402953     
   13.7288100000000        479.396076174030     
   13.7381000000000        481.216398765906     
   13.7473800000000        481.943064206601     
   13.7566600000000        481.061652440411     
   13.7659300000000        478.412332289792     
   13.7752000000000        474.529955051181     
   13.7844700000000        470.338993602238     
   13.7937400000000        466.436183936280     
   13.8030000000000        462.740349159786     
   13.8122600000000        458.951312970573     
   13.8215200000000        455.013512823698     
   13.8307700000000        451.051368876432     
   13.8400200000000        447.240575645849     
   13.8492600000000        443.728910767221     
   13.8585100000000        440.528607440821     
   13.8677500000000        437.500986901899     
   13.8769800000000        434.326754428191     
   13.8862200000000        430.729270947401     
   13.8954500000000        426.839360664775     
   13.9046800000000        423.206130730769     
   13.9139000000000        420.476069711207     
   13.9231200000000        418.905266589622     
   13.9323400000000        418.155886808506     
   13.9415500000000        417.547527864882     
   13.9507700000000        416.564710452840     
   13.9599700000000        415.175486592563     
   13.9691800000000        413.617690258657     
   13.9783800000000        411.938416743513     
   13.9875800000000        409.830831036816     
   13.9967800000000        407.044566142583     
   14.0059700000000        403.787412232418     
   14.0151600000000        400.586782894814     
   14.0243400000000        397.846896562072     
   14.0335300000000        395.582013473255     
   14.0427100000000        393.592225971747     
   14.0518800000000        391.650768125056     
   14.0610600000000        389.436538009986     
   14.0702300000000        386.487417729469     
   14.0794000000000        382.438364984765     
   14.0885600000000        377.298725317408     
   14.0977200000000        371.464331400758     
   14.1068800000000        365.623612854413     
   14.1160300000000        360.405709261696     
   14.1251800000000        355.944310653706     
   14.1343300000000        351.971021304264     
   14.1434800000000        348.256102503924     
   14.1526200000000        344.860685556312     
   14.1617600000000        342.000489736792     
   14.1708900000000        339.811497487190     
   14.1800300000000        338.194808479979     
   14.1891500000000        336.848486302363     
   14.1982800000000        335.355040006622     
   14.2074000000000        333.332358680158     
   14.2165200000000        330.539644620102     
   14.2256400000000        326.961565463957     
   14.2347500000000        322.802228215567     
   14.2438600000000        318.361442749101     
   14.2529700000000        313.983924979947     
   14.2620700000000        310.066253040406     
   14.2711800000000        306.977796917544     
   14.2802700000000        304.968758023348     
   14.2893700000000        304.076518637613     
   14.2984600000000        304.154092434861     
   14.3075500000000        304.861671894481     
   14.3166300000000        305.757225670085     
   14.3257100000000        306.447475409732     
   14.3347900000000        306.631236676486     
   14.3438700000000        306.088471845207     
   14.3529400000000        304.785198697551     
   14.3620100000000        302.967697990654     
   14.3710700000000        300.993122216628     
   14.3801400000000        299.047882659516     
   14.3892000000000        297.135324423746     
   14.3982500000000        295.196573267433     
   14.4073100000000        293.189282590162     
   14.4163600000000        291.150920114530     
   14.4254000000000        289.254598749739     
   14.4344500000000        287.785123208450     
   14.4434900000000        287.006827851645     
   14.4525200000000        287.005538955838     
   14.4615600000000        287.608771537499     
   14.4705900000000        288.432217647924     
   14.4796200000000        289.084800162928     
   14.4886400000000        289.303370381437     
   14.4976600000000        288.943664072944     
   14.5066800000000        287.955025854141     
   14.5157000000000        286.363002592030     
   14.5247100000000        284.231680135952     
   14.5337200000000        281.651972954341     
   14.5427200000000        278.762019414046     
   14.5517300000000        275.713529238425     
   14.5607300000000        272.725346165793     
   14.5697200000000        270.103484662585     
   14.5787100000000        268.137636033957     
   14.5877000000000        266.904022041897     
   14.5966900000000        266.181885840062     
   14.6056700000000        265.625013848288     
   14.6146600000000        265.049604448788     
   14.6236300000000        264.559522633515     
   14.6326100000000        264.377719626543     
   14.6415800000000        264.582783962508     
   14.6505400000000        264.990194258120     
   14.6595100000000        265.274183579482     
   14.6684700000000        265.139384989494     
   14.6774300000000        264.414894931772     
   14.6863800000000        263.130264553338     
   14.6953400000000        261.558353588710     
   14.7042800000000        260.108473895036     
   14.7132300000000        259.073476091594     
   14.7221700000000        258.519087530083     
   14.7311100000000        258.332150463604     
   14.7400500000000        258.326062700201     
   14.7489800000000        258.255145110267     
   14.7579100000000        257.817798741815     
   14.7668400000000        256.753417520652     
   14.7757600000000        254.972674131151     
   14.7846800000000        252.567635545019     
   14.7936000000000        249.737123175770     
   14.8025100000000        246.727043032993     
   14.8114200000000        243.770746544241     
   14.8203300000000        241.012960228234     
   14.8292300000000        238.450461956058     
   14.8381300000000        235.988788119838     
   14.8470300000000        233.591659691554     
   14.8559300000000        231.342189782641     
   14.8648200000000        229.361724496467     
   14.8737100000000        227.672832668641     
   14.8825900000000        226.186205327060     
   14.8914700000000        224.784841068912     
   14.9003500000000        223.398278460836     
   14.9092300000000        221.985531045702     
   14.9181000000000        220.515247875470     
   14.9269700000000        218.972736471769     
   14.9358400000000        217.379422263755     
   14.9447000000000        215.789376956065     
   14.9535600000000        214.248937457556     
   14.9624200000000        212.766601514448     
   14.9712700000000        211.322002696316     
   14.9801200000000        209.901747474749     
   14.9889700000000        208.543565778673     
   14.9978100000000        207.345198437728     
   15.0066500000000        206.406760042492     
   15.0154900000000        205.747033168370     
   15.0243300000000        205.258691918501     
   15.0331600000000        204.747728188145     
   15.0419900000000        204.039196518738     
   15.0508100000000        203.094137189347     
   15.0596300000000        202.014786272315     
   15.0684500000000        200.934990862184     
   15.0772700000000        199.921552421041     
   15.0860800000000        198.976971095168     
   15.0948900000000        198.088124768796     
   15.1037000000000        197.264209379624     
   15.1125000000000        196.539564716001     
   15.1213000000000        195.957147291268     
   15.1301000000000        195.549853842371     
   15.1388900000000        195.317028450552     
   15.1476800000000        195.217886903194     
   15.1564700000000        195.192012473821     
   15.1652500000000        195.184661320806     
   15.1740300000000        195.174972755364     
   15.1828100000000        195.206423598668     
   15.1915800000000        195.388691303820     
   15.2003500000000        195.854028580094     
   15.2091200000000        196.686847406310     
   15.2178900000000        197.859879545647     
   15.2266500000000        199.209726963131     
   15.2354100000000        200.489762135048     
   15.2441600000000        201.476940683143     
   15.2529200000000        202.084781285895     
   15.2616700000000        202.387898372306     
   15.2704100000000        202.579205462637     
   15.2791500000000        202.885920898584     
   15.2878900000000        203.499540066529     
   15.2966300000000        204.530938515308     
   15.3053600000000        205.980815258740     
   15.3140900000000        207.737886612103     
   15.3228200000000        209.616016646132     
   15.3315400000000        211.444109631840     
   15.3402600000000        213.159988851559     
   15.3489800000000        214.812996713583     
   15.3577000000000        216.483001725850     
   15.3664100000000        218.178666718362     
   15.3751200000000        219.802752033780     
   15.3838200000000        221.169725072009     
   15.3925200000000        222.079357612408     
   15.4012200000000        222.386612269100     
   15.4099200000000        222.049043328687     
   15.4186100000000        221.121476402050     
   15.4273000000000        219.709960739970     
   15.4359800000000        217.941669448230     
   15.4446700000000        215.959794325412     
   15.4533400000000        213.951886021321     
   15.4620200000000        212.090459275689     
   15.4706900000000        210.489395036987     
   15.4793600000000        209.164332290944     
   15.4880300000000        208.093184251638     
   15.4966900000000        207.268854148417     
   15.5053500000000        206.688002916068     
   15.5140100000000        206.299774208463     
   15.5226700000000        205.972049402458     
   15.5313200000000        205.537090896684     
   15.5399600000000        204.879820985979     
   15.5486100000000        203.972296451525     
   15.5572500000000        202.836756133634     
   15.5658900000000        201.482507595812     
   15.5745200000000        199.903718372602     
   15.5831600000000        198.109098485077     
   15.5917900000000        196.175202903826     
   15.6004100000000        194.234567291239     
   15.6090300000000        192.432281294609     
   15.6176500000000        190.881343499005     
   15.6262700000000        189.642127164921     
   15.6348800000000        188.724626967244     
   15.6434900000000        188.076306149229     
   15.6521000000000        187.572414997142     
   15.6607000000000        187.027216467796     
   15.6693000000000        186.245141977369     
   15.6779000000000        185.094670746851     
   15.6864900000000        183.560670526706     
   15.6950800000000        181.736852870893     
   15.7036700000000        179.778979892357     
   15.7122600000000        177.840922956190     
   15.7208400000000        176.039956156581     
   15.7294100000000        174.447752199788     
   15.7379900000000        173.098465713834     
   15.7465600000000        172.004471963659     
   15.7551300000000        171.150395599913     
   15.7637000000000        170.511716172720     
   15.7722600000000        170.063697481319     
   15.7808200000000        169.772967258181     
   15.7893700000000        169.573863318945     
   15.7979300000000        169.339030391834     
   15.8064700000000        168.886551752618     
   15.8150200000000        168.032349843536     
   15.8235600000000        166.675956156736     
   15.8321000000000        164.847518946231     
   15.8406400000000        162.706914510011     
   15.8491800000000        160.480046065287     
   15.8577100000000        158.375817167459     
   15.8662300000000        156.531313364264     
   15.8747600000000        155.019087515117     
   15.8832800000000        153.885319500714     
   15.8918000000000        153.146098293377     
   15.9003100000000        152.791773717234     
   15.9088200000000        152.785037137885     
   15.9173300000000        153.072962520680     
   15.9258400000000        153.597677454583     
   15.9343400000000        154.299187039239     
   15.9428400000000        155.106050734483     
   15.9513300000000        155.917907245279     
   15.9598300000000        156.619247673768     
   15.9683100000000        157.110146156877     
   15.9768000000000        157.351448068315     
   15.9852800000000        157.366659407729     
   15.9937600000000        157.223415603924     
   16.0022400000000        156.994771750990     
   16.0107100000000        156.729632471983     
   16.0191800000000        156.444092661169     
   16.0276500000000        156.135510449650     
   16.0361200000000        155.799489806812     
   16.0445800000000        155.432490635500     
   16.0530300000000        155.017461857731     
   16.0614900000000        154.515708670954     
   16.0699400000000        153.883860582318     
   16.0783900000000        153.090525522530     
   16.0868300000000        152.126531724803     
   16.0952800000000        150.992531457067     
   16.1037100000000        149.699778784157     
   16.1121500000000        148.248675385732     
   16.1205800000000        146.642868459094     
   16.1290100000000        144.876788603890     
   16.1374400000000        142.942271475521     
   16.1458600000000        140.830744277128     
   16.1542800000000        138.533634685792     
   16.1627000000000        136.062802138327     
   16.1711100000000        133.460183392881     
   16.1795200000000        130.784412053535     
   16.1879300000000        128.108511507275     
   16.1963300000000        125.510977541442     
   16.2047300000000        123.060197487741     
   16.2131300000000        120.816576051129     
   16.2215200000000        118.821726181031     
   16.2299100000000        117.083811405956     
   16.2383000000000        115.585241564273     
   16.2466900000000        114.285294773113     
   16.2550700000000        113.128884686862     
   16.2634500000000        112.053612336487     
   16.2718200000000        111.013085963114     
   16.2802000000000        109.987100485283     
   16.2885600000000        108.991148216842     
   16.2969300000000        108.040346819119     
   16.3052900000000        107.134907487166     
   16.3136500000000        106.241526656380     
   16.3220100000000        105.313407785052     
   16.3303600000000        104.317644598699     
   16.3387100000000        103.250754674656     
   16.3470600000000        102.140523612759     
   16.3554000000000        101.029747546867     
   16.3637400000000        99.9549975801615     
   16.3720800000000        98.9383410263948     
   16.3804200000000        97.9754173650998     
   16.3887500000000        97.0319329805512     
   16.3970700000000        96.0526595584870     
   16.4054000000000        94.9825923806501     
   16.4137200000000        93.7904163736704     
   16.4220400000000        92.4627549351478     
   16.4303500000000        91.0128454600685     
   16.4386700000000        89.4804165386460     
   16.4469700000000        87.9490568708760     
   16.4552800000000        86.5101404533995     
   16.4635800000000        85.2502100095653     
   16.4718800000000        84.2064656109081     
   16.4801800000000        83.3661625850111     
   16.4884700000000        82.6857477624663     
   16.4967600000000        82.1209986573684     
   16.5050500000000        81.6514991078003     
   16.5133300000000        81.2803207238955     
   16.5216100000000        81.0186525970765     
   16.5298900000000        80.8709507767743     
   16.5381600000000        80.8230488294327     
   16.5464300000000        80.8402713859634     
   16.5547000000000        80.8754677900474     
   16.5629700000000        80.8792473271240     
   16.5712300000000        80.8067983009986     
   16.5794900000000        80.6208805448876     
   16.5877400000000        80.2962984850788     
   16.5959900000000        79.8245644407310     
   16.6042400000000        79.2168915714865     
   16.6124900000000        78.4987947206247     
   16.6207300000000        77.7016340563322     
   16.6289700000000        76.8527055570832     
   16.6372000000000        75.9756481359710     
   16.6454400000000        75.0828882529801     
   16.6536700000000        74.1827611467080     
   16.6618900000000        73.2777592920105     
   16.6701200000000        72.3728909909381     
   16.6783400000000        71.4895591841123     
   16.6865500000000        70.6605758410177     
   16.6947700000000        69.9251346558213     
   16.7029800000000        69.3236015422549     
   16.7111900000000        68.8794612895038     
   16.7193900000000        68.5949166212004     
   16.7275900000000        68.4445181247954     
   16.7357900000000        68.3773159144367     
   16.7439800000000        68.3240867410943     
   16.7521800000000        68.2126500701468     
   16.7603600000000        67.9884127755824     
   16.7685500000000        67.6290614907077     
   16.7767300000000        67.1545881766153     
   16.7849100000000        66.6187685098987     
   16.7930900000000        66.0933851098250     
   16.8012600000000        65.6458782952004     
   16.8094300000000        65.3187568295012     
   16.8175900000000        65.1231897943745     
   16.8257600000000        65.0397228889396     
   16.8339200000000        65.0278351109948     
   16.8420700000000        65.0343924895571     
   16.8502300000000        65.0051757735694     
   16.8583800000000        64.8989053973874     
   16.8665300000000        64.7008518905873     
   16.8746700000000        64.4285304984427     
   16.8828100000000        64.1224191647108     
   16.8909500000000        63.8281166986328     
   16.8990800000000        63.5752647498861     
   16.9072100000000        63.3613234680821     
   16.9153400000000        63.1503143755458     
   16.9234700000000        62.8852612114042     
   16.9315900000000        62.5107315045945     
   16.9397100000000        61.9905682067482     
   16.9478200000000        61.3164976854168     
   16.9559400000000        60.4995476963814     
   16.9640500000000        59.5675187840335     
   16.9721500000000        58.5533609261827     
   16.9802600000000        57.4907198097876     
   16.9883600000000        56.4194730452022     
   16.9964500000000        55.3753452742809     
   17.0045500000000        54.3872011829321     
   17.0126400000000        53.4811884790846     
   17.0207200000000        52.6695945589554     
   17.0288100000000        51.9515100635286     
   17.0368900000000        51.3229382343556     
   17.0449700000000        50.7773266126351     
   17.0530400000000        50.3133881293007     
   17.0611100000000        49.9292315424950     
   17.0691800000000        49.6165360824549     
