   7.15970000000000        774.851075610363     
   7.17100000000000        760.549860125337     
   7.18231000000000        748.699296879297     
   7.19360000000000        708.900193585333     
   7.20490000000000        665.265004042995     
   7.21619000000000        621.304520460320     
   7.22748000000000        606.321802643007     
   7.23877000000000        619.853572772440     
   7.25005000000000        594.946822743776     
   7.26133000000000        561.588076750673     
   7.27261000000000        507.143780977386     
   7.28388000000000        461.883224285318     
   7.29515000000000        418.173827576809     
   7.30642000000000        410.272540027459     
   7.31768000000000        397.957120351447     
   7.32894000000000        397.919153101153     
   7.34020000000000        411.080097067734     
   7.35146000000000        437.507245258815     
   7.36271000000000        464.730655010022     
   7.37396000000000        499.297719209619     
   7.38520000000000        512.366468056095     
   7.39644000000000        493.913635773334     
   7.40768000000000        477.816290555786     
   7.41892000000000        454.020269425392     
   7.43015000000000        430.662553784570     
   7.44138000000000        428.892299308414     
   7.45261000000000        409.823159755665     
   7.46383000000000        386.809582207977     
   7.47505000000000        368.650152803575     
   7.48626000000000        340.928368105541     
   7.49748000000000        333.121190111571     
   7.50869000000000        336.535562895240     
   7.51990000000000        326.706532888085     
   7.53110000000000        326.616625719877     
   7.54230000000000        337.937367183692     
   7.55350000000000        346.973981893702     
   7.56469000000000        341.337451614277     
   7.57588000000000        333.968929086453     
   7.58707000000000        333.994427990452     
   7.59826000000000        349.456566358387     
   7.60944000000000        359.461277593870     
   7.62062000000000        372.460149176329     
   7.63179000000000        386.690817562123     
   7.64296000000000        383.573265496313     
   7.65413000000000        373.763244442442     
   7.66530000000000        367.681234923529     
   7.67646000000000        370.045281153702     
   7.68762000000000        385.253629736252     
   7.69878000000000        390.047034895982     
   7.70993000000000        375.011987799049     
   7.72108000000000        361.976430124291     
   7.73223000000000        363.399805410013     
   7.74337000000000        368.635509203271     
   7.75451000000000        368.623827367923     
   7.76565000000000        367.737842368246     
   7.77678000000000        367.855193666609     
   7.78791000000000        370.448850735500     
   7.79904000000000        376.599046857990     
   7.81017000000000        389.211065998381     
   7.82129000000000        398.068157999392     
   7.83241000000000        405.669080318920     
   7.84352000000000        408.292134825463     
   7.85463000000000        404.659994696021     
   7.86574000000000        404.554977796155     
   7.87685000000000        404.064614785651     
   7.88795000000000        404.110607849223     
   7.89905000000000        407.747380488681     
   7.91015000000000        403.790939550074     
   7.92124000000000        381.175283129269     
   7.93233000000000        365.600301870817     
   7.94342000000000        358.754504245976     
   7.95450000000000        354.339324549394     
   7.96558000000000        350.116962524067     
   7.97666000000000        338.439494745180     
   7.98773000000000        327.560516895368     
   7.99880000000000        323.729907922959     
   8.00987000000000        315.522968192397     
   8.02093000000000        306.151481987393     
   8.03200000000000        306.668234320656     
   8.04305000000000        308.499347750268     
   8.05411000000000        305.101178297372     
   8.06516000000000        310.216256146882     
   8.07621000000000        322.766739383775     
   8.08726000000000        336.331836184045     
   8.09830000000000        344.175848917501     
   8.10934000000000        353.199684820332     
   8.12037000000000        353.026517953907     
   8.13141000000000        346.707475890584     
   8.14244000000000        338.387644592452     
   8.15346000000000        329.456266788243     
   8.16449000000000        317.131443241650     
   8.17551000000000        305.608644025709     
   8.18652000000000        292.138033015440     
   8.19754000000000        277.101175724291     
   8.20855000000000        266.851814629181     
   8.21955000000000        264.698526500295     
   8.23056000000000        271.142775220207     
   8.24156000000000        274.475907731239     
   8.25256000000000        276.281939049766     
   8.26355000000000        273.566748747568     
   8.27454000000000        269.304814137460     
   8.28553000000000        273.157320428807     
   8.29652000000000        282.517990020480     
   8.30750000000000        297.531589268997     
   8.31848000000000        307.401395671441     
   8.32946000000000        307.249924471873     
   8.34043000000000        308.219330577172     
   8.35140000000000        307.946762665494     
   8.36236000000000        308.190288100437     
   8.37333000000000        309.719070575050     
   8.38429000000000        310.721426443087     
   8.39524000000000        312.583919691842     
   8.40620000000000        320.346380786975     
   8.41715000000000        332.126191575138     
   8.42810000000000        340.847560701421     
   8.43904000000000        349.693079343746     
   8.44998000000000        358.512635720614     
   8.46092000000000        372.214282627095     
   8.47185000000000        383.868323147009     
   8.48278000000000        390.236117589959     
   8.49371000000000        390.546809630843     
   8.50464000000000        388.066640471071     
   8.51556000000000        383.577111108326     
   8.52648000000000        375.907561121403     
   8.53739000000000        368.196971556212     
   8.54831000000000        365.579440932709     
   8.55922000000000        366.799283945075     
   8.57012000000000        366.829615362742     
   8.58103000000000        368.143857296300     
   8.59193000000000        371.797388308406     
   8.60282000000000        376.604842661354     
   8.61372000000000        377.944637782376     
   8.62461000000000        381.978488566465     
   8.63549000000000        386.066503166149     
   8.64638000000000        385.425777513023     
   8.65726000000000        381.151476043258     
   8.66814000000000        380.963079749921     
   8.67901000000000        386.051471959454     
   8.68988000000000        390.792813733053     
   8.70075000000000        387.484512030672     
   8.71161000000000        384.161257586948     
   8.72248000000000        381.598095685487     
   8.73333000000000        374.102423268390     
   8.74419000000000        363.939947057264     
   8.75504000000000        355.111046822729     
   8.76589000000000        347.931902504408     
   8.77674000000000        347.408444113256     
   8.78758000000000        347.792630260519     
   8.79842000000000        346.436928968396     
   8.80926000000000        343.599434333252     
   8.82009000000000        338.670219672263     
   8.83092000000000        332.543810341491     
   8.84175000000000        329.851253801969     
   8.85257000000000        326.802071370044     
   8.86339000000000        326.924467432541     
   8.87421000000000        331.197216586405     
   8.88502000000000        332.912900113890     
   8.89583000000000        332.064753507306     
   8.90664000000000        330.390526008328     
   8.91745000000000        329.231441194519     
   8.92825000000000        329.477877017339     
   8.93905000000000        328.926640006238     
   8.94984000000000        327.696012061402     
   8.96063000000000        327.646773772504     
   8.97142000000000        330.371452068348     
   8.98221000000000        335.662646331815     
   8.99299000000000        349.896980548531     
   9.00377000000000        369.051939346497     
   9.01455000000000        388.071491352326     
   9.02532000000000        418.685144963315     
   9.03609000000000        466.851274668419     
   9.04686000000000        533.795417694916     
   9.05762000000000        610.681998923162     
   9.06838000000000        693.995569561363     
   9.07914000000000        775.339081416193     
   9.08989000000000        820.930798346631     
   9.10064000000000        818.512557120790     
   9.11139000000000        794.880234599256     
   9.12214000000000        780.885919882000     
   9.13288000000000        778.949901217776     
   9.14362000000000        782.178674928492     
   9.15435000000000        755.507188834132     
   9.16508000000000        698.224629866197     
   9.17581000000000        660.166798856982     
   9.18654000000000        664.937292638419     
   9.19726000000000        671.499247282487     
   9.20798000000000        655.634813341306     
   9.21870000000000        640.033375353650     
   9.22941000000000        633.824649037822     
   9.24012000000000        622.654615516403     
   9.25082000000000        601.702869861428     
   9.26153000000000        583.337829904952     
   9.27223000000000        567.587028157064     
   9.28293000000000        568.159523816236     
   9.29362000000000        585.689925662831     
   9.30431000000000        600.927206091675     
   9.31500000000000        588.151500328270     
   9.32568000000000        577.327952802219     
   9.33636000000000        603.447592638035     
   9.34704000000000        659.583727753131     
   9.35772000000000        714.783648033183     
   9.36839000000000        743.797881515372     
   9.37906000000000        744.543496251465     
   9.38972000000000        745.612714836097     
   9.40038000000000        765.473895886264     
   9.41104000000000        800.256873120725     
   9.42170000000000        830.189183961322     
   9.43235000000000        851.379758290883     
   9.44300000000000        877.814099575640     
   9.45365000000000        920.494921299979     
   9.46429000000000        955.259889649808     
   9.47493000000000        972.950946005873     
   9.48557000000000        994.859771016808     
   9.49620000000000        1000.29990257371     
   9.50683000000000        993.920860514038     
   9.51746000000000        971.242347632732     
   9.52808000000000        966.546679085249     
   9.53871000000000        1001.59222308176     
   9.54932000000000        1052.59997988734     
   9.55994000000000        1116.57026938203     
   9.57055000000000        1153.35442335313     
   9.58116000000000        1149.64665107544     
   9.59176000000000        1137.66123360071     
   9.60237000000000        1143.22189472380     
   9.61296000000000        1155.02775693635     
   9.62356000000000        1184.81720947028     
   9.63415000000000        1218.97902096552     
   9.64474000000000        1230.58047081291     
   9.65533000000000        1223.31085510051     
   9.66591000000000        1223.98305563824     
   9.67649000000000        1242.04770813915     
   9.68707000000000        1264.18642422493     
   9.69764000000000        1287.18768819174     
   9.70821000000000        1320.65217157826     
   9.71878000000000        1399.21929032926     
   9.72934000000000        1510.09074468319     
   9.73990000000000        1590.74115510693     
   9.75046000000000        1617.69225509644     
   9.76102000000000        1618.60199130237     
   9.77157000000000        1634.31245823266     
   9.78212000000000        1654.15998423050     
   9.79266000000000        1652.39944381163     
   9.80320000000000        1640.96580805034     
   9.81374000000000        1623.38728364811     
   9.82428000000000        1613.70735650175     
   9.83481000000000        1627.14841733150     
   9.84534000000000        1642.16470835545     
   9.85586000000000        1655.67227326097     
   9.86639000000000        1661.80032936705     
   9.87691000000000        1604.26567067534     
   9.88742000000000        1537.24537383450     
   9.89794000000000        1548.81574998457     
   9.90845000000000        1591.27862692670     
   9.91895000000000        1605.13875216538     
   9.92946000000000        1602.58406154761     
   9.93996000000000        1577.55142744914     
   9.95046000000000        1533.51131451906     
   9.96095000000000        1484.57400622286     
   9.97144000000000        1436.10188699162     
   9.98193000000000        1391.59095593945     
   9.99242000000000        1376.22397831956     
   10.0029000000000        1395.14522015786     
   10.0133800000000        1418.39655468638     
   10.0238500000000        1433.33675914549     
   10.0343200000000        1422.77197465163     
   10.0447900000000        1400.74680928524     
   10.0552600000000        1388.94033206623     
   10.0657200000000        1382.01886590260     
   10.0761800000000        1377.81710122682     
   10.0866400000000        1382.72266627279     
   10.0970900000000        1398.97059259529     
   10.1075400000000        1419.58451083617     
   10.1179900000000        1423.73914544116     
   10.1284300000000        1410.64639222506     
   10.1388700000000        1419.66947963847     
   10.1493100000000        1449.82298398858     
   10.1597400000000        1441.54394796474     
   10.1701700000000        1412.93139480363     
   10.1806000000000        1407.88125396309     
   10.1910300000000        1406.65924260057     
   10.2014500000000        1397.77782767461     
   10.2118700000000        1414.15759166125     
   10.2222800000000        1448.57122360379     
   10.2326900000000        1460.22185286007     
   10.2431000000000        1445.95595904307     
   10.2535100000000        1425.99296382478     
   10.2639100000000        1410.33203631747     
   10.2743100000000        1398.89797357794     
   10.2847100000000        1419.23858417411     
   10.2951000000000        1475.96368495663     
   10.3054900000000        1516.09344022800     
   10.3158800000000        1520.83541998774     
   10.3262600000000        1519.47292501755     
   10.3366400000000        1504.16272385599     
   10.3470200000000        1476.94114815513     
   10.3573900000000        1476.37501899843     
   10.3677600000000        1509.36862783973     
   10.3781300000000        1537.59129796097     
   10.3884900000000        1538.51523126729     
   10.3988600000000        1518.05482836850     
   10.4092100000000        1489.54936998323     
   10.4195700000000        1470.72120193302     
   10.4299200000000        1465.97311039909     
   10.4402700000000        1462.89478132074     
   10.4506100000000        1444.45717649988     
   10.4609600000000        1407.71181979422     
   10.4713000000000        1361.65341833953     
   10.4816300000000        1314.04177377683     
   10.4919600000000        1282.96643187003     
   10.5022900000000        1272.49592286472     
   10.5126200000000        1266.78591560495     
   10.5229400000000        1257.27551642860     
   10.5332600000000        1228.22385824282     
   10.5435800000000        1185.40063089625     
   10.5539000000000        1139.64033898165     
   10.5642100000000        1093.58735997654     
   10.5745100000000        1052.31144307352     
   10.5848200000000        1019.41495368073     
   10.5951200000000        988.709259637448     
   10.6054200000000        963.315036698350     
   10.6157100000000        947.915744894866     
   10.6260000000000        946.760159445057     
   10.6362900000000        967.593127133746     
   10.6465800000000        989.850887976879     
   10.6568600000000        999.935516757435     
   10.6671400000000        1006.68389322795     
   10.6774100000000        1015.82041361343     
   10.6876900000000        1029.58358668906     
   10.6979600000000        1049.42906431996     
   10.7082200000000        1078.02713031295     
   10.7184900000000        1117.17330495335     
   10.7287500000000        1158.44154537903     
   10.7390000000000        1194.50312978050     
   10.7492600000000        1227.87260220131     
   10.7595100000000        1259.13739326688     
   10.7697500000000        1294.38761319010     
   10.7800000000000        1347.26984702899     
   10.7902400000000        1410.05759289417     
   10.8004800000000        1466.76334795362     
   10.8107100000000        1510.04111989453     
   10.8209400000000        1528.38560561351     
   10.8311700000000        1528.15804935626     
   10.8414000000000        1535.08049638919     
   10.8516200000000        1560.01264420020     
   10.8618400000000        1599.11468371968     
   10.8720500000000        1635.82054963426     
   10.8822700000000        1660.77865708699     
   10.8924800000000        1671.48434296661     
   10.9026800000000        1668.18362335417     
   10.9128800000000        1664.59592757072     
   10.9230800000000        1677.45106974517     
   10.9332800000000        1702.38068593235     
   10.9434700000000        1727.40078405879     
   10.9536600000000        1752.31042058251     
   10.9638500000000        1766.20305055725     
   10.9740400000000        1743.91275056802     
   10.9842200000000        1689.42013304671     
   10.9943900000000        1627.09059813631     
   11.0045700000000        1574.70559534790     
   11.0147400000000        1542.32078093502     
   11.0249100000000        1521.30544741392     
   11.0350700000000        1499.47699774278     
   11.0452300000000        1475.59223542895     
   11.0553900000000        1458.87533595715     
   11.0655500000000        1461.44555676861     
   11.0757000000000        1483.87274053416     
   11.0858500000000        1515.87415487469     
   11.0960000000000        1545.29874779034     
   11.1061400000000        1558.94795706417     
   11.1162800000000        1556.19035539079     
   11.1264200000000        1552.94683694598     
   11.1365500000000        1565.29385397501     
   11.1466800000000        1592.15501477885     
   11.1568100000000        1617.95354310164     
   11.1669300000000        1637.21691514385     
   11.1770500000000        1655.24678668923     
   11.1871700000000        1673.72622722735     
   11.1972800000000        1685.54226927199     
   11.2073900000000        1685.26722305552     
   11.2175000000000        1671.45278081250     
   11.2276100000000        1660.47626048805     
   11.2377100000000        1672.43330376016     
   11.2478100000000        1708.78343176698     
   11.2579000000000        1753.28705037909     
   11.2679900000000        1788.61545943549     
   11.2780800000000        1811.24442061989     
   11.2881700000000        1827.25717049617     
   11.2982500000000        1845.11522292378     
   11.3083300000000        1875.54089397711     
   11.3184100000000        1915.02389279453     
   11.3284800000000        1943.34894983938     
   11.3385500000000        1954.39718271960     
   11.3486200000000        1962.08748928497     
   11.3586800000000        1981.31535363643     
   11.3687400000000        2014.48522537748     
   11.3788000000000        2048.25514724028     
   11.3888500000000        2075.02474982335     
   11.3989000000000        2093.79339726743     
   11.4089500000000        2105.52468821183     
   11.4189900000000        2118.79257464157     
   11.4290400000000        2136.86664199644     
   11.4390700000000        2150.60124323471     
   11.4491100000000        2148.31035071475     
   11.4591400000000        2138.22136028092     
   11.4691700000000        2135.17166098582     
   11.4792000000000        2142.86909950597     
   11.4892200000000        2155.19153225231     
   11.4992400000000        2168.98539784301     
   11.5092500000000        2181.03042820168     
   11.5192700000000        2181.36354193675     
   11.5292800000000        2175.33431553316     
   11.5392800000000        2177.50918893235     
   11.5492900000000        2190.00033702202     
   11.5592900000000        2205.11961727507     
   11.5692800000000        2216.44939316787     
   11.5792800000000        2229.75761810448     
   11.5892700000000        2248.85410741470     
   11.5992600000000        2267.30864762495     
   11.6092400000000        2284.32375420840     
   11.6192200000000        2299.58042620968     
   11.6292000000000        2307.32092948811     
   11.6391700000000        2307.27651107637     
   11.6491500000000        2302.73200212780     
   11.6591200000000        2301.17378248698     
   11.6690800000000        2306.86776021122     
   11.6790400000000        2315.49223666684     
   11.6890000000000        2319.94662678085     
   11.6989600000000        2317.61539520509     
   11.7089100000000        2316.43719517730     
   11.7188600000000        2322.08158332748     
   11.7288100000000        2327.68695357481     
   11.7387500000000        2328.92288471729     
   11.7486900000000        2325.96894375239     
   11.7586300000000        2310.26844354139     
   11.7685600000000        2281.71813520350     
   11.7784900000000        2246.95138461854     
   11.7884200000000        2199.50447097844     
   11.7983400000000        2152.00764203904     
   11.8082600000000        2131.15057812434     
   11.8181800000000        2140.71149824599     
   11.8281000000000        2164.42882351629     
   11.8380100000000        2179.41375625423     
   11.8479200000000        2173.09632009434     
   11.8578200000000        2149.62632214803     
   11.8677200000000        2118.19369390921     
   11.8776200000000        2084.06761994817     
   11.8875200000000        2047.08226290234     
   11.8974100000000        2010.76654589257     
   11.9073000000000        1981.06681229229     
   11.9171900000000        1960.44416651670     
   11.9270700000000        1946.31878146609     
   11.9369500000000        1937.41397482846     
   11.9468300000000        1935.81361186547     
   11.9567000000000        1936.62507842975     
   11.9665700000000        1927.72036802043     
   11.9764400000000        1898.72507874402     
   11.9863000000000        1850.46154832053     
   11.9961600000000        1799.63235393211     
   12.0060200000000        1763.26134725742     
   12.0158700000000        1742.18714317170     
   12.0257300000000        1730.13182554472     
   12.0355700000000        1729.27798282948     
   12.0454200000000        1746.14213661855     
   12.0552600000000        1779.81220008070     
   12.0651000000000        1821.80224555249     
   12.0749400000000        1865.20046773598     
   12.0847700000000        1905.84584043388     
   12.0946000000000        1944.17830555072     
   12.1044200000000        1980.60301130665     
   12.1142500000000        2008.59929157538     
   12.1240700000000        2028.40525853940     
   12.1338800000000        2052.98288004025     
   12.1437000000000        2096.00859002022     
   12.1535100000000        2158.17144308166     
   12.1633100000000        2222.55914485953     
   12.1731200000000        2273.95002238976     
   12.1829200000000        2311.97601229323     
   12.1927200000000        2338.24850644222     
   12.2025100000000        2358.93839356895     
   12.2123000000000        2380.36020484690     
   12.2220900000000        2394.00946408591     
   12.2318700000000        2395.01203023124     
   12.2416600000000        2391.18166630085     
   12.2514300000000        2385.74283574679     
   12.2612100000000        2379.45953652505     
   12.2709800000000        2382.52104895853     
   12.2807500000000        2403.86086204999     
   12.2905200000000        2436.87905409894     
   12.3002800000000        2472.86045113766     
   12.3100400000000        2510.30492158951     
   12.3198000000000        2542.14626729579     
   12.3295500000000        2555.47156840954     
   12.3393000000000        2551.82736142801     
   12.3490500000000        2549.01961563373     
   12.3587900000000        2558.38822065583     
   12.3685300000000        2573.09642228469     
   12.3782700000000        2577.03520849587     
   12.3880000000000        2566.57722060161     
   12.3977300000000        2555.60131976580     
   12.4074600000000        2554.83437251751     
   12.4171800000000        2559.99910413440     
   12.4269100000000        2560.13759543457     
   12.4366200000000        2549.69896247394     
   12.4463400000000        2528.32602151007     
   12.4560500000000        2491.05905583872     
   12.4657600000000        2432.08035338595     
   12.4754700000000        2356.21597828090     
   12.4851700000000        2282.33693489098     
   12.4948700000000        2229.69788237720     
   12.5045600000000        2208.74852765244     
   12.5142600000000        2219.80684531510     
   12.5239500000000        2252.56845358030     
   12.5336300000000        2288.97012650114     
   12.5433200000000        2313.25455713923     
   12.5530000000000        2319.47236226196     
   12.5626800000000        2312.02089181128     
   12.5723500000000        2300.42532837303     
   12.5820200000000        2291.90505316502     
   12.5916900000000        2287.08112360961     
   12.6013500000000        2280.44723088774     
   12.6110100000000        2270.85232344792     
   12.6206700000000        2265.17096039616     
   12.6303300000000        2264.46280191075     
   12.6399800000000        2264.01358415478     
   12.6496300000000        2259.69148912148     
   12.6592700000000        2243.52660449601     
   12.6689200000000        2208.93815956667     
   12.6785500000000        2165.68230157290     
   12.6881900000000        2133.73953983173     
   12.6978200000000        2126.24751116313     
   12.7074500000000        2147.55462326158     
   12.7170800000000        2195.81384472544     
   12.7267000000000        2260.20744019906     
   12.7363200000000        2324.13533555141     
   12.7459400000000        2373.90429447366     
   12.7555500000000        2402.57781319320     
   12.7651600000000        2409.26360878286     
   12.7747700000000        2397.39265704954     
   12.7843800000000        2373.25895299224     
   12.7939800000000        2348.46067601915     
   12.8035800000000        2336.59475673852     
   12.8131700000000        2342.95656391000     
   12.8227600000000        2359.22231071182     
   12.8323500000000        2372.80011980106     
   12.8419400000000        2380.12169667672     
   12.8515200000000        2385.52001057422     
   12.8611000000000        2393.31140830398     
   12.8706700000000        2404.96374391930     
   12.8802500000000        2419.55668149722     
   12.8898100000000        2433.86305391065     
   12.8993800000000        2444.95710887058     
   12.9089400000000        2456.07897986528     
   12.9185000000000        2475.51552683948     
   12.9280600000000        2507.70712070392     
   12.9376100000000        2548.01280247675     
   12.9471700000000        2588.28920292396     
   12.9567100000000        2624.93419624055     
   12.9662600000000        2659.17090288720     
   12.9758000000000        2690.13938681308     
   12.9853400000000        2715.05660809898     
   12.9948700000000        2733.64617572702     
   13.0044000000000        2744.48639676730     
   13.0139300000000        2743.17246759970     
   13.0234600000000        2731.33651090815     
   13.0329800000000        2719.01265214470     
   13.0425000000000        2713.46234877671     
   13.0520100000000        2714.59654868170     
   13.0615200000000        2719.66157574668     
   13.0710300000000        2727.91254735894     
   13.0805400000000        2741.36496067230     
   13.0900400000000        2762.99671818152     
   13.0995400000000        2797.38526844729     
   13.1090400000000        2849.09959416593     
   13.1185300000000        2915.75937669202     
   13.1280200000000        2986.77132790828     
   13.1375100000000        3051.14167987093     
   13.1469900000000        3104.02447496372     
   13.1564700000000        3146.61372774315     
   13.1659500000000        3182.33109689387     
   13.1754300000000        3213.31117945783     
   13.1849000000000        3240.35351064178     
   13.1943700000000        3264.98558812423     
   13.2038300000000        3290.03612728292     
   13.2132900000000        3316.94649157469     
   13.2227500000000        3340.63747173109     
   13.2322100000000        3352.28053230398     
   13.2416600000000        3347.54645498132     
   13.2511100000000        3329.82660534990     
   13.2605500000000        3307.96857176686     
   13.2700000000000        3289.91161461643     
   13.2794400000000        3278.00427861743     
   13.2888700000000        3268.44819061196     
   13.2983100000000        3254.08514584677     
   13.3077400000000        3228.54298034216     
   13.3171600000000        3192.58244700959     
   13.3265900000000        3154.77037441807     
   13.3360100000000        3123.64190486982     
   13.3454300000000        3101.81743819631     
   13.3548400000000        3086.41472007990     
   13.3642500000000        3073.02934205268     
   13.3736600000000        3059.99853178135     
   13.3830600000000        3048.20043440815     
   13.3924700000000        3040.80308227097     
   13.4018600000000        3042.83302117366     
   13.4112600000000        3053.44500017650     
   13.4206500000000        3063.02114756101     
   13.4300400000000        3064.71832964082     
   13.4394300000000        3061.24935306624     
   13.4488100000000        3058.03633032298     
   13.4581900000000        3057.07272494817     
   13.4675600000000        3057.35387631162     
   13.4769400000000        3056.86287733884     
   13.4863100000000        3055.72296483037     
   13.4956700000000        3058.80007350210     
   13.5050400000000        3070.63507471565     
   13.5144000000000        3087.60133647306     
   13.5237600000000        3098.96268530131     
   13.5331100000000        3095.33434558976     
   13.5424600000000        3076.08340947801     
   13.5518100000000        3047.67120426290     
   13.5611500000000        3018.55434085933     
   13.5704900000000        2997.19800996923     
   13.5798300000000        2990.48275860373     
   13.5891700000000        3000.98146212386     
   13.5985000000000        3025.32181914068     
   13.6078300000000        3056.70669875703     
   13.6171500000000        3089.89013185665     
   13.6264800000000        3122.71376937681     
   13.6358000000000        3153.49378537500     
   13.6451100000000        3180.35476234481     
   13.6544200000000        3202.55639025192     
   13.6637300000000        3220.56985672175     
   13.6730400000000        3235.06676214016     
   13.6823400000000        3246.50628897738     
   13.6916400000000        3255.49651625846     
   13.7009400000000        3262.65977162089     
   13.7102400000000        3266.91926878252     
   13.7195300000000        3265.73935867527     
   13.7288100000000        3259.07011511574     
   13.7381000000000        3250.98173248828     
   13.7473800000000        3245.54432032006     
   13.7566600000000        3241.80157475473     
   13.7659300000000        3234.67280285482     
   13.7752000000000        3221.77419533417     
   13.7844700000000        3207.46557219470     
   13.7937400000000        3199.55516099769     
   13.8030000000000        3205.01075377543     
   13.8122600000000        3228.17662298418     
   13.8215200000000        3270.13058340445     
   13.8307700000000        3328.86565334740     
   13.8400200000000        3400.51093423034     
   13.8492600000000        3480.15164661882     
   13.8585100000000        3561.14930997097     
   13.8677500000000        3633.97285263240     
   13.8769800000000        3690.59981204299     
   13.8862200000000        3728.41220191445     
   13.8954500000000        3749.45520616601     
   13.9046800000000        3757.08212899656     
   13.9139000000000        3753.30808990295     
   13.9231200000000        3739.33811574652     
   13.9323400000000        3716.85695695612     
   13.9415500000000        3690.23968903956     
   13.9507700000000        3668.76921000732     
   13.9599700000000        3663.86051647408     
   13.9691800000000        3680.81386589807     
   13.9783800000000        3714.78318739347     
   13.9875800000000        3754.75874430111     
   13.9967800000000        3789.95802902714     
   14.0059700000000        3815.12380307205     
   14.0151600000000        3833.00324469401     
   14.0243400000000        3849.74012093441     
   14.0335300000000        3868.84494384705     
   14.0427100000000        3890.11871787104     
   14.0518800000000        3910.77067989781     
   14.0610600000000        3925.80175710810     
   14.0702300000000        3929.43345872094     
   14.0794000000000        3918.58282830464     
   14.0885600000000        3895.56519672183     
   14.0977200000000        3866.57826152109     
   14.1068800000000        3838.24264804600     
   14.1160300000000        3815.96798033427     
   14.1251800000000        3802.18365029822     
   14.1343300000000        3794.10165937415     
   14.1434800000000        3785.02050499986     
   14.1526200000000        3769.81475200426     
   14.1617600000000        3748.10299482303     
   14.1708900000000        3722.48543990445     
   14.1800300000000        3696.75764682045     
   14.1891500000000        3676.96216877205     
   14.1982800000000        3669.76086399889     
   14.2074000000000        3677.86977780520     
   14.2165200000000        3697.38233903446     
   14.2256400000000        3720.83704037981     
   14.2347500000000        3742.80624660270     
   14.2438600000000        3763.79974711644     
   14.2529700000000        3789.95380422491     
   14.2620700000000        3829.16073702484     
   14.2711800000000        3886.95335147851     
   14.2802700000000        3964.17054718184     
   14.2893700000000        4057.76730007241     
   14.2984600000000        4160.12000750895     
   14.3075500000000        4261.06852860660     
   14.3166300000000        4351.86359042496     
   14.3257100000000        4430.33017000691     
   14.3347900000000        4499.01081944502     
   14.3438700000000        4558.30423447426     
   14.3529400000000        4603.27167098199     
   14.3620100000000        4627.52407466101     
   14.3710700000000        4627.35587054748     
   14.3801400000000        4602.80992470120     
   14.3892000000000        4557.43792727292     
   14.3982500000000        4497.19035841181     
   14.4073100000000        4427.78429791597     
   14.4163600000000        4354.01503811527     
   14.4254000000000        4280.50455220087     
   14.4344500000000        4212.03934313859     
   14.4434900000000        4152.49473887926     
   14.4525200000000        4102.64194260719     
   14.4615600000000        4060.09277259760     
   14.4705900000000        4021.84902987673     
   14.4796200000000        3986.88392037504     
   14.4886400000000        3956.24182934836     
   14.4976600000000        3930.14473552703     
   14.5066800000000        3906.96517445044     
   14.5157000000000        3884.34327017984     
   14.5247100000000        3860.70827669540     
   14.5337200000000        3836.51408292291     
   14.5427200000000        3815.06911287956     
   14.5517300000000        3801.48811454979     
   14.5607300000000        3800.78223467462     
   14.5697200000000        3815.46370525949     
   14.5787100000000        3843.77003501673     
   14.5877000000000        3879.77213993909     
   14.5966900000000        3915.98065576531     
   14.6056700000000        3946.77798683994     
   14.6146600000000        3971.06352563943     
   14.6236300000000        3991.45178921858     
   14.6326100000000        4010.43886009030     
   14.6415800000000        4026.54207752820     
   14.6505400000000        4036.20013240190     
   14.6595100000000        4038.56192882599     
   14.6684700000000        4036.25642196216     
   14.6774300000000        4031.73795523100     
   14.6863800000000        4025.61578628423     
   14.6953400000000        4018.52144561119     
   14.7042800000000        4011.94450159192     
   14.7132300000000        4006.82901000213     
   14.7221700000000        4003.15055233746     
   14.7311100000000        4000.42866507019     
   14.7400500000000        3997.83367246584     
   14.7489800000000        3993.13505596220     
   14.7579100000000        3981.42762383989     
   14.7668400000000        3956.60244279774     
   14.7757600000000        3915.90227374899     
   14.7846800000000        3862.46093302566     
   14.7936000000000        3803.59638772264     
   14.8025100000000        3747.25932376937     
   14.8114200000000        3699.58470518919     
   14.8203300000000        3665.05723935086     
   14.8292300000000        3646.87521046150     
   14.8381300000000        3646.03637436309     
   14.8470300000000        3660.48154564497     
   14.8559300000000        3685.71149948348     
   14.8648200000000        3716.57007926083     
   14.8737100000000        3748.59026310958     
   14.8825900000000        3777.64440751065     
   14.8914700000000        3799.86755456979     
   14.9003500000000        3812.72512673012     
   14.9092300000000        3816.04048389297     
   14.9181000000000        3811.04909377513     
   14.9269700000000        3798.69975095484     
   14.9358400000000        3779.23690945841     
   14.9447000000000        3752.81054004269     
   14.9535600000000        3719.84143657718     
   14.9624200000000        3681.38244436636     
   14.9712700000000        3639.49563214588     
   14.9801200000000        3597.24295752278     
   14.9889700000000        3558.32828350950     
   14.9978100000000        3525.93947514493     
   15.0066500000000        3501.67046191648     
   15.0154900000000        3485.54450734857     
   15.0243300000000        3476.14545103607     
   15.0331600000000        3470.71318111963     
   15.0419900000000        3465.74728351322     
   15.0508100000000        3458.28836380810     
   15.0596300000000        3446.90325321591     
   15.0684500000000        3431.88075533066     
   15.0772700000000        3414.44296375692     
   15.0860800000000        3395.49123740976     
   15.0948900000000        3375.13096507839     
   15.1037000000000        3353.92226096582     
   15.1125000000000        3334.08405113696     
   15.1213000000000        3318.45046993468     
   15.1301000000000        3308.30309798068     
   15.1388900000000        3302.79870784413     
   15.1476800000000        3300.58446170166     
   15.1564700000000        3301.31016149428     
   15.1652500000000        3305.44034572812     
   15.1740300000000        3313.24635312573     
   15.1828100000000        3324.07018509012     
   15.1915800000000        3336.12850923145     
   15.2003500000000        3346.74051140013     
   15.2091200000000        3352.58465864902     
   15.2178900000000        3350.23521822481     
   15.2266500000000        3337.19098640047     
   15.2354100000000        3312.95540203707     
   15.2441600000000        3279.19178058542     
   15.2529200000000        3237.98891506346     
   15.2616700000000        3190.31584668863     
   15.2704100000000        3135.99747399379     
   15.2791500000000        3076.05644750243     
   15.2878900000000        3014.63757205963     
   15.2966300000000        2957.85525023145     
   15.3053600000000        2910.64061496853     
   15.3140900000000        2874.24193508907     
   15.3228200000000        2846.63574931839     
   15.3315400000000        2824.66054667120     
   15.3402600000000        2806.53266495649     
   15.3489800000000        2793.08287251462     
   15.3577000000000        2786.57799070328     
   15.3664100000000        2788.30870318226     
   15.3751200000000        2796.92695758981     
   15.3838200000000        2808.78911730307     
   15.3925200000000        2819.57564724923     
   15.4012200000000        2825.38222816384     
   15.4099200000000        2823.21917587806     
   15.4186100000000        2811.72120617999     
   15.4273000000000        2791.74845974114     
   15.4359800000000        2766.15486745444     
   15.4446700000000        2738.59253338561     
   15.4533400000000        2712.64604672753     
   15.4620200000000        2690.70559340387     
   15.4706900000000        2673.73931414565     
   15.4793600000000        2660.79620127409     
   15.4880300000000        2649.31924998645     
   15.4966900000000        2636.02680811973     
   15.5053500000000        2618.36337322106     
   15.5140100000000        2595.92686397754     
   15.5226700000000        2570.80780357935     
   15.5313200000000        2546.57386381276     
   15.5399600000000        2526.41363163074     
   15.5486100000000        2511.81006535180     
   15.5572500000000        2502.41240791220     
   15.5658900000000        2496.36309611137     
   15.5745200000000        2490.99976736856     
   15.5831600000000        2483.47382284611     
   15.5917900000000        2471.47056247901     
   15.6004100000000        2453.69650424271     
   15.6090300000000        2430.01150268595     
   15.6176500000000        2401.18715039847     
   15.6262700000000        2368.41724086161     
   15.6348800000000        2333.05486878397     
   15.6434900000000        2296.50455344185     
   15.6521000000000        2260.53279457432     
   15.6607000000000        2227.35643459907     
   15.6693000000000        2199.24309121954     
   15.6779000000000        2178.03000549475     
   15.6864900000000        2164.48416213160     
   15.6950800000000        2157.83560066987     
   15.7036700000000        2155.69151124112     
   15.7122600000000        2154.46529122709     
   15.7208400000000        2150.67177437012     
   15.7294100000000        2142.44893909287     
   15.7379900000000        2130.32788154417     
   15.7465600000000        2116.98205039721     
   15.7551300000000        2105.81086399748     
   15.7637000000000        2099.29601935000     
   15.7722600000000        2097.86502823658     
   15.7808200000000        2099.93895174849     
   15.7893700000000        2102.88234034537     
   15.7979300000000        2104.03743966948     
   15.8064700000000        2101.35380627340     
   15.8150200000000        2093.71582680092     
   15.8235600000000        2081.26485746690     
   15.8321000000000        2065.54381848960     
   15.8406400000000        2049.17839657388     
   15.8491800000000        2034.89586129100     
   15.8577100000000        2024.55622568489     
   15.8662300000000        2018.74798963691     
   15.8747600000000        2016.98684002798     
   15.8832800000000        2018.08813665536     
   15.8918000000000        2020.62767245287     
   15.9003100000000        2023.53822033340     
   15.9088200000000        2026.45227706043     
   15.9173300000000        2029.53850173130     
   15.9258400000000        2033.13642853513     
   15.9343400000000        2037.48850364649     
   15.9428400000000        2042.53320977694     
   15.9513300000000        2047.55216267029     
   15.9598300000000        2050.89929733675     
   15.9683100000000        2050.10783430048     
   15.9768000000000        2042.71063902704     
   15.9852800000000        2027.37677824465     
   15.9937600000000        2004.62786634447     
   16.0022400000000        1976.71820717283     
   16.0107100000000        1946.76211977901     
   16.0191800000000        1917.60855959121     
   16.0276500000000        1891.27974463097     
   16.0361200000000        1868.57946444257     
   16.0445800000000        1848.97387408307     
   16.0530300000000        1830.75984268216     
   16.0614900000000        1811.74741311926     
   16.0699400000000        1790.41059208002     
   16.0783900000000        1766.66146010207     
   16.0868300000000        1742.23294961886     
   16.0952800000000        1719.84827201987     
   16.1037100000000        1702.14563091099     
   16.1121500000000        1690.35396836825     
   16.1205800000000        1684.31176383177     
   16.1290100000000        1682.87308278795     
   16.1374400000000        1684.74428743131     
   16.1458600000000        1688.86854626181     
   16.1542800000000        1694.26334617111     
   16.1627000000000        1699.56140105060     
   16.1711100000000        1702.78259728360     
   16.1795200000000        1701.56358330548     
   16.1879300000000        1693.70901816167     
   16.1963300000000        1677.98699662362     
   16.2047300000000        1654.78117377769     
   16.2131300000000        1626.37277641183     
   16.2215200000000        1596.44639293131     
   16.2299100000000        1568.81857891323     
   16.2383000000000        1546.40993625340     
   16.2466900000000        1530.62976771670     
   16.2550700000000        1521.32381149099     
   16.2634500000000        1516.91978228466     
   16.2718200000000        1514.87998796937     
   16.2802000000000        1512.43251162897     
   16.2885600000000        1507.55709704363     
   16.2969300000000        1499.61827313108     
   16.3052900000000        1489.46713659403     
   16.3136500000000        1478.83389525108     
   16.3220100000000        1469.61838691169     
   16.3303600000000        1463.38715473441     
   16.3387100000000        1461.24459629560     
   16.3470600000000        1464.00278397166     
   16.3554000000000        1472.27011240770     
   16.3637400000000        1486.37798604456     
   16.3720800000000        1506.02581501062     
   16.3804200000000        1529.91175197348     
   16.3887500000000        1555.66746893410     
   16.3970700000000        1580.37435219154     
   16.4054000000000        1601.23129771259     
   16.4137200000000        1615.82406080695     
   16.4220400000000        1622.49120335060     
   16.4303500000000        1620.40804877527     
   16.4386700000000        1609.86257730661     
   16.4469700000000        1592.39870905468     
   16.4552800000000        1570.29913570640     
   16.4635800000000        1546.07208355378     
   16.4718800000000        1521.51679690303     
   16.4801800000000        1497.39324995194     
   16.4884700000000        1473.55601193754     
   16.4967600000000        1449.48955152027     
   16.5050500000000        1425.07820262952     
   16.5133300000000        1400.89186688620     
   16.5216100000000        1377.85698864962     
   16.5298900000000        1356.82395531279     
   16.5381600000000        1338.11373377683     
   16.5464300000000        1321.32139183679     
   16.5547000000000        1305.60163096299     
   16.5629700000000        1290.01329623187     
   16.5712300000000        1273.82411663401     
   16.5794900000000        1256.51649530495     
   16.5877400000000        1237.77489767688     
   16.5959900000000        1217.31916213635     
   16.6042400000000        1194.97982533607     
   16.6124900000000        1170.73976916218     
   16.6207300000000        1144.82911063394     
   16.6289700000000        1117.69256176276     
   16.6372000000000        1090.12336238475     
   16.6454400000000        1062.98861513340     
   16.6536700000000        1037.28638703546     
   16.6618900000000        1013.83700140878     
   16.6701200000000        993.280842762902     
   16.6783400000000        976.178753768545     
   16.6865500000000        962.713302505113     
   16.6947700000000        952.624153033464     
   16.7029800000000        945.297373126021     
   16.7111900000000        939.788032731417     
   16.7193900000000        935.024895891992     
   16.7275900000000        929.911304181478     
   16.7357900000000        923.476286460942     
   16.7439800000000        915.037620721770     
   16.7521800000000        904.309350023920     
   16.7603600000000        891.573397756126     
   16.7685500000000        877.481216242671     
   16.7767300000000        863.045144853629     
   16.7849100000000        849.284423748805     
   16.7930900000000        837.114646633282     
   16.8012600000000        827.258387013676     
   16.8094300000000        820.167787824030     
   16.8175900000000        816.010707383940     
   16.8257600000000        814.580304480218     
   16.8339200000000        815.374887818666     
   16.8420700000000        817.784917315480     
   16.8502300000000        821.392545381180     
   16.8583800000000        826.103208789652     
   16.8665300000000        832.102107461676     
   16.8746700000000        839.582848889576     
   16.8828100000000        848.529180745246     
   16.8909500000000        858.583830331957     
   16.8990800000000        869.104147381605     
   16.9072100000000        879.361460711607     
   16.9153400000000        888.625294987699     
   16.9234700000000        896.170452038654     
   16.9315900000000        901.189021079720     
   16.9397100000000        902.793616781441     
   16.9478200000000        900.121813389611     
   16.9559400000000        892.562788624419     
   16.9640500000000        880.042863734520     
   16.9721500000000        863.146258571598     
   16.9802600000000        843.004985193090     
   16.9883600000000        821.186719405460     
   16.9964500000000        799.209062907888     
   17.0045500000000        778.243758316418     
   17.0126400000000        759.127699529740     
   17.0207200000000        742.166623175663     
   17.0288100000000        727.229460456247     
   17.0368900000000        714.016657408384     
   17.0449700000000        702.113014919844     
   17.0530400000000        691.223645487869     
   17.0611100000000        681.163217832819     
   17.0691800000000        671.840078466371     
