   7.15970000000000        126.242614673897     
   7.17100000000000        127.895768976967     
   7.18231000000000        130.261910799499     
   7.19360000000000        129.782732981851     
   7.20490000000000        128.656518207969     
   7.21619000000000        128.490315714442     
   7.22748000000000        125.167928940850     
   7.23877000000000        123.945686233519     
   7.25005000000000        123.254391214242     
   7.26133000000000        124.686979185070     
   7.27261000000000        125.329739778180     
   7.28388000000000        126.118308100983     
   7.29515000000000        129.506908530024     
   7.30642000000000        135.789472712997     
   7.31768000000000        140.962986376600     
   7.32894000000000        144.700608321150     
   7.34020000000000        148.053233749844     
   7.35146000000000        154.721956801028     
   7.36271000000000        160.264937386744     
   7.37396000000000        165.344888634344     
   7.38520000000000        163.471701253742     
   7.39644000000000        156.376424602186     
   7.40768000000000        152.527110857869     
   7.41892000000000        149.459618435012     
   7.43015000000000        148.985965550412     
   7.44138000000000        150.513271228467     
   7.45261000000000        149.002832534792     
   7.46383000000000        145.749270120441     
   7.47505000000000        144.574547725668     
   7.48626000000000        143.747902832255     
   7.49748000000000        147.927080524374     
   7.50869000000000        151.751350110335     
   7.51990000000000        151.742210714756     
   7.53110000000000        147.488995417814     
   7.54230000000000        147.123375061974     
   7.55350000000000        148.399767048325     
   7.56469000000000        149.394554883784     
   7.57588000000000        150.177055069230     
   7.58707000000000        147.883269691134     
   7.59826000000000        145.871104853861     
   7.60944000000000        147.510798098851     
   7.62062000000000        153.154492942619     
   7.63179000000000        159.831826708400     
   7.64296000000000        160.194642238940     
   7.65413000000000        153.608074701002     
   7.66530000000000        144.513778819275     
   7.67646000000000        137.069590225865     
   7.68762000000000        134.928241831604     
   7.69878000000000        134.589238208226     
   7.70993000000000        131.915405843452     
   7.72108000000000        127.049148579379     
   7.73223000000000        123.575817372769     
   7.74337000000000        121.672804248437     
   7.75451000000000        120.319359099205     
   7.76565000000000        120.243013198037     
   7.77678000000000        120.001122601640     
   7.78791000000000        119.076480122613     
   7.79904000000000        118.106296709594     
   7.81017000000000        117.680126861179     
   7.82129000000000        118.475780326996     
   7.83241000000000        120.699249283121     
   7.84352000000000        124.228045902600     
   7.85463000000000        124.172302964233     
   7.86574000000000        119.599275966584     
   7.87685000000000        113.060751761942     
   7.88795000000000        108.937146283497     
   7.89905000000000        107.642194525203     
   7.91015000000000        106.810765492334     
   7.92124000000000        101.751236054517     
   7.93233000000000        98.2844356331957     
   7.94342000000000        96.3146127473505     
   7.95450000000000        94.0492186175968     
   7.96558000000000        90.7587887891048     
   7.97666000000000        86.7501982124796     
   7.98773000000000        82.3995848966201     
   7.99880000000000        78.7431790075456     
   8.00987000000000        74.7209671890546     
   8.02093000000000        72.9270931529266     
   8.03200000000000        75.6083264915486     
   8.04305000000000        80.4178405302828     
   8.05411000000000        82.7074235110766     
   8.06516000000000        84.9644822713982     
   8.07621000000000        89.0304657698556     
   8.08726000000000        92.9886453915147     
   8.09830000000000        96.8194341424489     
   8.10934000000000        99.7933225726752     
   8.12037000000000        103.088618892175     
   8.13141000000000        104.946064316732     
   8.14244000000000        103.659717226112     
   8.15346000000000        102.620319811815     
   8.16449000000000        101.046973012654     
   8.17551000000000        97.2084720660149     
   8.18652000000000        89.4981865359282     
   8.19754000000000        81.5497053196637     
   8.20855000000000        74.6435576166411     
   8.21955000000000        68.5848695957594     
   8.23056000000000        65.3412179776928     
   8.24156000000000        66.9846251211012     
   8.25256000000000        71.2681157292881     
   8.26355000000000        75.5565186176949     
   8.27454000000000        80.1622458855361     
   8.28553000000000        85.0284359690857     
   8.29652000000000        92.3845983523893     
   8.30750000000000        103.357632642022     
   8.31848000000000        113.563367855074     
   8.32946000000000        122.627088798270     
   8.34043000000000        126.887435260950     
   8.35140000000000        129.401225065451     
   8.36236000000000        132.493957823411     
   8.37333000000000        137.517316497506     
   8.38429000000000        144.704160244644     
   8.39524000000000        153.557632697140     
   8.40620000000000        158.344505603272     
   8.41715000000000        159.622810609110     
   8.42810000000000        157.575538569424     
   8.43904000000000        157.117556645789     
   8.44998000000000        152.802129885458     
   8.46092000000000        144.268543999625     
   8.47185000000000        137.387806909347     
   8.48278000000000        135.150333311836     
   8.49371000000000        133.736665373879     
   8.50464000000000        132.738256286448     
   8.51556000000000        133.163100365793     
   8.52648000000000        134.972853944849     
   8.53739000000000        137.387341301313     
   8.54831000000000        139.885420938070     
   8.55922000000000        143.644103185890     
   8.57012000000000        152.212552549285     
   8.58103000000000        161.986300475509     
   8.59193000000000        170.560803574045     
   8.60282000000000        174.617003984608     
   8.61372000000000        177.491837700183     
   8.62461000000000        182.179966531709     
   8.63549000000000        186.709759605251     
   8.64638000000000        191.952553061422     
   8.65726000000000        198.861329987598     
   8.66814000000000        205.701987897493     
   8.67901000000000        212.292675419612     
   8.68988000000000        217.481855798673     
   8.70075000000000        220.001485801014     
   8.71161000000000        219.119058013006     
   8.72248000000000        218.783819242731     
   8.73333000000000        218.605560584008     
   8.74419000000000        215.784624283922     
   8.75504000000000        208.431424216163     
   8.76589000000000        200.209632159682     
   8.77674000000000        190.620731928204     
   8.78758000000000        181.619004985490     
   8.79842000000000        175.818699089206     
   8.80926000000000        173.447873174579     
   8.82009000000000        171.766344953145     
   8.83092000000000        168.349969386989     
   8.84175000000000        165.048920512756     
   8.85257000000000        159.247595289948     
   8.86339000000000        155.668022199946     
   8.87421000000000        153.403219750947     
   8.88502000000000        151.550020122455     
   8.89583000000000        152.060046144413     
   8.90664000000000        154.238322952789     
   8.91745000000000        156.557723724723     
   8.92825000000000        156.722665539118     
   8.93905000000000        155.845443405644     
   8.94984000000000        155.934731860382     
   8.96063000000000        157.436773668654     
   8.97142000000000        159.242465110877     
   8.98221000000000        159.834995644860     
   8.99299000000000        157.402463027506     
   9.00377000000000        153.392069313720     
   9.01455000000000        149.740005187586     
   9.02532000000000        144.205769117993     
   9.03609000000000        136.395833919970     
   9.04686000000000        132.012037389694     
   9.05762000000000        131.935053622855     
   9.06838000000000        133.641224527188     
   9.07914000000000        134.616329948438     
   9.08989000000000        132.022646149174     
   9.10064000000000        126.474090609111     
   9.11139000000000        121.772590812521     
   9.12214000000000        115.972975208190     
   9.13288000000000        108.374256491514     
   9.14362000000000        101.162480596142     
   9.15435000000000        95.4705126636152     
   9.16508000000000        90.8556396980424     
   9.17581000000000        87.2304775597579     
   9.18654000000000        85.1095460564168     
   9.19726000000000        82.2483971534252     
   9.20798000000000        77.4047421856654     
   9.21870000000000        72.5751597358056     
   9.22941000000000        68.5640457954238     
   9.24012000000000        66.9176862573718     
   9.25082000000000        66.7266300307701     
   9.26153000000000        67.6905795395898     
   9.27223000000000        69.8095469485832     
   9.28293000000000        71.8164602605271     
   9.29362000000000        73.3892720220320     
   9.30431000000000        74.3243048652242     
   9.31500000000000        73.1785958488885     
   9.32568000000000        70.9985696700012     
   9.33636000000000        71.0233418684880     
   9.34704000000000        72.9190058513276     
   9.35772000000000        75.1691853941923     
   9.36839000000000        77.2010345557925     
   9.37906000000000        78.4376454667554     
   9.38972000000000        78.8646973378482     
   9.40038000000000        78.3403384269608     
   9.41104000000000        77.4617463923472     
   9.42170000000000        75.0548173959280     
   9.43235000000000        71.7117542323689     
   9.44300000000000        69.0794764594653     
   9.45365000000000        67.3712140613226     
   9.46429000000000        65.3183443990880     
   9.47493000000000        63.4902318706370     
   9.48557000000000        63.0699777848061     
   9.49620000000000        62.8064664979588     
   9.50683000000000        62.3743350635338     
   9.51746000000000        61.6396891624784     
   9.52808000000000        61.5072709762688     
   9.53871000000000        61.8698049438675     
   9.54932000000000        62.3149113134330     
   9.55994000000000        63.3557730050287     
   9.57055000000000        63.7590452659776     
   9.58116000000000        63.2903173952244     
   9.59176000000000        62.6746227255761     
   9.60237000000000        62.5125921028460     
   9.61296000000000        62.6333152852114     
   9.62356000000000        64.0245504253186     
   9.63415000000000        66.0263618283771     
   9.64474000000000        67.3326383085515     
   9.65533000000000        67.9184338311479     
   9.66591000000000        68.4547353410491     
   9.67649000000000        69.0167269928018     
   9.68707000000000        69.4708811869765     
   9.69764000000000        69.7793755819798     
   9.70821000000000        70.6886648286370     
   9.71878000000000        73.0593406376856     
   9.72934000000000        76.5323761487783     
   9.73990000000000        79.5883185798804     
   9.75046000000000        81.9194598432576     
   9.76102000000000        83.9267379664980     
   9.77157000000000        85.4497266745389     
   9.78212000000000        86.4417358298517     
   9.79266000000000        86.9606895272844     
   9.80320000000000        86.9631997912359     
   9.81374000000000        86.3721482059386     
   9.82428000000000        85.6452868596998     
   9.83481000000000        85.4447919593739     
   9.84534000000000        85.8469214929593     
   9.85586000000000        87.2098356503805     
   9.86639000000000        88.5559881800428     
   9.87691000000000        87.7548370917826     
   9.88742000000000        86.1241995153647     
   9.89794000000000        85.8977937463988     
   9.90845000000000        86.1853645971787     
   9.91895000000000        85.4331488967424     
   9.92946000000000        83.8848701849864     
   9.93996000000000        82.4297870517383     
   9.95046000000000        81.8359402488684     
   9.96095000000000        82.3523531704909     
   9.97144000000000        83.4099730654229     
   9.98193000000000        84.0775609035195     
   9.99242000000000        84.8246900965837     
   10.0029000000000        86.0586453548711     
   10.0133800000000        86.8473346166847     
   10.0238500000000        86.4429142760421     
   10.0343200000000        84.5092164105073     
   10.0447900000000        81.9191152812729     
   10.0552600000000        80.0922420691228     
   10.0657200000000        79.4584173320693     
   10.0761800000000        79.7274122989397     
   10.0866400000000        80.8678874726838     
   10.0970900000000        82.6443256233297     
   10.1075400000000        84.5184621310388     
   10.1179900000000        86.3531461150324     
   10.1284300000000        88.3791710021680     
   10.1388700000000        91.2377340367518     
   10.1493100000000        93.9687806536511     
   10.1597400000000        94.3794105891097     
   10.1701700000000        94.0417591711138     
   10.1806000000000        95.2664270548348     
   10.1910300000000        96.6532842138900     
   10.2014500000000        97.3775277472505     
   10.2118700000000        98.5611568031095     
   10.2222800000000        100.260805827934     
   10.2326900000000        101.446309247203     
   10.2431000000000        101.538615584910     
   10.2535100000000        100.079041545246     
   10.2639100000000        98.0778192102036     
   10.2743100000000        96.9938333863915     
   10.2847100000000        97.4996324869551     
   10.2951000000000        99.0386560449484     
   10.3054900000000        100.053468278254     
   10.3158800000000        100.302787425397     
   10.3262600000000        100.927177457589     
   10.3366400000000        101.189568832816     
   10.3470200000000        100.770131431555     
   10.3573900000000        100.570004371704     
   10.3677600000000        100.353900454703     
   10.3781300000000        99.1407868903039     
   10.3884900000000        96.7789560368973     
   10.3988600000000        94.2206288052455     
   10.4092100000000        92.1009588663775     
   10.4195700000000        90.8887904614872     
   10.4299200000000        90.4560120017407     
   10.4402700000000        90.6360515783626     
   10.4506100000000        91.3601534936857     
   10.4609600000000        92.1107499089331     
   10.4713000000000        92.7817315898435     
   10.4816300000000        94.2648690195601     
   10.4919600000000        96.7002408804973     
   10.5022900000000        99.2466555227276     
   10.5126200000000        101.124331145811     
   10.5229400000000        102.284089018745     
   10.5332600000000        102.959290611137     
   10.5435800000000        103.718652948739     
   10.5539000000000        104.755269420694     
   10.5642100000000        105.553482610452     
   10.5745100000000        106.187749721599     
   10.5848200000000        106.989792128109     
   10.5951200000000        107.611409412771     
   10.6054200000000        108.289847697724     
   10.6157100000000        108.891576289277     
   10.6260000000000        108.857391875963     
   10.6362900000000        109.256911831846     
   10.6465800000000        110.023407781854     
   10.6568600000000        110.417012908357     
   10.6671400000000        110.820912795254     
   10.6774100000000        111.682234622732     
   10.6876900000000        113.264288738183     
   10.6979600000000        115.501707622795     
   10.7082200000000        118.067685257781     
   10.7184900000000        121.647012104350     
   10.7287500000000        125.940055820709     
   10.7390000000000        129.659952768194     
   10.7492600000000        132.400713424333     
   10.7595100000000        134.507518834563     
   10.7697500000000        136.788838072079     
   10.7800000000000        139.670432736341     
   10.7902400000000        141.419852070304     
   10.8004800000000        141.825375723783     
   10.8107100000000        142.589221563950     
   10.8209400000000        144.400079738512     
   10.8311700000000        146.774858011968     
   10.8414000000000        150.297241801490     
   10.8516200000000        156.046550268401     
   10.8618400000000        163.059337345378     
   10.8720500000000        168.636431033969     
   10.8822700000000        172.728651197046     
   10.8924800000000        176.782103988430     
   10.9026800000000        182.225295126856     
   10.9128800000000        189.463737717641     
   10.9230800000000        197.348246966416     
   10.9332800000000        204.424514555467     
   10.9434700000000        209.689837494828     
   10.9536600000000        212.913539276375     
   10.9638500000000        213.983918706838     
   10.9740400000000        212.288864304907     
   10.9842200000000        210.018734420199     
   10.9943900000000        209.965651174441     
   11.0045700000000        212.174022279506     
   11.0147400000000        215.876280381171     
   11.0249100000000        221.139723314971     
   11.0350700000000        226.943399231405     
   11.0452300000000        231.923638386485     
   11.0553900000000        235.671457922680     
   11.0655500000000        237.999779511355     
   11.0757000000000        239.530778590719     
   11.0858500000000        241.426289315248     
   11.0960000000000        244.105788784097     
   11.1061400000000        246.466254166781     
   11.1162800000000        247.043340002181     
   11.1264200000000        246.398911404055     
   11.1365500000000        246.745664289813     
   11.1466800000000        248.026903717626     
   11.1568100000000        248.625954188519     
   11.1669300000000        249.194795282386     
   11.1770500000000        250.747206596595     
   11.1871700000000        251.880394121971     
   11.1972800000000        252.467088541659     
   11.2073900000000        253.715348438227     
   11.2175000000000        254.773236999372     
   11.2276100000000        256.123428765237     
   11.2377100000000        259.632288026363     
   11.2478100000000        266.187005561560     
   11.2579000000000        274.237556661938     
   11.2679900000000        280.373470077768     
   11.2780800000000        283.274764925748     
   11.2881700000000        284.517323272160     
   11.2982500000000        285.184080441951     
   11.3083300000000        286.367309369089     
   11.3184100000000        289.223742896823     
   11.3284800000000        293.108296050606     
   11.3385500000000        296.866118293415     
   11.3486200000000        300.009506406533     
   11.3586800000000        302.481091444546     
   11.3687400000000        304.929700946562     
   11.3788000000000        307.509109245804     
   11.3888500000000        310.068550960426     
   11.3989000000000        312.808080788546     
   11.4089500000000        315.080288699821     
   11.4189900000000        315.925773065491     
   11.4290400000000        316.086483910522     
   11.4390700000000        316.968935509230     
   11.4491100000000        319.221256553727     
   11.4591400000000        323.240743472919     
   11.4691700000000        329.039028271123     
   11.4792000000000        335.362149215191     
   11.4892200000000        340.459576880689     
   11.4992400000000        344.051531562838     
   11.5092500000000        346.633149261301     
   11.5192700000000        348.712168780309     
   11.5292800000000        350.512316250696     
   11.5392800000000        352.265386147599     
   11.5492900000000        354.234956662090     
   11.5592900000000        356.171334754343     
   11.5692800000000        357.523840304380     
   11.5792800000000        358.729126815058     
   11.5892700000000        360.300944496402     
   11.5992600000000        361.189264901020     
   11.6092400000000        360.760400993996     
   11.6192200000000        359.763539699284     
   11.6292000000000        359.446687742083     
   11.6391700000000        360.446371780765     
   11.6491500000000        362.335751281975     
   11.6591200000000        364.915918218836     
   11.6690800000000        368.225725445549     
   11.6790400000000        371.670463869468     
   11.6890000000000        374.561446288061     
   11.6989600000000        376.847050494665     
   11.7089100000000        379.223811544792     
   11.7188600000000        381.821704792497     
   11.7288100000000        383.815181041781     
   11.7387500000000        384.716357441162     
   11.7486900000000        384.423656407798     
   11.7586300000000        383.018612050621     
   11.7685600000000        380.863785049049     
   11.7784900000000        378.173903028501     
   11.7884200000000        374.838872480902     
   11.7983400000000        371.752707581989     
   11.8082600000000        370.265358204507     
   11.8181800000000        369.893806979112     
   11.8281000000000        368.857542544621     
   11.8380100000000        365.891423901343     
   11.8479200000000        361.028458098709     
   11.8578200000000        355.696330431231     
   11.8677200000000        351.364898190597     
   11.8776200000000        348.372593128244     
   11.8875200000000        346.559249386327     
   11.8974100000000        345.607098612080     
   11.9073000000000        344.630648162280     
   11.9171900000000        342.870754589514     
   11.9270700000000        340.559622333533     
   11.9369500000000        338.595878592002     
   11.9468300000000        336.972860088342     
   11.9567000000000        334.248227667956     
   11.9665700000000        329.757679650479     
   11.9764400000000        324.393897710951     
   11.9863000000000        319.666763957839     
   11.9961600000000        316.985784833465     
   12.0060200000000        316.900369654885     
   12.0158700000000        319.067048412188     
   12.0257300000000        322.849076727476     
   12.0355700000000        327.844436935631     
   12.0454200000000        333.598440459940     
   12.0552600000000        339.441767278891     
   12.0651000000000        345.484388755630     
   12.0749400000000        351.797999923361     
   12.0847700000000        357.115969782617     
   12.0946000000000        360.643597359055     
   12.1044200000000        362.787849236704     
   12.1142500000000        364.087840979382     
   12.1240700000000        365.504578265027     
   12.1338800000000        367.503583726199     
   12.1437000000000        369.422687473067     
   12.1535100000000        371.258161345998     
   12.1633100000000        373.714036844006     
   12.1731200000000        377.036974251234     
   12.1829200000000        381.141695428704     
   12.1927200000000        386.166067977591     
   12.2025100000000        392.232042530955     
   12.2123000000000        398.444743995474     
   12.2220900000000        403.903667806981     
   12.2318700000000        409.179134802368     
   12.2416600000000        415.207056980282     
   12.2514300000000        421.510636758179     
   12.2612100000000        427.035941483282     
   12.2709800000000        431.423104637824     
   12.2807500000000        434.773031480102     
   12.2905200000000        437.259501917367     
   12.3002800000000        439.905960130757     
   12.3100400000000        443.695329706486     
   12.3198000000000        447.886470963962     
   12.3295500000000        450.247656857292     
   12.3393000000000        449.877687680978     
   12.3490500000000        448.194781421101     
   12.3587900000000        446.724758254717     
   12.3685300000000        446.019620458523     
   12.3782700000000        446.091091235292     
   12.3880000000000        446.800957790152     
   12.3977300000000        447.711813064446     
   12.4074600000000        448.335862508183     
   12.4171800000000        448.535062004977     
   12.4269100000000        448.803372228353     
   12.4366200000000        449.867509692045     
   12.4463400000000        451.435829494598     
   12.4560500000000        452.026802489017     
   12.4657600000000        450.150248754654     
   12.4754700000000        445.739670083888     
   12.4851700000000        440.398590236490     
   12.4948700000000        435.671946965236     
   12.5045600000000        431.975168840092     
   12.5142600000000        428.916485204882     
   12.5239500000000        426.239589292824     
   12.5336300000000        424.153265279655     
   12.5433200000000        422.757912440376     
   12.5530000000000        422.165108410044     
   12.5626800000000        422.444083087096     
   12.5723500000000        423.095144492612     
   12.5820200000000        423.837408858718     
   12.5916900000000        425.397679870640     
   12.6013500000000        428.492162444267     
   12.6110100000000        432.858290039375     
   12.6206700000000        437.738725467874     
   12.6303300000000        442.702120017956     
   12.6399800000000        447.769696993424     
   12.6496300000000        452.623950468384     
   12.6592700000000        456.350077116357     
   12.6689200000000        458.274082371879     
   12.6785500000000        458.870832447760     
   12.6881900000000        459.860820323188     
   12.6978200000000        463.168694669212     
   12.7074500000000        469.428922286779     
   12.7170800000000        477.544190616160     
   12.7267000000000        486.238014304978     
   12.7363200000000        494.945766319796     
   12.7459400000000        502.945463641146     
   12.7555500000000        509.213670455184     
   12.7651600000000        513.221694632888     
   12.7747700000000        515.302015485493     
   12.7843800000000        516.777367981258     
   12.7939800000000        519.338074979263     
   12.8035800000000        523.572462200900     
   12.8131700000000        528.729353872678     
   12.8227600000000        533.850490536761     
   12.8323500000000        538.699141111098     
   12.8419400000000        543.702143733519     
   12.8515200000000        548.890807634398     
   12.8611000000000        553.710464495898     
   12.8706700000000        557.998285427544     
   12.8802500000000        562.303393907667     
   12.8898100000000        567.239086418402     
   12.8993800000000        573.259065462574     
   12.9089400000000        580.797456082911     
   12.9185000000000        589.780520346730     
   12.9280600000000        599.163792729999     
   12.9376100000000        607.288577007826     
   12.9471700000000        612.683980038595     
   12.9567100000000        615.061006144333     
   12.9662600000000        615.442544181282     
   12.9758000000000        615.127451886038     
   12.9853400000000        615.078244233777     
   12.9948700000000        615.917296048660     
   13.0044000000000        617.774706267466     
   13.0139300000000        620.371163604774     
   13.0234600000000        623.333782739437     
   13.0329800000000        626.218634475971     
   13.0425000000000        628.419757185240     
   13.0520100000000        629.431360655156     
   13.0615200000000        629.480546126661     
   13.0710300000000        629.681362500217     
   13.0805400000000        631.168874169726     
   13.0900400000000        634.107195740417     
   13.0995400000000        637.831939582605     
   13.1090400000000        641.864890374239     
   13.1185300000000        646.292705981161     
   13.1280200000000        650.881425379599     
   13.1375100000000        654.575091648518     
   13.1469900000000        656.171272887022     
   13.1564700000000        655.024834448855     
   13.1659500000000        651.606505826938     
   13.1754300000000        647.594289443525     
   13.1849000000000        644.870299216898     
   13.1943700000000        644.381431375021     
   13.2038300000000        646.049586663998     
   13.2132900000000        649.057504552609     
   13.2227500000000        652.050456760855     
   13.2322100000000        653.617148991795     
   13.2416600000000        652.688149223881     
   13.2511100000000        649.122415470730     
   13.2605500000000        644.024817259159     
   13.2700000000000        639.128672434060     
   13.2794400000000        636.141707988556     
   13.2888700000000        636.121105529263     
   13.2983100000000        638.915533562016     
   13.3077400000000        643.147450926988     
   13.3171600000000        647.403133795371     
   13.3265900000000        651.272423701984     
   13.3360100000000        654.786401957413     
   13.3454300000000        657.438643485139     
   13.3548400000000        658.173167246911     
   13.3642500000000        656.360369297946     
   13.3736600000000        652.393622817314     
   13.3830600000000        647.074856241058     
   13.3924700000000        641.070388823500     
   13.4018600000000        635.277071471426     
   13.4112600000000        630.647019910683     
   13.4206500000000        627.557174144681     
   13.4300400000000        625.828675168062     
   13.4394300000000        625.414987173206     
   13.4488100000000        626.337502247647     
   13.4581900000000        628.162738638514     
   13.4675600000000        629.881822439632     
   13.4769400000000        630.549864539755     
   13.4863100000000        630.350936343660     
   13.4956700000000        630.669167754910     
   13.5050400000000        632.899005407190     
   13.5144000000000        637.219299950683     
   13.5237600000000        642.154926680025     
   13.5331100000000        645.276816311958     
   13.5424600000000        645.046868766406     
   13.5518100000000        642.089586375869     
   13.5611500000000        638.485592309613     
   13.5704900000000        636.091880181773     
   13.5798300000000        635.497642749979     
   13.5891700000000        636.099129368265     
   13.5985000000000        636.962175991480     
   13.6078300000000        637.669011338462     
   13.6171500000000        638.451970068529     
   13.6264800000000        639.693357408151     
   13.6358000000000        641.496587580599     
   13.6451100000000        643.591708270270     
   13.6544200000000        645.452545057952     
   13.6637300000000        646.782706273523     
   13.6730400000000        647.971902061978     
   13.6823400000000        649.823079137248     
   13.6916400000000        652.932313382488     
   13.7009400000000        657.241208308449     
   13.7102400000000        661.932652482493     
   13.7195300000000        666.051778174333     
   13.7288100000000        669.253674240046     
   13.7381000000000        671.573367826454     
   13.7473800000000        672.663737836819     
   13.7566600000000        671.757561317825     
   13.7659300000000        668.493236225377     
   13.7752000000000        663.570032264933     
   13.7844700000000        658.412488679149     
   13.7937400000000        654.138007150792     
   13.8030000000000        650.932205106808     
   13.8122600000000        648.471589967951     
   13.8215200000000        646.494727189805     
   13.8307700000000        644.848918887426     
   13.8400200000000        643.462262319050     
   13.8492600000000        642.271451533223     
   13.8585100000000        641.074962979691     
   13.8677500000000        639.499251125930     
   13.8769800000000        637.069415889382     
   13.8862200000000        633.510913388404     
   13.8954500000000        629.162055241584     
   13.9046800000000        624.943994657359     
   13.9139000000000        621.877751664542     
   13.9231200000000        620.409104624568     
   13.9323400000000        620.139574352248     
   13.9415500000000        620.208827775728     
   13.9507700000000        620.033301515564     
   13.9599700000000        619.650606301711     
   13.9691800000000        619.286555156055     
   13.9783800000000        618.748224452114     
   13.9875800000000        617.416735126696     
   13.9967800000000        614.875881427341     
   14.0059700000000        611.458007376723     
   14.0151600000000        608.059366713294     
   14.0243400000000        605.411081712860     
   14.0335300000000        603.583982470042     
   14.0427100000000        602.227457096790     
   14.0518800000000        600.899238330666     
   14.0610600000000        599.001310705775     
   14.0702300000000        595.710905892511     
   14.0794000000000        590.384489070997     
   14.0885600000000        583.063617195924     
   14.0977200000000        574.490433008270     
   14.1068800000000        565.851323296616     
   14.1160300000000        558.215910544881     
   14.1251800000000        551.882486617640     
   14.1343300000000        546.444600686977     
   14.1434800000000        541.441031143442     
   14.1526200000000        536.843058651283     
   14.1617600000000        532.898268083645     
   14.1708900000000        529.714265675475     
   14.1800300000000        527.076233277110     
   14.1891500000000        524.653872883155     
   14.1982800000000        522.119671571954     
   14.2074000000000        519.176347559110     
   14.2165200000000        515.549433374280     
   14.2256400000000        511.131259545867     
   14.2347500000000        506.113921869555     
   14.2438600000000        500.918398870505     
   14.2529700000000        496.094545213250     
   14.2620700000000        492.240633513928     
   14.2711800000000        489.862957823954     
   14.2802700000000        489.264792025922     
   14.2893700000000        490.443992377174     
   14.2984600000000        493.043700564890     
   14.3075500000000        496.356192542995     
   14.3166300000000        499.574107542300     
   14.3257100000000        502.159982843808     
   14.3347900000000        503.842198224314     
   14.3438700000000        504.380214932167     
   14.3529400000000        503.605231527843     
   14.3620100000000        501.668494387633     
   14.3710700000000        498.964172252025     
   14.3801400000000        495.760790804558     
   14.3892000000000        492.102994372652     
   14.3982500000000        487.960150146072     
   14.4073100000000        483.381488116780     
   14.4163600000000        478.610250319090     
   14.4254000000000        474.108873061341     
   14.4344500000000        470.464014891094     
   14.4434900000000        468.172913486925     
   14.4525200000000        467.406266485743     
   14.4615600000000        467.908529950229     
   14.4705900000000        469.085011522023     
   14.4796200000000        470.332312697118     
   14.4886400000000        471.244957774486     
   14.4976600000000        471.562823649536     
   14.5066800000000        471.105173300964     
   14.5157000000000        469.759431036941     
   14.5247100000000        467.458130453805     
   14.5337200000000        464.218861366588     
   14.5427200000000        460.250410726609     
   14.5517300000000        455.952866390173     
   14.5607300000000        451.935192890826     
   14.5697200000000        448.874092394643     
   14.5787100000000        447.188979330258     
   14.5877000000000        446.732156736276     
   14.5966900000000        446.816025835590     
   14.6056700000000        446.668931696594     
   14.6146600000000        446.002312544733     
   14.6236300000000        445.167153950901     
   14.6326100000000        444.734796815940     
   14.6415800000000        444.967690545558     
   14.6505400000000        445.657618940769     
   14.6595100000000        446.373471341464     
   14.6684700000000        446.676085893284     
   14.6774300000000        446.174347876189     
   14.6863800000000        444.692337622302     
   14.6953400000000        442.520145335808     
   14.7042800000000        440.331565677176     
   14.7132300000000        438.708741199096     
   14.7221700000000        437.858129978712     
   14.7311100000000        437.645261148833     
   14.7400500000000        437.785935674458     
   14.7489800000000        437.899491709466     
   14.7579100000000        437.461838109263     
   14.7668400000000        435.898074767129     
   14.7757600000000        432.859947717213     
   14.7846800000000        428.378154665687     
   14.7936000000000        422.807592886299     
   14.8025100000000        416.699843521507     
   14.8114200000000        410.634982564377     
   14.8203300000000        405.082662754720     
   14.8292300000000        400.292397981669     
   14.8381300000000        396.278624072212     
   14.8470300000000        392.952811464575     
   14.8559300000000        390.252139322561     
   14.8648200000000        388.160670730259     
   14.8737100000000        386.607494287109     
   14.8825900000000        385.415136032804     
   14.8914700000000        384.348705507486     
   14.9003500000000        383.211728126532     
   14.9092300000000        381.862641155417     
   14.9181000000000        380.189622543834     
   14.9269700000000        378.098282746278     
   14.9358400000000        375.545629153592     
   14.9447000000000        372.582461708999     
   14.9535600000000        369.329634058569     
   14.9624200000000        365.926305252878     
   14.9712700000000        362.495329214251     
   14.9801200000000        359.145718926292     
   14.9889700000000        356.035593997366     
   14.9978100000000        353.398006761787     
   15.0066500000000        351.458523555588     
   15.0154900000000        350.308825312552     
   15.0243300000000        349.803916443137     
   15.0331600000000        349.566667139159     
   15.0419900000000        349.136491660052     
   15.0508100000000        348.206067205869     
   15.0596300000000        346.732964803972     
   15.0684500000000        344.837766905375     
   15.0772700000000        342.630445025177     
   15.0860800000000        340.140835677795     
   15.0948900000000        337.371654344720     
   15.1037000000000        334.423755390713     
   15.1125000000000        331.543714898239     
   15.1213000000000        329.015114724509     
   15.1301000000000        327.009967207032     
   15.1388900000000        325.526785576778     
   15.1476800000000        324.460106455761     
   15.1564700000000        323.702748535092     
   15.1652500000000        323.175233237507     
   15.1740300000000        322.836625974525     
   15.1828100000000        322.723703799421     
   15.1915800000000        322.956108321561     
   15.2003500000000        323.665460798220     
   15.2091200000000        324.874440087430     
   15.2178900000000        326.402856507007     
   15.2266500000000        327.875434695917     
   15.2354100000000        328.849245570723     
   15.2441600000000        328.965423348316     
   15.2529200000000        328.047546532252     
   15.2616700000000        326.125347818663     
   15.2704100000000        323.422846115589     
   15.2791500000000        320.322051825891     
   15.2878900000000        317.296571107801     
   15.2966300000000        314.778175317294     
   15.3053600000000        313.018366052979     
   15.3140900000000        312.023944034163     
   15.3228200000000        311.627758927951     
   15.3315400000000        311.627221118402     
   15.3402600000000        311.922778672568     
   15.3489800000000        312.549454540551     
   15.3577000000000        313.562138611074     
   15.3664100000000        314.874865156420     
   15.3751200000000        316.209511087903     
   15.3838200000000        317.190627651047     
   15.3925200000000        317.518225911083     
   15.4012200000000        317.060904803491     
   15.4099200000000        315.848333594344     
   15.4186100000000        314.015711282314     
   15.4273000000000        311.743149876342     
   15.4359800000000        309.236010503608     
   15.4446700000000        306.714495884908     
   15.4533400000000        304.435185757131     
   15.4620200000000        302.608788712407     
   15.4706900000000        301.342806917450     
   15.4793600000000        300.584551455082     
   15.4880300000000        300.181288734299     
   15.4966900000000        299.967221052998     
   15.5053500000000        299.820047411754     
   15.5140100000000        299.661609433973     
   15.5226700000000        299.434192323733     
   15.5313200000000        299.104528733762     
   15.5399600000000        298.670603326019     
   15.5486100000000        298.120745342767     
   15.5572500000000        297.382785775988     
   15.5658900000000        296.316314906274     
   15.5745200000000        294.770698774614     
   15.5831600000000        292.652330549769     
   15.5917900000000        290.002225922086     
   15.6004100000000        287.007731224395     
   15.6090300000000        283.963354567351     
   15.6176500000000        281.189271835805     
   15.6262700000000        278.934474226191     
   15.6348800000000        277.317266766773     
   15.6434900000000        276.296835703790     
   15.6521000000000        275.695607834830     
   15.6607000000000        275.248883219718     
   15.6693000000000        274.685172671694     
   15.6779000000000        273.818209720498     
   15.6864900000000        272.609868521791     
   15.6950800000000        271.151251338221     
   15.7036700000000        269.571731018132     
   15.7122600000000        267.943480678711     
   15.7208400000000        266.275005077600     
   15.7294100000000        264.577040937161     
   15.7379900000000        262.923818545470     
   15.7465600000000        261.462328104369     
   15.7551300000000        260.340232735021     
   15.7637000000000        259.649069840838     
   15.7722600000000        259.388115157589     
   15.7808200000000        259.459468314687     
   15.7893700000000        259.670918172867     
   15.7979300000000        259.729745444284     
   15.8064700000000        259.265995367498     
   15.8150200000000        257.930310204574     
   15.8235600000000        255.551480502434     
   15.8321000000000        252.239616828636     
   15.8406400000000        248.373968530361     
   15.8491800000000        244.449186431798     
   15.8577100000000        240.892075947600     
   15.8662300000000        237.955050739921     
   15.8747600000000        235.736506566140     
   15.8832800000000        234.258347479152     
   15.8918000000000        233.486242322350     
   15.9003100000000        233.362593013589     
   15.9088200000000        233.820272304243     
   15.9173300000000        234.791535223306     
   15.9258400000000        236.197628935399     
   15.9343400000000        237.925594123754     
   15.9428400000000        239.807763708984     
   15.9513300000000        241.603173103840     
   15.9598300000000        243.041163662266     
   15.9683100000000        243.883795863214     
   15.9768000000000        244.016483588407     
   15.9852800000000        243.461909579505     
   15.9937600000000        242.352273216367     
   16.0022400000000        240.860071747429     
   16.0107100000000        239.142006857299     
   16.0191800000000        237.316768832428     
   16.0276500000000        235.488131699503     
   16.0361200000000        233.750021216770     
   16.0445800000000        232.157950033860     
   16.0530300000000        230.686592904371     
   16.0614900000000        229.235203341510     
   16.0699400000000        227.697558276494     
   16.0783900000000        226.017584652527     
   16.0868300000000        224.225827169733     
   16.0952800000000        222.408340213860     
   16.1037100000000        220.672868928635     
   16.1121500000000        219.069087418624     
   16.1205800000000        217.576170513387     
   16.1290100000000        216.091295000881     
   16.1374400000000        214.473712671188     
   16.1458600000000        212.589132350946     
   16.1542800000000        210.336046149585     
   16.1627000000000        207.669331453822     
   16.1711100000000        204.605661635322     
   16.1795200000000        201.200045193970     
   16.1879300000000        197.538111309746     
   16.1963300000000        193.731889103282     
   16.2047300000000        189.910827940065     
   16.2131300000000        186.234359806294     
   16.2215200000000        182.873987707910     
   16.2299100000000        179.971264211897     
   16.2383000000000        177.621642040564     
   16.2466900000000        175.846903457429     
   16.2550700000000        174.583705430729     
   16.2634500000000        173.689017123200     
   16.2718200000000        172.989944497162     
   16.2802000000000        172.340208228652     
   16.2885600000000        171.668393155650     
   16.2969300000000        170.962859656264     
   16.3052900000000        170.239675599021     
   16.3136500000000        169.497623688334     
   16.3220100000000        168.712906344862     
   16.3303600000000        167.861776854191     
   16.3387100000000        166.946652540086     
   16.3470600000000        166.007287174984     
   16.3554000000000        165.105723588663     
   16.3637400000000        164.299315054955     
   16.3720800000000        163.619794116871     
   16.3804200000000        163.049204513731     
   16.3887500000000        162.513300471561     
   16.3970700000000        161.900906875326     
   16.4054000000000        161.093600862842     
   16.4137200000000        159.985458787930     
   16.4220400000000        158.480649839919     
   16.4303500000000        156.521736682652     
   16.4386700000000        154.121624132877     
   16.4469700000000        151.410828439479     
   16.4552800000000        148.582068018497     
   16.4635800000000        145.858951277218     
   16.4718800000000        143.397750653362     
   16.4801800000000        141.260603062126     
   16.4884700000000        139.423833463713     
   16.4967600000000        137.819551088216     
   16.5050500000000        136.396178043248     
   16.5133300000000        135.144007547421     
   16.5216100000000        134.081450329262     
   16.5298900000000        133.226608583386     
   16.5381600000000        132.561773559962     
   16.5464300000000        132.018427697872     
   16.5547000000000        131.496291793332     
   16.5629700000000        130.893056685901     
   16.5712300000000        130.129891192147     
   16.5794900000000        129.157216822933     
   16.5877400000000        127.956252390428     
   16.5959900000000        126.530906894778     
   16.6042400000000        124.909076164948     
   16.6124900000000        123.136276466062     
   16.6207300000000        121.269943013876     
   16.6289700000000        119.366098073926     
   16.6372000000000        117.482276366784     
   16.6454400000000        115.657743404980     
   16.6536700000000        113.923365022610     
   16.6618900000000        112.292672892619     
   16.6701200000000        110.776507455276     
   16.6783400000000        109.405274337850     
   16.6865500000000        108.217161602903     
   16.6947700000000        107.249385770166     
   16.7029800000000        106.530043593669     
   16.7111900000000        106.055747104693     
   16.7193900000000        105.788632987771     
   16.7275900000000        105.650331889787     
   16.7357900000000        105.526430569059     
   16.7439800000000        105.282887404544     
   16.7521800000000        104.797586644776     
   16.7603600000000        104.002603223795     
   16.7685500000000        102.901011569735     
   16.7767300000000        101.573920035343     
   16.7849100000000        100.143959840761     
   16.7930900000000        98.7432625721106     
   16.8012600000000        97.4833224004440     
   16.8094300000000        96.4340368361080     
   16.8175900000000        95.6273357109972     
   16.8257600000000        95.0581722037889     
   16.8339200000000        94.7006726709035     
   16.8420700000000        94.5128216384224     
   16.8502300000000        94.4496285924919     
   16.8583800000000        94.4758728823108     
   16.8665300000000        94.5758485803868     
   16.8746700000000        94.7568252324009     
   16.8828100000000        95.0422902985040     
   16.8909500000000        95.4555520005038     
   16.8990800000000        95.9991065927085     
   16.9072100000000        96.6401287147174     
   16.9153400000000        97.3042615408340     
   16.9234700000000        97.8875004666613     
   16.9315900000000        98.2789771886797     
   16.9397100000000        98.3861380890778     
   16.9478200000000        98.1464089849568     
   16.9559400000000        97.5285499362285     
   16.9640500000000        96.5334672572034     
   16.9721500000000        95.1909543884307     
   16.9802600000000        93.5547475734597     
   16.9883600000000        91.7105376718228     
   16.9964500000000        89.7572985800185     
   17.0045500000000        87.7945048984636     
   17.0126400000000        85.9228948545568     
   17.0207200000000        84.2137632364159     
   17.0288100000000        82.7010217035116     
   17.0368900000000        81.3967807939337     
   17.0449700000000        80.2919365645136     
   17.0530400000000        79.3781920666747     
   17.0611100000000        78.6448898453548     
   17.0691800000000        78.0736918211188     
