   7.15970000000000        33.1934504524396     
   7.17100000000000        33.8083267301880     
   7.18231000000000        34.9040232069208     
   7.19360000000000        34.9985916680876     
   7.20490000000000        35.0465412093030     
   7.21619000000000        35.0589196632242     
   7.22748000000000        33.7821774341876     
   7.23877000000000        33.1278361918918     
   7.25005000000000        32.4978400764390     
   7.26133000000000        33.4377330664832     
   7.27261000000000        34.3706862263378     
   7.28388000000000        34.8544407685769     
   7.29515000000000        36.7604741346324     
   7.30642000000000        39.3148812057596     
   7.31768000000000        41.5021783865329     
   7.32894000000000        43.0519786183137     
   7.34020000000000        44.0223059539041     
   7.35146000000000        45.1737138331901     
   7.36271000000000        45.9069031043799     
   7.37396000000000        47.0037578629398     
   7.38520000000000        46.7946708671101     
   7.39644000000000        44.7261913834580     
   7.40768000000000        43.5354407221467     
   7.41892000000000        42.6751488269014     
   7.43015000000000        43.3169498700550     
   7.44138000000000        44.6603650427539     
   7.45261000000000        45.8708095113961     
   7.46383000000000        45.2807395494751     
   7.47505000000000        44.3450990534229     
   7.48626000000000        44.2318217914866     
   7.49748000000000        46.2895865565277     
   7.50869000000000        48.3095120238778     
   7.51990000000000        49.2144945325364     
   7.53110000000000        47.7556513636532     
   7.54230000000000        46.4365981941008     
   7.55350000000000        46.0404734994836     
   7.56469000000000        46.7218756284195     
   7.57588000000000        48.0691093652053     
   7.58707000000000        48.4962350064351     
   7.59826000000000        47.6487858371895     
   7.60944000000000        48.0469520160020     
   7.62062000000000        49.7562191481861     
   7.63179000000000        52.2030219808304     
   7.64296000000000        53.3399983844259     
   7.65413000000000        51.8076866939958     
   7.66530000000000        46.6780146275049     
   7.67646000000000        41.9633975451401     
   7.68762000000000        40.0545514950333     
   7.69878000000000        40.1495196631617     
   7.70993000000000        41.5113247369386     
   7.72108000000000        42.3524781390377     
   7.73223000000000        42.5767383091303     
   7.74337000000000        41.7407422229172     
   7.75451000000000        42.5106686191764     
   7.76565000000000        44.6016633541929     
   7.77678000000000        46.1249844733891     
   7.78791000000000        46.0526126864494     
   7.79904000000000        45.3630906970077     
   7.81017000000000        45.2316688057758     
   7.82129000000000        46.1703998852994     
   7.83241000000000        47.9135021265606     
   7.84352000000000        49.9303896022148     
   7.85463000000000        50.0797706995709     
   7.86574000000000        46.3204538135324     
   7.87685000000000        41.5003516300428     
   7.88795000000000        38.7702228590718     
   7.89905000000000        38.3139871488357     
   7.91015000000000        39.2670658082061     
   7.92124000000000        39.3030493687026     
   7.93233000000000        39.5962982197520     
   7.94342000000000        39.7422332099035     
   7.95450000000000        39.5034168209211     
   7.96558000000000        39.5636740978953     
   7.97666000000000        40.2233003600505     
   7.98773000000000        40.2224579224039     
   7.99880000000000        38.7420959142191     
   8.00987000000000        36.3799930473783     
   8.02093000000000        36.0203694975172     
   8.03200000000000        37.5868493196546     
   8.04305000000000        41.0470801231291     
   8.05411000000000        43.7695121834098     
   8.06516000000000        45.8326480486703     
   8.07621000000000        47.8741272444435     
   8.08726000000000        48.8471782599256     
   8.09830000000000        50.2196785023285     
   8.10934000000000        51.8621932183907     
   8.12037000000000        54.6992107025916     
   8.13141000000000        56.8768657185796     
   8.14244000000000        57.3289511713347     
   8.15346000000000        57.6882129482497     
   8.16449000000000        57.3717350706839     
   8.17551000000000        55.5585181436435     
   8.18652000000000        52.3968101869724     
   8.19754000000000        49.6593924486275     
   8.20855000000000        45.7363293051113     
   8.21955000000000        40.2543174248504     
   8.23056000000000        35.8791596694891     
   8.24156000000000        35.3191177152752     
   8.25256000000000        37.3820199650693     
   8.26355000000000        40.1898235081839     
   8.27454000000000        43.5756572127891     
   8.28553000000000        46.8501761896180     
   8.29652000000000        50.1526847524639     
   8.30750000000000        54.6977817698332     
   8.31848000000000        59.1755205276064     
   8.32946000000000        63.5968453263432     
   8.34043000000000        66.1221056973713     
   8.35140000000000        67.2004992027351     
   8.36236000000000        67.8385084620808     
   8.37333000000000        68.5542438968684     
   8.38429000000000        70.7126476543326     
   8.39524000000000        74.4640180629083     
   8.40620000000000        77.7489655065861     
   8.41715000000000        79.7656654006624     
   8.42810000000000        80.6603648557537     
   8.43904000000000        81.5392998570658     
   8.44998000000000        79.1860987741091     
   8.46092000000000        73.6419148925679     
   8.47185000000000        69.6445740857153     
   8.48278000000000        69.1013394263425     
   8.49371000000000        69.9367573951246     
   8.50464000000000        71.5586637360738     
   8.51556000000000        73.4617678563698     
   8.52648000000000        74.7684902241710     
   8.53739000000000        74.5382039330923     
   8.54831000000000        74.7112248165251     
   8.55922000000000        76.4075818113817     
   8.57012000000000        80.8226124052396     
   8.58103000000000        86.0031766572324     
   8.59193000000000        90.9510834622925     
   8.60282000000000        92.8014188521682     
   8.61372000000000        91.9418710970898     
   8.62461000000000        90.7261905158879     
   8.63549000000000        90.4316333945493     
   8.64638000000000        92.2716461814529     
   8.65726000000000        96.3774730221102     
   8.66814000000000        101.528745313873     
   8.67901000000000        106.446342479200     
   8.68988000000000        109.542709660628     
   8.70075000000000        110.128351674228     
   8.71161000000000        109.142999568323     
   8.72248000000000        109.279360071805     
   8.73333000000000        110.601941352573     
   8.74419000000000        111.480991346173     
   8.75504000000000        109.911955025763     
   8.76589000000000        106.454628214653     
   8.77674000000000        100.948958296412     
   8.78758000000000        95.4679941326400     
   8.79842000000000        91.6287412407310     
   8.80926000000000        89.8140768152613     
   8.82009000000000        88.9840632686090     
   8.83092000000000        87.7409654257628     
   8.84175000000000        86.4620450045988     
   8.85257000000000        83.5055648899250     
   8.86339000000000        80.3993420082096     
   8.87421000000000        76.8481334944391     
   8.88502000000000        73.5811883258394     
   8.89583000000000        72.3879017148217     
   8.90664000000000        72.8609336027284     
   8.91745000000000        73.8026025558306     
   8.92825000000000        74.1201958635932     
   8.93905000000000        73.9643151619171     
   8.94984000000000        74.0722257397252     
   8.96063000000000        74.5480908968631     
   8.97142000000000        74.9127208206715     
   8.98221000000000        74.9060575933351     
   8.99299000000000        73.9201300820695     
   9.00377000000000        72.5176207422870     
   9.01455000000000        71.4864937246404     
   9.02532000000000        69.3744894951657     
   9.03609000000000        65.4478877364204     
   9.04686000000000        62.0287210319134     
   9.05762000000000        59.9920288019972     
   9.06838000000000        59.2346030062531     
   9.07914000000000        58.7133497000602     
   9.08989000000000        57.1777964903487     
   9.10064000000000        54.9177484451181     
   9.11139000000000        53.2680242171646     
   9.12214000000000        51.1065858232629     
   9.13288000000000        47.7976256147867     
   9.14362000000000        44.3968526994610     
   9.15435000000000        41.8422337356285     
   9.16508000000000        39.9017001625782     
   9.17581000000000        38.3884781779835     
   9.18654000000000        37.5185240979920     
   9.19726000000000        36.5458040376766     
   9.20798000000000        35.0960103005788     
   9.21870000000000        33.7466575853387     
   9.22941000000000        32.6840276046949     
   9.24012000000000        32.5849810937492     
   9.25082000000000        32.9295134088942     
   9.26153000000000        33.6380965393498     
   9.27223000000000        34.8892469574367     
   9.28293000000000        36.0472549045052     
   9.29362000000000        36.8670197665529     
   9.30431000000000        37.4823729353492     
   9.31500000000000        37.3453568297732     
   9.32568000000000        36.4297452037283     
   9.33636000000000        36.0271497380546     
   9.34704000000000        36.1909574603028     
   9.35772000000000        36.2726346078881     
   9.36839000000000        36.1846249913292     
   9.37906000000000        36.2199550711168     
   9.38972000000000        36.3369620271162     
   9.40038000000000        36.1818454885364     
   9.41104000000000        35.9731854521733     
   9.42170000000000        35.2040098569171     
   9.43235000000000        34.1585917177607     
   9.44300000000000        33.4428088578763     
   9.45365000000000        32.8698788900949     
   9.46429000000000        31.9119778660298     
   9.47493000000000        31.1179744933845     
   9.48557000000000        30.8363224031900     
   9.49620000000000        30.8566541820400     
   9.50683000000000        30.9361256853435     
   9.51746000000000        30.9274433937340     
   9.52808000000000        31.0999013869104     
   9.53871000000000        31.1792271341363     
   9.54932000000000        31.1288969633866     
   9.55994000000000        30.9241199391045     
   9.57055000000000        30.5835752616354     
   9.58116000000000        30.7248975658622     
   9.59176000000000        31.3805647933260     
   9.60237000000000        32.3209382900826     
   9.61296000000000        33.5358338508597     
   9.62356000000000        35.3914236627084     
   9.63415000000000        37.5950777741459     
   9.64474000000000        39.6250910299557     
   9.65533000000000        41.2256932768291     
   9.66591000000000        42.0452740882616     
   9.67649000000000        42.1640126996985     
   9.68707000000000        41.9331538468154     
   9.69764000000000        41.2841891941418     
   9.70821000000000        41.1305648092241     
   9.71878000000000        41.7285659359403     
   9.72934000000000        43.1227744356665     
   9.73990000000000        45.2244906039878     
   9.75046000000000        47.9382021710563     
   9.76102000000000        50.9528512241495     
   9.77157000000000        53.1988155393529     
   9.78212000000000        54.7287395002537     
   9.79266000000000        56.1909351731645     
   9.80320000000000        56.8815506541803     
   9.81374000000000        56.6000096430783     
   9.82428000000000        56.0222704285925     
   9.83481000000000        55.5644448095392     
   9.84534000000000        55.7337240362869     
   9.85586000000000        57.2254090835299     
   9.86639000000000        59.1204184224515     
   9.87691000000000        60.1543827883920     
   9.88742000000000        59.9180978223746     
   9.89794000000000        58.6693826854240     
   9.90845000000000        57.2010235652184     
   9.91895000000000        55.6559904840949     
   9.92946000000000        53.9718793540502     
   9.93996000000000        53.5812222695105     
   9.95046000000000        55.2210068636571     
   9.96095000000000        58.5968011053754     
   9.97144000000000        62.4321698275794     
   9.98193000000000        65.3965210106572     
   9.99242000000000        67.3318926923220     
   10.0029000000000        68.4172376512996     
   10.0133800000000        68.2540612733514     
   10.0238500000000        66.5949274440942     
   10.0343200000000        63.7592801037400     
   10.0447900000000        60.5653523795837     
   10.0552600000000        58.0656603667038     
   10.0657200000000        56.7772105889284     
   10.0761800000000        56.7271760985263     
   10.0866400000000        58.0127637625639     
   10.0970900000000        60.1544081400231     
   10.1075400000000        62.4341918112073     
   10.1179900000000        64.9135394196977     
   10.1284300000000        67.5674614964741     
   10.1388700000000        69.7980186217899     
   10.1493100000000        70.9328980881920     
   10.1597400000000        71.0217993237499     
   10.1701700000000        71.2358898920906     
   10.1806000000000        72.3012225124763     
   10.1910300000000        73.3528249149373     
   10.2014500000000        73.8334491053751     
   10.2118700000000        73.4205094755630     
   10.2222800000000        72.2802223951217     
   10.2326900000000        70.9296223005503     
   10.2431000000000        69.3279073217586     
   10.2535100000000        66.6921848126432     
   10.2639100000000        63.8762776596067     
   10.2743100000000        62.1671040135605     
   10.2847100000000        61.4843240262111     
   10.2951000000000        61.1064414884287     
   10.3054900000000        60.8302063787744     
   10.3158800000000        60.6010219023186     
   10.3262600000000        60.6199179508134     
   10.3366400000000        60.6640566843684     
   10.3470200000000        60.2819660059884     
   10.3573900000000        59.5760550420863     
   10.3677600000000        58.4248592175600     
   10.3781300000000        56.4081801665734     
   10.3884900000000        53.3977236204773     
   10.3988600000000        49.4742734489088     
   10.4092100000000        45.4829091869204     
   10.4195700000000        42.2539666227990     
   10.4299200000000        40.1786576222967     
   10.4402700000000        39.1202097647620     
   10.4506100000000        38.6632019598090     
   10.4609600000000        38.4044397451081     
   10.4713000000000        38.4498596540911     
   10.4816300000000        38.9914339446316     
   10.4919600000000        39.8372290947248     
   10.5022900000000        40.4946209848796     
   10.5126200000000        40.6607602926414     
   10.5229400000000        40.5909659048588     
   10.5332600000000        40.8261578141368     
   10.5435800000000        41.5349728497375     
   10.5539000000000        42.5906917011124     
   10.5642100000000        43.6397280934354     
   10.5745100000000        44.2271830164539     
   10.5848200000000        44.2890096286206     
   10.5951200000000        43.8981297433515     
   10.6054200000000        43.0360343270790     
   10.6157100000000        41.7256395964882     
   10.6260000000000        39.9470514700758     
   10.6362900000000        37.6278830448795     
   10.6465800000000        35.0761825062539     
   10.6568600000000        32.8837722243155     
   10.6671400000000        31.6482746761755     
   10.6774100000000        31.3312219335626     
   10.6876900000000        31.5135083664154     
   10.6979600000000        31.9436687064987     
   10.7082200000000        32.3788006111981     
   10.7184900000000        32.9982204519002     
   10.7287500000000        33.8845524444752     
   10.7390000000000        34.6539828533617     
   10.7492600000000        34.9271183031866     
   10.7595100000000        34.8196944676853     
   10.7697500000000        34.6454885388250     
   10.7800000000000        34.5898922186482     
   10.7902400000000        34.5364997712706     
   10.8004800000000        34.4984899122659     
   10.8107100000000        34.6083593936134     
   10.8209400000000        34.8641132515541     
   10.8311700000000        35.1328493971439     
   10.8414000000000        35.5309698845863     
   10.8516200000000        36.4140163918728     
   10.8618400000000        37.6099083441140     
   10.8720500000000        38.6253940384672     
   10.8822700000000        39.4521268336781     
   10.8924800000000        40.4035403394489     
   10.9026800000000        41.8466621267331     
   10.9128800000000        43.7373843854759     
   10.9230800000000        45.5456921312781     
   10.9332800000000        46.8461511289895     
   10.9434700000000        47.3893483319209     
   10.9536600000000        47.1247522438592     
   10.9638500000000        46.2389291201875     
   10.9740400000000        45.0678864997116     
   10.9842200000000        44.2734817702210     
   10.9943900000000        44.2240765630960     
   11.0045700000000        44.6124698597069     
   11.0147400000000        45.0626078390225     
   11.0249100000000        45.6011038091249     
   11.0350700000000        46.3432279494578     
   11.0452300000000        47.2077249230470     
   11.0553900000000        47.7731698917078     
   11.0655500000000        47.7309531539341     
   11.0757000000000        47.1240598210906     
   11.0858500000000        46.4505439322532     
   11.0960000000000        46.2171326983071     
   11.1061400000000        46.3479828943036     
   11.1162800000000        46.3622328364491     
   11.1264200000000        46.2583451444229     
   11.1365500000000        46.4775720540207     
   11.1466800000000        46.9561754216330     
   11.1568100000000        47.2272255930983     
   11.1669300000000        47.3980316128624     
   11.1770500000000        47.9098582402673     
   11.1871700000000        48.6146904011468     
   11.1972800000000        49.2899941933416     
   11.2073900000000        49.8888541100616     
   11.2175000000000        50.3751897318473     
   11.2276100000000        51.0459257479215     
   11.2377100000000        52.2024992841465     
   11.2478100000000        53.9823233755920     
   11.2579000000000        56.1968723694915     
   11.2679900000000        58.2038497726865     
   11.2780800000000        59.5807896168167     
   11.2881700000000        60.4827211244265     
   11.2982500000000        61.0282106901939     
   11.3083300000000        61.4264718075533     
   11.3184100000000        62.0694556021424     
   11.3284800000000        63.0364491080509     
   11.3385500000000        64.1371568328377     
   11.3486200000000        65.0991721020422     
   11.3586800000000        65.7258975921014     
   11.3687400000000        66.1584097496883     
   11.3788000000000        66.6336485650523     
   11.3888500000000        67.2929940151812     
   11.3989000000000        68.1373412488348     
   11.4089500000000        68.8867415295818     
   11.4189900000000        69.2077576332162     
   11.4290400000000        69.0154971740299     
   11.4390700000000        68.5603228835233     
   11.4491100000000        68.4267007879648     
   11.4591400000000        69.0248698259294     
   11.4691700000000        70.3606464266347     
   11.4792000000000        72.0955523492246     
   11.4892200000000        73.6749016609558     
   11.4992400000000        74.9096796787109     
   11.5092500000000        75.9770752122759     
   11.5192700000000        76.9882294410375     
   11.5292800000000        77.7823477754487     
   11.5392800000000        78.3648356232278     
   11.5492900000000        79.0074339412950     
   11.5592900000000        79.8290017961139     
   11.5692800000000        80.7038404948696     
   11.5792800000000        81.5222792277049     
   11.5892700000000        82.1986522535563     
   11.5992600000000        82.5260466558848     
   11.6092400000000        82.4492888446042     
   11.6192200000000        82.1066488723201     
   11.6292000000000        81.8794922202283     
   11.6391700000000        82.1444900892473     
   11.6491500000000        82.8973881779175     
   11.6591200000000        83.9126148350604     
   11.6690800000000        85.0065898000356     
   11.6790400000000        86.1230004112674     
   11.6890000000000        87.3320605761816     
   11.6989600000000        88.6846000466104     
   11.7089100000000        90.2173877200714     
   11.7188600000000        91.8287366988655     
   11.7288100000000        93.3800919711957     
   11.7387500000000        94.8644103120990     
   11.7486900000000        96.1535460420612     
   11.7586300000000        97.2328492942423     
   11.7685600000000        98.2292193891908     
   11.7784900000000        99.1245793319252     
   11.7884200000000        99.8763680574231     
   11.7983400000000        100.435457531617     
   11.8082600000000        100.800978321110     
   11.8181800000000        100.818622450218     
   11.8281000000000        100.193747161326     
   11.8380100000000        98.9658599564048     
   11.8479200000000        97.4340129232481     
   11.8578200000000        96.0901278396856     
   11.8677200000000        95.2562239211359     
   11.8776200000000        94.7956319416644     
   11.8875200000000        94.5524062033007     
   11.8974100000000        94.4021888413959     
   11.9073000000000        94.0643778412187     
   11.9171900000000        93.4698631586936     
   11.9270700000000        92.9771198102254     
   11.9369500000000        92.9071087993668     
   11.9468300000000        93.0833759534392     
   11.9567000000000        92.9864159294426     
   11.9665700000000        92.4769026160233     
   11.9764400000000        91.9872393673475     
   11.9863000000000        92.0918991726375     
   11.9961600000000        93.0185619100502     
   12.0060200000000        94.5248657914115     
   12.0158700000000        96.3618691237055     
   12.0257300000000        98.4676009865398     
   12.0355700000000        100.812885129470     
   12.0454200000000        103.326636101870     
   12.0552600000000        105.848398330551     
   12.0651000000000        108.429573894855     
   12.0749400000000        111.066156948845     
   12.0847700000000        113.366065037366     
   12.0946000000000        115.208823691340     
   12.1044200000000        116.889293634070     
   12.1142500000000        118.674001731794     
   12.1240700000000        120.755159276297     
   12.1338800000000        122.916522128501     
   12.1437000000000        124.415230501699     
   12.1535100000000        125.005635025993     
   12.1633100000000        125.317751414174     
   12.1731200000000        125.943121170670     
   12.1829200000000        126.974639798844     
   12.1927200000000        128.504154719549     
   12.2025100000000        130.669655609961     
   12.2123000000000        133.198686415449     
   12.2220900000000        135.755683331069     
   12.2318700000000        138.376979899048     
   12.2416600000000        141.259456682837     
   12.2514300000000        144.307952522116     
   12.2612100000000        147.226029999511     
   12.2709800000000        149.705359393491     
   12.2807500000000        151.481907939353     
   12.2905200000000        152.680548743806     
   12.3002800000000        154.015963775335     
   12.3100400000000        155.993619678376     
   12.3198000000000        158.400489375446     
   12.3295500000000        160.454347466977     
   12.3393000000000        161.620439346998     
   12.3490500000000        162.129633526194     
   12.3587900000000        162.443253850710     
   12.3685300000000        162.763791942116     
   12.3782700000000        163.070177687811     
   12.3880000000000        163.237802593304     
   12.3977300000000        163.047352108929     
   12.4074600000000        162.474470034557     
   12.4171800000000        161.742354990615     
   12.4269100000000        161.334319369578     
   12.4366200000000        161.784941335183     
   12.4463400000000        162.971200539203     
   12.4560500000000        164.124809772739     
   12.4657600000000        164.508889885414     
   12.4754700000000        164.023950880604     
   12.4851700000000        163.175577020682     
   12.4948700000000        162.399684066730     
   12.5045600000000        161.695399208099     
   12.5142600000000        160.830586113742     
   12.5239500000000        159.836024146242     
   12.5336300000000        159.176068527591     
   12.5433200000000        159.257980452756     
   12.5530000000000        160.203832330307     
   12.5626800000000        161.875433048196     
   12.5723500000000        163.821290263668     
   12.5820200000000        165.720118603735     
   12.5916900000000        167.745681514039     
   12.6013500000000        170.163919859572     
   12.6110100000000        172.874519684379     
   12.6206700000000        175.570046206484     
   12.6303300000000        178.215676426812     
   12.6399800000000        181.024684093743     
   12.6496300000000        183.990175513028     
   12.6592700000000        186.923266944048     
   12.6689200000000        189.670954682167     
   12.6785500000000        192.195276319650     
   12.6881900000000        194.816836859799     
   12.6978200000000        197.992126195892     
   12.7074500000000        201.726550055251     
   12.7170800000000        205.547125545683     
   12.7267000000000        209.248086328449     
   12.7363200000000        213.039435291371     
   12.7459400000000        216.903829335384     
   12.7555500000000        220.554369472868     
   12.7651600000000        223.820823900786     
   12.7747700000000        226.707403975733     
   12.7843800000000        229.439674015507     
   12.7939800000000        232.287442775801     
   12.8035800000000        235.152458281491     
   12.8131700000000        237.667168508147     
   12.8227600000000        239.615885764597     
   12.8323500000000        241.168019575624     
   12.8419400000000        242.763459854669     
   12.8515200000000        244.640285208948     
   12.8611000000000        246.750077014832     
   12.8706700000000        249.065664563788     
   12.8802500000000        251.638515708008     
   12.8898100000000        254.400566736810     
   12.8993800000000        257.262940951084     
   12.9089400000000        260.345474186281     
   12.9185000000000        263.790669106222     
   12.9280600000000        267.355248771347     
   12.9376100000000        270.462539431964     
   12.9471700000000        272.615290522672     
   12.9567100000000        273.741265016012     
   12.9662600000000        274.120410350433     
   12.9758000000000        274.094814521409     
   12.9853400000000        274.084496084765     
   12.9948700000000        274.547448992219     
   13.0044000000000        275.716001097472     
   13.0139300000000        277.562645853886     
   13.0234600000000        279.867389386520     
   13.0329800000000        282.208346292847     
   13.0425000000000        284.110275846850     
   13.0520100000000        285.235186035262     
   13.0615200000000        285.633651803808     
   13.0710300000000        285.815748988907     
   13.0805400000000        286.314032938813     
   13.0900400000000        287.101457421430     
   13.0995400000000        287.668117109748     
   13.1090400000000        287.791991965503     
   13.1185300000000        287.858810879408     
   13.1280200000000        288.133315526000     
   13.1375100000000        288.277330082687     
   13.1469900000000        287.768087421756     
   13.1564700000000        286.292363499325     
   13.1659500000000        283.976955750700     
   13.1754300000000        281.501678962809     
   13.1849000000000        279.740237072023     
   13.1943700000000        279.180764255580     
   13.2038300000000        279.666573760514     
   13.2132900000000        280.538899448587     
   13.2227500000000        281.109448996670     
   13.2322100000000        280.991576951337     
   13.2416600000000        279.970832881297     
   13.2511100000000        278.084554505655     
   13.2605500000000        275.791230772777     
   13.2700000000000        273.749324279116     
   13.2794400000000        272.601565814671     
   13.2888700000000        272.759259917266     
   13.2983100000000        274.160927124243     
   13.3077400000000        276.277978555762     
   13.3171600000000        278.544383866132     
   13.3265900000000        280.655162020515     
   13.3360100000000        282.425507076470     
   13.3454300000000        283.631315178835     
   13.3548400000000        284.039995858903     
   13.3642500000000        283.617357934820     
   13.3736600000000        282.562299627420     
   13.3830600000000        281.026857415858     
   13.3924700000000        279.013304909927     
   13.4018600000000        276.639030780789     
   13.4112600000000        274.260254127106     
   13.4206500000000        272.308017208384     
   13.4300400000000        271.034448527995     
   13.4394300000000        270.529601281425     
   13.4488100000000        270.769438900956     
   13.4581900000000        271.561831503551     
   13.4675600000000        272.467628729060     
   13.4769400000000        273.025407290069     
   13.4863100000000        273.249669734198     
   13.4956700000000        273.679595968830     
   13.5050400000000        274.924443678305     
   13.5144000000000        277.210434452780     
   13.5237600000000        280.143378638539     
   13.5331100000000        282.862305015013     
   13.5424600000000        284.720960434534     
   13.5518100000000        285.861635838645     
   13.5611500000000        286.980577390108     
   13.5704900000000        288.663413793648     
   13.5798300000000        290.950455951843     
   13.5891700000000        293.350883396217     
   13.5985000000000        295.260862696721     
   13.6078300000000        296.421887796589     
   13.6171500000000        296.946981829904     
   13.6264800000000        297.067837858581     
   13.6358000000000        297.027594540367     
   13.6451100000000        297.061149841267     
   13.6544200000000        297.290246961004     
   13.6637300000000        297.791733043062     
   13.6730400000000        298.749156671920     
   13.6823400000000        300.386902620182     
   13.6916400000000        302.801166618783     
   13.7009400000000        305.767068907603     
   13.7102400000000        308.711348949585     
   13.7195300000000        311.115203692652     
   13.7288100000000        312.876984299482     
   13.7381000000000        314.065146787271     
   13.7473800000000        314.523598647311     
   13.7566600000000        313.948953800770     
   13.7659300000000        312.244921129745     
   13.7752000000000        309.700860570729     
   13.7844700000000        306.827555957780     
   13.7937400000000        303.936702817469     
   13.8030000000000        300.943829901471     
   13.8122600000000        297.686201127947     
   13.8215200000000        294.205841635609     
   13.8307700000000        290.662941440039     
   13.8400200000000        287.237515429591     
   13.8492600000000        284.104383828995     
   13.8585100000000        281.353842616066     
   13.8677500000000        278.940897104013     
   13.8769800000000        276.626378306428     
   13.8862200000000        274.155900734611     
   13.8954500000000        271.540410736841     
   13.9046800000000        269.067938932379     
   13.9139000000000        267.103843616646     
   13.9231200000000        265.784356612010     
   13.9323400000000        264.883463822735     
   13.9415500000000        263.973982215456     
   13.9507700000000        262.753169535604     
   13.9599700000000        261.259704009974     
   13.9691800000000        259.723655939775     
   13.9783800000000        258.229403457607     
   13.9875800000000        256.571969075493     
   13.9967800000000        254.551537412716     
   14.0059700000000        252.248848799729     
   14.0151600000000        249.938397188888     
   14.0243400000000        247.851261122688     
   14.0335300000000        246.026622883677     
   14.0427100000000        244.383371833228     
   14.0518800000000        242.804182081765     
   14.0610600000000        241.110868717161     
   14.0702300000000        239.055740655158     
   14.0794000000000        236.439797461916     
   14.0885600000000        233.243615799426     
   14.0977200000000        229.646188304802     
   14.1068800000000        226.011826955441     
   14.1160300000000        222.691971527189     
   14.1251800000000        219.762534435167     
   14.1343300000000        217.087878140189     
   14.1434800000000        214.569374565680     
   14.1526200000000        212.263282601080     
   14.1617600000000        210.302561817293     
   14.1708900000000        208.797192958245     
   14.1800300000000        207.731879877251     
   14.1891500000000        206.927117254726     
   14.1982800000000        206.076129036039     
   14.2074000000000        204.880015270359     
   14.2165200000000        203.157550614954     
   14.2256400000000        200.907547602728     
   14.2347500000000        198.279882411753     
   14.2438600000000        195.472834311329     
   14.2529700000000        192.703546435122     
   14.2620700000000        190.230882637054     
   14.2711800000000        188.310014651909     
   14.2802700000000        187.110396694934     
   14.2893700000000        186.643158466598     
   14.2984600000000        186.803353815598     
   14.3075500000000        187.386155247369     
   14.3166300000000        188.124613680029     
   14.3257100000000        188.762791483395     
   14.3347900000000        189.096715995066     
   14.3438700000000        188.990662436736     
   14.3529400000000        188.440820130464     
   14.3620100000000        187.619168721131     
   14.3710700000000        186.746294425947     
   14.3801400000000        185.925903859036     
   14.3892000000000        185.177148296614     
   14.3982500000000        184.509300309811     
   14.4073100000000        183.905993896879     
   14.4163600000000        183.327738991847     
   14.4254000000000        182.787138367350     
   14.4344500000000        182.384581743436     
   14.4434900000000        182.244236623948     
   14.4525200000000        182.413362315191     
   14.4615600000000        182.800567218668     
   14.4705900000000        183.197619621482     
   14.4796200000000        183.385855478521     
   14.4886400000000        183.207736002785     
   14.4976600000000        182.587851567676     
   14.5066800000000        181.545351168363     
   14.5157000000000        180.172338323612     
   14.5247100000000        178.583610540363     
   14.5337200000000        176.884746546213     
   14.5427200000000        175.161008474715     
   14.5517300000000        173.433217550247     
   14.5607300000000        171.701044438465     
   14.5697200000000        170.033069066384     
   14.5787100000000        168.593757848790     
   14.5877000000000        167.530860472499     
   14.5966900000000        166.849872949979     
   14.6056700000000        166.437636717626     
   14.6146600000000        166.202186244878     
   14.6236300000000        166.163474800685     
   14.6326100000000        166.386011799674     
   14.6415800000000        166.838205064095     
   14.6505400000000        167.335573847327     
   14.6595100000000        167.637613331495     
   14.6684700000000        167.585880608060     
   14.6774300000000        167.172188146344     
   14.6863800000000        166.527947780410     
   14.6953400000000        165.864308351072     
   14.7042800000000        165.382530726640     
   14.7132300000000        165.183263836173     
   14.7221700000000        165.254678689453     
   14.7311100000000        165.510168278096     
   14.7400500000000        165.816557722087     
   14.7489800000000        165.983119175917     
   14.7579100000000        165.800073513846     
   14.7668400000000        165.152593288471     
   14.7757600000000        164.096856580594     
   14.7846800000000        162.794085306627     
   14.7936000000000        161.397310042067     
   14.8025100000000        160.014946013424     
   14.8114200000000        158.728996273466     
   14.8203300000000        157.578518371664     
   14.8292300000000        156.519695415481     
   14.8381300000000        155.474714648386     
   14.8470300000000        154.438588196907     
   14.8559300000000        153.493095515267     
   14.8648200000000        152.712466734523     
   14.8737100000000        152.068758946504     
   14.8825900000000        151.452223872896     
   14.8914700000000        150.760804184089     
   14.9003500000000        149.947606870651     
   14.9092300000000        148.996151759043     
   14.9181000000000        147.910923524813     
   14.9269700000000        146.731594597879     
   14.9358400000000        145.535733547172     
   14.9447000000000        144.406795578127     
   14.9535600000000        143.385585060321     
   14.9624200000000        142.459885902010     
   14.9712700000000        141.599025908401     
   14.9801200000000        140.793980553557     
   14.9889700000000        140.074089841203     
   14.9978100000000        139.492802278343     
   15.0066500000000        139.084622169656     
   15.0154900000000        138.818574947074     
   15.0243300000000        138.593099371547     
   15.0331600000000        138.293162482535     
   15.0419900000000        137.870673941707     
   15.0508100000000        137.395493024842     
   15.0596300000000        137.016150153379     
   15.0684500000000        136.861050466321     
   15.0772700000000        136.980964293143     
   15.0860800000000        137.369155781837     
   15.0948900000000        137.988290061875     
   15.1037000000000        138.762422299260     
   15.1125000000000        139.580982149879     
   15.1213000000000        140.350851774416     
   15.1301000000000        141.042103411507     
   15.1388900000000        141.677400711071     
   15.1476800000000        142.283381475448     
   15.1564700000000        142.862382799225     
   15.1652500000000        143.404262945692     
   15.1740300000000        143.911385959226     
   15.1828100000000        144.413344536546     
   15.1915800000000        144.966856477979     
   15.2003500000000        145.642611988338     
   15.2091200000000        146.502791956161     
   15.2178900000000        147.573770104030     
   15.2266500000000        148.812966159554     
   15.2354100000000        150.114816659112     
   15.2441600000000        151.373941648751     
   15.2529200000000        152.580341627370     
   15.2616700000000        153.830887005228     
   15.2704100000000        155.278115793748     
   15.2791500000000        157.052770063558     
   15.2878900000000        159.219601887681     
   15.2966300000000        161.772489192334     
   15.3053600000000        164.628152336310     
   15.3140900000000        167.629091336567     
   15.3228200000000        170.565137590996     
   15.3315400000000        173.258783481528     
   15.3402600000000        175.658496840847     
   15.3489800000000        177.834824781256     
   15.3577000000000        179.907825689852     
   15.3664100000000        181.959181010892     
   15.3751200000000        183.990424125221     
   15.3838200000000        185.891005642138     
   15.3925200000000        187.463586532467     
   15.4012200000000        188.490880206567     
   15.4099200000000        188.830040002420     
   15.4186100000000        188.457782164743     
   15.4273000000000        187.447582355640     
   15.4359800000000        185.927050679922     
   15.4446700000000        184.054760134334     
   15.4533400000000        182.035596561547     
   15.4620200000000        180.060500073539     
   15.4706900000000        178.263266891900     
   15.4793600000000        176.681877365406     
   15.4880300000000        175.320943581817     
   15.4966900000000        174.202359003047     
   15.5053500000000        173.346059264660     
   15.5140100000000        172.713061010544     
   15.5226700000000        172.165798354019     
   15.5313200000000        171.513381587709     
   15.5399600000000        170.618764510936     
   15.5486100000000        169.466115703229     
   15.5572500000000        168.136423642766     
   15.5658900000000        166.717473165630     
   15.5745200000000        165.269505868344     
   15.5831600000000        163.836728352651     
   15.5917900000000        162.488835023716     
   15.6004100000000        161.299356748061     
   15.6090300000000        160.302265863098     
   15.6176500000000        159.472639081410     
   15.6262700000000        158.755384638108     
   15.6348800000000        158.106137047520     
   15.6434900000000        157.487474454554     
   15.6521000000000        156.837633238539     
   15.6607000000000        156.054293055068     
   15.6693000000000        155.021274926920     
   15.6779000000000        153.666018253588     
   15.6864900000000        152.000880925390     
   15.6950800000000        150.119408606237     
   15.7036700000000        148.173179011920     
   15.7122600000000        146.328415021601     
   15.7208400000000        144.724981994749     
   15.7294100000000        143.439086912468     
   15.7379900000000        142.471493263748     
   15.7465600000000        141.767885593105     
   15.7551300000000        141.244453662400     
   15.7637000000000        140.832844604014     
   15.7722600000000        140.501673371671     
   15.7808200000000        140.245282817701     
   15.7893700000000        140.052669267565     
   15.7979300000000        139.876957379488     
   15.8064700000000        139.637268405059     
   15.8150200000000        139.247736024582     
   15.8235600000000        138.655622751513     
   15.8321000000000        137.855293525207     
   15.8406400000000        136.892675492391     
   15.8491800000000        135.851637544814     
   15.8577100000000        134.822729331338     
   15.8662300000000        133.874298510341     
   15.8747600000000        133.053740760431     
   15.8832800000000        132.405553692731     
   15.8918000000000        131.962087088838     
   15.9003100000000        131.735185970354     
   15.9088200000000        131.707167581008     
   15.9173300000000        131.838568484014     
   15.9258400000000        132.086428093453     
   15.9343400000000        132.422064369035     
   15.9428400000000        132.830506054122     
   15.9513300000000        133.289723896329     
   15.9598300000000        133.762661328038     
   15.9683100000000        134.206669253958     
   15.9768000000000        134.603289106848     
   15.9852800000000        134.965039793909     
   15.9937600000000        135.332639577757     
   16.0022400000000        135.751241801128     
   16.0107100000000        136.245109143100     
   16.0191800000000        136.802896179896     
   16.0276500000000        137.375976323846     
   16.0361200000000        137.896510771569     
   16.0445800000000        138.299558242820     
   16.0530300000000        138.533784233037     
   16.0614900000000        138.558393878642     
   16.0699400000000        138.343363906142     
   16.0783900000000        137.873505174047     
   16.0868300000000        137.143437228182     
   16.0952800000000        136.141927882332     
   16.1037100000000        134.857273956001     
   16.1121500000000        133.276011611461     
   16.1205800000000        131.418015583093     
   16.1290100000000        129.330335478263     
   16.1374400000000        127.079515517657     
   16.1458600000000        124.728748131809     
   16.1542800000000        122.318124602370     
   16.1627000000000        119.879499524867     
   16.1711100000000        117.448124350349     
   16.1795200000000        115.058537737868     
   16.1879300000000        112.752355036609     
   16.1963300000000        110.574979840445     
   16.2047300000000        108.562219792141     
   16.2131300000000        106.739446429070     
   16.2215200000000        105.109794053978     
   16.2299100000000        103.641843802564     
   16.2383000000000        102.280924305684     
   16.2466900000000        100.962831813914     
   16.2550700000000        99.6340427825653     
   16.2634500000000        98.2606268679447     
   16.2718200000000        96.8414776597260     
   16.2802000000000        95.3986791307689     
   16.2885600000000        93.9771888003438     
   16.2969300000000        92.6016252054714     
   16.3052900000000        91.2760497244402     
   16.3136500000000        89.9731268376020     
   16.3220100000000        88.6620825100156     
   16.3303600000000        87.3313187266418     
   16.3387100000000        85.9924077096859     
   16.3470600000000        84.6771371066956     
   16.3554000000000        83.4221437313470     
   16.3637400000000        82.2518146068571     
   16.3720800000000        81.1750093763241     
   16.3804200000000        80.1756270081089     
   16.3887500000000        79.2099783955182     
   16.3970700000000        78.2167468969190     
   16.4054000000000        77.1435103567078     
   16.4137200000000        75.9782971792241     
   16.4220400000000        74.7447140809823     
   16.4303500000000        73.4971558899903     
   16.4386700000000        72.3005223020869     
   16.4469700000000        71.2297736378922     
   16.4552800000000        70.3386636209982     
   16.4635800000000        69.6546190843210     
   16.4718800000000        69.1574619258422     
   16.4801800000000        68.7932356248926     
   16.4884700000000        68.5034533867780     
   16.4967600000000        68.2549532287911     
   16.5050500000000        68.0496975833657     
   16.5133300000000        67.9090004822903     
   16.5216100000000        67.8515654946989     
   16.5298900000000        67.8825274806510     
   16.5381600000000        67.9920507495319     
   16.5464300000000        68.1601016728017     
   16.5547000000000        68.3613663874972     
   16.5629700000000        68.5672904923066     
   16.5712300000000        68.7442965770579     
   16.5794900000000        68.8545012955438     
   16.5877400000000        68.8616558834745     
   16.5959900000000        68.7423923698994     
   16.6042400000000        68.4920188149033     
   16.6124900000000        68.1208765178217     
   16.6207300000000        67.6455236618553     
   16.6289700000000        67.0803536186051     
   16.6372000000000        66.4379614016997     
   16.6454400000000        65.7252396957276     
   16.6536700000000        64.9498586282973     
   16.6618900000000        64.1190543825023     
   16.6701200000000        63.2444118007268     
   16.6783400000000        62.3527364155188     
   16.6865500000000        61.4805593548798     
   16.6947700000000        60.6695770568205     
   16.7029800000000        59.9639773206437     
   16.7111900000000        59.3940585428350     
   16.7193900000000        58.9744540966461     
   16.7275900000000        58.6992331745834     
   16.7357900000000        58.5452094213362     
   16.7439800000000        58.4751793574409     
   16.7521800000000        58.4437245906140     
   16.7603600000000        58.4063201681310     
   16.7685500000000        58.3306272987742     
   16.7767300000000        58.2097897464873     
   16.7849100000000        58.0679166244298     
   16.7930900000000        57.9528594600224     
   16.8012600000000        57.9161033993880     
   16.8094300000000        57.9898748836325     
   16.8175900000000        58.1733091786046     
   16.8257600000000        58.4321627476693     
   16.8339200000000        58.7051278925168     
   16.8420700000000        58.9176689778385     
   16.8502300000000        58.9969852178995     
   16.8583800000000        58.8898320470224     
   16.8665300000000        58.5806354609865     
   16.8746700000000        58.0963966438040     
   16.8828100000000        57.4926712001817     
   16.8909500000000        56.8312738157933     
   16.8990800000000        56.1573071166284     
   16.9072100000000        55.4821960905992     
   16.9153400000000        54.7858819804250     
   16.9234700000000        54.0301131602616     
   16.9315900000000        53.1813797204970     
   16.9397100000000        52.2255648136638     
   16.9478200000000        51.1772334212902     
   16.9559400000000        50.0672668964496     
   16.9640500000000        48.9418284367003     
   16.9721500000000        47.8458296729376     
   16.9802600000000        46.8169791317438     
   16.9883600000000        45.8887306750605     
   16.9964500000000        45.0783055832739     
   17.0045500000000        44.3865258087842     
   17.0126400000000        43.8045023166492     
   17.0207200000000        43.3118179974937     
   17.0288100000000        42.8839244036282     
   17.0368900000000        42.5023683990243     
   17.0449700000000        42.1556933067360     
   17.0530400000000        41.8413858716223     
   17.0611100000000        41.5582740351726     
   17.0691800000000        41.3004637557959     
