   7.15970000000000        2.43617190841012     
   7.17100000000000        2.53526552598278     
   7.18231000000000        2.68246587048804     
   7.19360000000000        2.69612387082407     
   7.20490000000000        2.74877151420268     
   7.21619000000000        2.74818016744409     
   7.22748000000000        2.64561445353911     
   7.23877000000000        2.64138053212162     
   7.25005000000000        2.62292142067460     
   7.26133000000000        2.75504525394513     
   7.27261000000000        2.82657471534301     
   7.28388000000000        2.82983788506797     
   7.29515000000000        3.09777537755655     
   7.30642000000000        3.45426479853356     
   7.31768000000000        3.76182545884137     
   7.32894000000000        4.00142815818261     
   7.34020000000000        4.12445077457816     
   7.35146000000000        4.04392287108807     
   7.36271000000000        3.80510054096863     
   7.37396000000000        3.83473427902410     
   7.38520000000000        3.98301484365615     
   7.39644000000000        3.85693000865324     
   7.40768000000000        3.82473168034802     
   7.41892000000000        3.88335398287642     
   7.43015000000000        4.13095766526875     
   7.44138000000000        4.58283687412041     
   7.45261000000000        5.14448259117560     
   7.46383000000000        5.13498059403318     
   7.47505000000000        4.86089263797087     
   7.48626000000000        4.89017162113871     
   7.49748000000000        5.43096434673984     
   7.50869000000000        5.94898136484784     
   7.51990000000000        6.32991865860123     
   7.53110000000000        6.47221769692134     
   7.54230000000000        6.28904660246971     
   7.55350000000000        6.18477489753065     
   7.56469000000000        6.44570439714859     
   7.57588000000000        7.03301781795387     
   7.58707000000000        7.78465486087365     
   7.59826000000000        8.09023452547100     
   7.60944000000000        8.25887382643507     
   7.62062000000000        8.46447469592331     
   7.63179000000000        8.83200108498334     
   7.64296000000000        9.20371048945274     
   7.65413000000000        9.32456158883530     
   7.66530000000000        8.15117553472861     
   7.67646000000000        6.98905885118130     
   7.68762000000000        6.68665034795256     
   7.69878000000000        6.98562929948117     
   7.70993000000000        7.87533214165476     
   7.72108000000000        8.78497057601160     
   7.73223000000000        9.46696930484843     
   7.74337000000000        9.52095291468176     
   7.75451000000000        10.0550175476002     
   7.76565000000000        10.9201413456213     
   7.77678000000000        11.5029368902066     
   7.78791000000000        11.4984808873216     
   7.79904000000000        11.3659499802990     
   7.81017000000000        11.5962897300824     
   7.82129000000000        12.1440499181375     
   7.83241000000000        12.8974961835509     
   7.84352000000000        13.4607929893662     
   7.85463000000000        13.5417722923258     
   7.86574000000000        12.3565766890342     
   7.87685000000000        10.8534414931837     
   7.88795000000000        10.0776109553667     
   7.89905000000000        10.2153634402678     
   7.91015000000000        10.8568690512576     
   7.92124000000000        11.2569589573312     
   7.93233000000000        11.6297923910796     
   7.94342000000000        11.8964254673636     
   7.95450000000000        12.0217420483930     
   7.96558000000000        12.3495429973000     
   7.97666000000000        12.8522520206110     
   7.98773000000000        12.9814665350474     
   7.99880000000000        12.3345301697253     
   8.00987000000000        11.3126797683230     
   8.02093000000000        11.0421129072489     
   8.03200000000000        11.3742785715257     
   8.04305000000000        12.3679742312570     
   8.05411000000000        13.2879800862532     
   8.06516000000000        14.0016857317337     
   8.07621000000000        14.5601851513340     
   8.08726000000000        14.5440649552718     
   8.09830000000000        14.5974916183031     
   8.10934000000000        14.9945065335962     
   8.12037000000000        15.8534480343571     
   8.13141000000000        16.5606278422124     
   8.14244000000000        16.7961271757537     
   8.15346000000000        16.9095052081656     
   8.16449000000000        16.8225989400097     
   8.17551000000000        16.4239620183506     
   8.18652000000000        15.8975400118319     
   8.19754000000000        15.4809940537888     
   8.20855000000000        14.3479280849104     
   8.21955000000000        12.3325605811695     
   8.23056000000000        10.4409290973323     
   8.24156000000000        9.70299585938375     
   8.25256000000000        9.88200527549687     
   8.26355000000000        10.3950396957782     
   8.27454000000000        11.1258702828271     
   8.28553000000000        11.7946716328696     
   8.29652000000000        12.1711843811799     
   8.30750000000000        12.7161157699015     
   8.31848000000000        13.4140597664630     
   8.32946000000000        14.2493330063798     
   8.34043000000000        14.9129927835224     
   8.35140000000000        15.1863016664550     
   8.36236000000000        15.0043069120179     
   8.37333000000000        14.3747796719788     
   8.38429000000000        14.1635850605864     
   8.39524000000000        14.6307859873576     
   8.40620000000000        15.5784740693910     
   8.41715000000000        16.5310599249201     
   8.42810000000000        17.5137994653270     
   8.43904000000000        18.1444625948836     
   8.44998000000000        17.6355174326159     
   8.46092000000000        16.1701425510631     
   8.47185000000000        15.3218661893841     
   8.48278000000000        15.5137334945851     
   8.49371000000000        16.3222562292427     
   8.50464000000000        17.3912894187015     
   8.51556000000000        18.2530831780982     
   8.52648000000000        18.5097894442010     
   8.53739000000000        17.7926424447338     
   8.54831000000000        17.3264729649574     
   8.55922000000000        17.4735692710151     
   8.57012000000000        18.1870186866909     
   8.58103000000000        19.1172939099634     
   8.59193000000000        20.1866033848106     
   8.60282000000000        20.4421876206871     
   8.61372000000000        19.3625027801592     
   8.62461000000000        17.7216225789196     
   8.63549000000000        16.6816960544646     
   8.64638000000000        16.7197172860226     
   8.65726000000000        17.6438825296442     
   8.66814000000000        19.2097220749173     
   8.67901000000000        20.7669587279846     
   8.68988000000000        21.5397294801272     
   8.70075000000000        21.3843971616554     
   8.71161000000000        21.0639419821113     
   8.72248000000000        21.2980094038679     
   8.73333000000000        22.1012410422271     
   8.74419000000000        23.1339362886828     
   8.75504000000000        23.6508278315652     
   8.76589000000000        23.2722129708819     
   8.77674000000000        22.0273915696192     
   8.78758000000000        20.7002355827162     
   8.79842000000000        19.6429793654229     
   8.80926000000000        19.0438051467926     
   8.82009000000000        18.8684383535714     
   8.83092000000000        18.8457180941934     
   8.84175000000000        18.8249312094636     
   8.85257000000000        18.3436158348582     
   8.86339000000000        17.2470747049100     
   8.87421000000000        15.6061392787356     
   8.88502000000000        14.1057674686504     
   8.89583000000000        13.3183248852955     
   8.90664000000000        13.0822133882753     
   8.91745000000000        13.0308228035209     
   8.92825000000000        13.1443835689180     
   8.93905000000000        13.2744191173062     
   8.94984000000000        13.3333452489269     
   8.96063000000000        13.2982828823211     
   8.97142000000000        13.1978236810135     
   8.98221000000000        13.2078664223369     
   8.99299000000000        13.3531023378368     
   9.00377000000000        13.5488429669695     
   9.01455000000000        13.7639665276314     
   9.02532000000000        13.7828843211832     
   9.03609000000000        13.3035196944200     
   9.04686000000000        12.4046568065581     
   9.05762000000000        11.3109245849175     
   9.06838000000000        10.5038714446872     
   9.07914000000000        10.0153209115583     
   9.08989000000000        9.70898625882879     
   9.10064000000000        9.66271368824795     
   9.11139000000000        9.94340051205971     
   9.12214000000000        10.2361926762220     
   9.13288000000000        10.1727758586585     
   9.14362000000000        9.90174990579871     
   9.15435000000000        9.92943451065130     
   9.16508000000000        10.0421667905827     
   9.17581000000000        10.0529281747519     
   9.18654000000000        10.0669637356139     
   9.19726000000000        9.99845472690791     
   9.20798000000000        10.1011982088255     
   9.21870000000000        10.5133757310020     
   9.22941000000000        11.0963820186207     
   9.24012000000000        11.4805326947535     
   9.25082000000000        11.5093972976431     
   9.26153000000000        11.5497236019541     
   9.27223000000000        11.7369095765830     
   9.28293000000000        12.0290484856829     
   9.29362000000000        12.2308549549861     
   9.30431000000000        12.5312800567775     
   9.31500000000000        12.7612804731639     
   9.32568000000000        12.5993520680219     
   9.33636000000000        12.4585614157172     
   9.34704000000000        12.4099099619685     
   9.35772000000000        12.2191491100790     
   9.36839000000000        11.7865693949841     
   9.37906000000000        11.4730306614134     
   9.38972000000000        11.6095079411994     
   9.40038000000000        12.0070866701948     
   9.41104000000000        12.5746469063302     
   9.42170000000000        13.1744050225989     
   9.43235000000000        13.7574707677403     
   9.44300000000000        14.4680727941878     
   9.45365000000000        15.1680523296379     
   9.46429000000000        15.7844664816419     
   9.47493000000000        16.2106111560551     
   9.48557000000000        16.2339921255947     
   9.49620000000000        16.1818232306896     
   9.50683000000000        16.3567236613109     
   9.51746000000000        16.7754863640455     
   9.52808000000000        17.0589429680608     
   9.53871000000000        16.9789651378013     
   9.54932000000000        16.6571579338728     
   9.55994000000000        16.2431863166245     
   9.57055000000000        16.0853822831600     
   9.58116000000000        16.5619150631622     
   9.59176000000000        17.5148803512684     
   9.60237000000000        18.4578732875078     
   9.61296000000000        19.3057668961481     
   9.62356000000000        20.5556593309087     
   9.63415000000000        21.9558563556892     
   9.64474000000000        23.0150856066041     
   9.65533000000000        23.7374385108629     
   9.66591000000000        23.9928240418362     
   9.67649000000000        23.9090535291282     
   9.68707000000000        23.5296238729047     
   9.69764000000000        22.6679154351446     
   9.70821000000000        22.3012902773626     
   9.71878000000000        22.7277454708513     
   9.72934000000000        23.7852468647300     
   9.73990000000000        25.2521105766498     
   9.75046000000000        26.8016663768637     
   9.76102000000000        28.5928199930125     
   9.77157000000000        30.3415565227757     
   9.78212000000000        31.7490321620934     
   9.79266000000000        33.0592289328974     
   9.80320000000000        33.8637087285087     
   9.81374000000000        34.0009274349292     
   9.82428000000000        34.0593110240340     
   9.83481000000000        34.1569595359249     
   9.84534000000000        34.4494748001347     
   9.85586000000000        35.2127086059003     
   9.86639000000000        35.6868185370951     
   9.87691000000000        35.4623540338383     
   9.88742000000000        34.6218012950944     
   9.89794000000000        33.3803635091691     
   9.90845000000000        32.2541417154766     
   9.91895000000000        31.2389580247065     
   9.92946000000000        30.0869115134009     
   9.93996000000000        29.6097334999242     
   9.95046000000000        30.3425849470848     
   9.96095000000000        32.1431923327952     
   9.97144000000000        34.1403651638227     
   9.98193000000000        35.6051748602074     
   9.99242000000000        36.5572930072591     
   10.0029000000000        37.1156740889636     
   10.0133800000000        36.9914229574268     
   10.0238500000000        36.1279562012194     
   10.0343200000000        34.7665318647536     
   10.0447900000000        33.3390909624964     
   10.0552600000000        32.3326882908762     
   10.0657200000000        31.7991870028651     
   10.0761800000000        31.7022628889464     
   10.0866400000000        32.3007378595782     
   10.0970900000000        33.4331998264793     
   10.1075400000000        34.8513918853289     
   10.1179900000000        36.5467098178780     
   10.1284300000000        38.3163275180793     
   10.1388700000000        39.8022193281960     
   10.1493100000000        40.6537333807606     
   10.1597400000000        41.0483362999893     
   10.1701700000000        41.6324002242929     
   10.1806000000000        42.6098290724024     
   10.1910300000000        43.3035792210681     
   10.2014500000000        43.4499788379693     
   10.2118700000000        42.9096409301404     
   10.2222800000000        41.9135458594251     
   10.2326900000000        40.8917328982016     
   10.2431000000000        39.9827417370474     
   10.2535100000000        38.7596734168545     
   10.2639100000000        37.4693378793439     
   10.2743100000000        36.6198060655053     
   10.2847100000000        36.1579151187956     
   10.2951000000000        35.8053762751312     
   10.3054900000000        35.4758455103800     
   10.3158800000000        35.1332343356651     
   10.3262600000000        34.7993751746480     
   10.3366400000000        34.4201290470445     
   10.3470200000000        33.9425528387173     
   10.3573900000000        33.4907894114907     
   10.3677600000000        32.9155941325406     
   10.3781300000000        31.8998448875358     
   10.3884900000000        30.3306404275584     
   10.3988600000000        28.1629843992105     
   10.4092100000000        25.9435430236576     
   10.4195700000000        24.1738865443646     
   10.4299200000000        23.0239120948895     
   10.4402700000000        22.3852714282980     
   10.4506100000000        22.0858106532648     
   10.4609600000000        21.9805271752552     
   10.4713000000000        22.2236492346988     
   10.4816300000000        22.8312043384076     
   10.4919600000000        23.5770703574600     
   10.5022900000000        24.1228430542595     
   10.5126200000000        24.3333225384573     
   10.5229400000000        24.5040497814579     
   10.5332600000000        24.8758868733800     
   10.5435800000000        25.4325528174312     
   10.5539000000000        26.0952640746414     
   10.5642100000000        26.5664493138717     
   10.5745100000000        26.4385067398033     
   10.5848200000000        25.6935902311726     
   10.5951200000000        24.5199766731003     
   10.6054200000000        23.0320788044020     
   10.6157100000000        21.4191761221904     
   10.6260000000000        19.7504903591447     
   10.6362900000000        17.8448747944358     
   10.6465800000000        15.7827262580281     
   10.6568600000000        13.9792410548115     
   10.6671400000000        12.8296813418100     
   10.6774100000000        12.2886654540945     
   10.6876900000000        12.0740743513847     
   10.6979600000000        12.0691333983766     
   10.7082200000000        12.2025066888741     
   10.7184900000000        12.5124028444155     
   10.7287500000000        12.9450452464681     
   10.7390000000000        13.2971689977597     
   10.7492600000000        13.4286735280498     
   10.7595100000000        13.3583670422390     
   10.7697500000000        13.1674323821742     
   10.7800000000000        13.0132506178736     
   10.7902400000000        13.0279426616977     
   10.8004800000000        13.1305685237520     
   10.8107100000000        13.1267244043265     
   10.8209400000000        12.9704585432709     
   10.8311700000000        12.6170684898104     
   10.8414000000000        12.1041187095317     
   10.8516200000000        11.6801106331231     
   10.8618400000000        11.4149607608626     
   10.8720500000000        11.2448095302195     
   10.8822700000000        11.1310465347364     
   10.8924800000000        11.0852576654664     
   10.9026800000000        11.1702191487221     
   10.9128800000000        11.3774644641891     
   10.9230800000000        11.6464809792022     
   10.9332800000000        11.8674768449331     
   10.9434700000000        11.9011923936474     
   10.9536600000000        11.6612270953629     
   10.9638500000000        11.2221995728798     
   10.9740400000000        10.7406399862347     
   10.9842200000000        10.3649785912263     
   10.9943900000000        10.1180478253214     
   11.0045700000000        9.86571504284101     
   11.0147400000000        9.51775045186634     
   11.0249100000000        9.13188236335835     
   11.0350700000000        8.78291619502803     
   11.0452300000000        8.44497977498963     
   11.0553900000000        8.03616018970852     
   11.0655500000000        7.59151522735918     
   11.0757000000000        7.16632969546332     
   11.0858500000000        6.81425882161113     
   11.0960000000000        6.58566094671390     
   11.1061400000000        6.48789927736986     
   11.1162800000000        6.46516201517975     
   11.1264200000000        6.51132358835736     
   11.1365500000000        6.68597764294350     
   11.1466800000000        6.98546736507560     
   11.1568100000000        7.29915115125597     
   11.1669300000000        7.54925875339535     
   11.1770500000000        7.75715955848164     
   11.1871700000000        7.96355440610218     
   11.1972800000000        8.14968488199928     
   11.2073900000000        8.26212936576583     
   11.2175000000000        8.39039205521032     
   11.2276100000000        8.64101009190310     
   11.2377100000000        8.98999531485739     
   11.2478100000000        9.39632513429978     
   11.2579000000000        9.84112048126135     
   11.2679900000000        10.2486460944925     
   11.2780800000000        10.5675006289487     
   11.2881700000000        10.8735821905421     
   11.2982500000000        11.1798835611426     
   11.3083300000000        11.4536460913899     
   11.3184100000000        11.6806386360782     
   11.3284800000000        11.8421063444760     
   11.3385500000000        12.0100190178773     
   11.3486200000000        12.2701510880146     
   11.3586800000000        12.6235968925646     
   11.3687400000000        12.9925084605225     
   11.3788000000000        13.2145663460314     
   11.3888500000000        13.1811261043665     
   11.3989000000000        12.9947596596509     
   11.4089500000000        12.7986906916088     
   11.4189900000000        12.5843381706241     
   11.4290400000000        12.2284866607129     
   11.4390700000000        11.7168600057123     
   11.4491100000000        11.2562319967928     
   11.4591400000000        11.0151943134302     
   11.4691700000000        10.9775510684515     
   11.4792000000000        11.0337450794275     
   11.4892200000000        11.1152618894199     
   11.4992400000000        11.2250410846481     
   11.5092500000000        11.3694904870297     
   11.5192700000000        11.6058526319977     
   11.5292800000000        11.9398577069285     
   11.5392800000000        12.2956870016088     
   11.5492900000000        12.6603862097414     
   11.5592900000000        13.1054803014452     
   11.5692800000000        13.6914946700277     
   11.5792800000000        14.4097651525361     
   11.5892700000000        15.1894650015736     
   11.5992600000000        15.9377596286306     
   11.6092400000000        16.5634825159583     
   11.6192200000000        17.0057119542081     
   11.6292000000000        17.3475218497745     
   11.6391700000000        17.7503800473814     
   11.6491500000000        18.3134314482520     
   11.6591200000000        19.0438706064050     
   11.6690800000000        19.7854665117279     
   11.6790400000000        20.3461099871300     
   11.6890000000000        20.7484104923238     
   11.6989600000000        21.1210935720140     
   11.7089100000000        21.5196486128992     
   11.7188600000000        21.9378177269472     
   11.7288100000000        22.3897937358974     
   11.7387500000000        22.9394654731046     
   11.7486900000000        23.6298054278936     
   11.7586300000000        24.4365474505690     
   11.7685600000000        25.2357016253467     
   11.7784900000000        25.9047390124155     
   11.7884200000000        26.4183450918425     
   11.7983400000000        26.7332836091924     
   11.8082600000000        26.8521942883904     
   11.8181800000000        26.8025189880442     
   11.8281000000000        26.5286221112935     
   11.8380100000000        26.0870272141684     
   11.8479200000000        25.6837581619002     
   11.8578200000000        25.4969337680572     
   11.8677200000000        25.4983272000563     
   11.8776200000000        25.4892887048062     
   11.8875200000000        25.3025911835888     
   11.8974100000000        24.9600781624905     
   11.9073000000000        24.5639695938866     
   11.9171900000000        24.1551587660566     
   11.9270700000000        23.7938085217350     
   11.9369500000000        23.5683706939266     
   11.9468300000000        23.5423071506913     
   11.9567000000000        23.6902202880836     
   11.9665700000000        23.8973408325426     
   11.9764400000000        24.0978661261948     
   11.9863000000000        24.3456811843308     
   11.9961600000000        24.7052485709015     
   12.0060200000000        25.1279149233737     
   12.0158700000000        25.6033201628515     
   12.0257300000000        26.2380636579248     
   12.0355700000000        27.0686716760096     
   12.0454200000000        28.0374108788428     
   12.0552600000000        29.0966055671714     
   12.0651000000000        30.2640393232589     
   12.0749400000000        31.5412107137028     
   12.0847700000000        32.8356430747201     
   12.0946000000000        34.0358398290367     
   12.1044200000000        35.0712263300432     
   12.1142500000000        35.9852179939032     
   12.1240700000000        36.8775755492479     
   12.1338800000000        37.7399755145121     
   12.1437000000000        38.3877758048681     
   12.1535100000000        38.6346050768034     
   12.1633100000000        38.5108781591398     
   12.1731200000000        38.2248067556662     
   12.1829200000000        37.9564458494778     
   12.1927200000000        37.7863689395869     
   12.2025100000000        37.7911811306234     
   12.2123000000000        37.9546562105376     
   12.2220900000000        38.1094779078854     
   12.2318700000000        38.1396650173548     
   12.2416600000000        38.0833955670695     
   12.2514300000000        37.9868644596272     
   12.2612100000000        37.8492461499575     
   12.2709800000000        37.6351671210762     
   12.2807500000000        37.2373710648490     
   12.2905200000000        36.6409645109580     
   12.3002800000000        36.0259176821365     
   12.3100400000000        35.5540785491077     
   12.3198000000000        35.2214008995384     
   12.3295500000000        34.8912982272025     
   12.3393000000000        34.4955002836515     
   12.3490500000000        34.1589671552373     
   12.3587900000000        34.0000600340877     
   12.3685300000000        33.9605142637805     
   12.3782700000000        33.8940884521382     
   12.3880000000000        33.7636911612421     
   12.3977300000000        33.6731146629821     
   12.4074600000000        33.7013999324586     
   12.4171800000000        33.7818912775342     
   12.4269100000000        33.8232288186785     
   12.4366200000000        33.8133028560199     
   12.4463400000000        33.7503287539780     
   12.4560500000000        33.6359258966006     
   12.4657600000000        33.5021671326158     
   12.4754700000000        33.4129077889781     
   12.4851700000000        33.4316895205552     
   12.4948700000000        33.5610152062693     
   12.5045600000000        33.7404818624756     
   12.5142600000000        33.9058164084608     
   12.5239500000000        34.0730728030989     
   12.5336300000000        34.3337675324009     
   12.5433200000000        34.7477689429405     
   12.5530000000000        35.3030135076716     
   12.5626800000000        35.9460617011167     
   12.5723500000000        36.5609246964372     
   12.5820200000000        37.0608022859844     
   12.5916900000000        37.4936204682102     
   12.6013500000000        37.9217987343426     
   12.6110100000000        38.3392028517449     
   12.6206700000000        38.7573273098231     
   12.6303300000000        39.2165130849028     
   12.6399800000000        39.7127894944900     
   12.6496300000000        40.1829682845062     
   12.6592700000000        40.5984936621444     
   12.6689200000000        41.0011426257378     
   12.6785500000000        41.4399264540879     
   12.6881900000000        41.9260325018601     
   12.6978200000000        42.4213526892175     
   12.7074500000000        42.8969184208041     
   12.7170800000000        43.4029978479031     
   12.7267000000000        44.0572081377271     
   12.7363200000000        44.9174869289562     
   12.7459400000000        45.8422760161948     
   12.7555500000000        46.6058059189993     
   12.7651600000000        47.1423525873565     
   12.7747700000000        47.5333986266432     
   12.7843800000000        47.8615168543511     
   12.7939800000000        48.1460888303819     
   12.8035800000000        48.3497456620489     
   12.8131700000000        48.4543532593427     
   12.8227600000000        48.4963685491282     
   12.8323500000000        48.5500779217911     
   12.8419400000000        48.6961052406513     
   12.8515200000000        49.0000931615292     
   12.8611000000000        49.5043699808456     
   12.8706700000000        50.1863549923932     
   12.8802500000000        50.9510714907761     
   12.8898100000000        51.6513949836730     
   12.8993800000000        52.1699797314007     
   12.9089400000000        52.5219503724114     
   12.9185000000000        52.8172262277555     
   12.9280600000000        53.1055319331734     
   12.9376100000000        53.3522182130856     
   12.9471700000000        53.5171493624713     
   12.9567100000000        53.5903837037343     
   12.9662600000000        53.5770519085063     
   12.9758000000000        53.4987588777491     
   12.9853400000000        53.4337401722109     
   12.9948700000000        53.4985606726982     
   13.0044000000000        53.7568989806284     
   13.0139300000000        54.1993483605612     
   13.0234600000000        54.7496450902568     
   13.0329800000000        55.2529744997053     
   13.0425000000000        55.5619156910983     
   13.0520100000000        55.6525722061570     
   13.0615200000000        55.6288683136841     
   13.0710300000000        55.6346513708523     
   13.0805400000000        55.7582519945831     
   13.0900400000000        55.9512796253919     
   13.0995400000000        56.0602792812555     
   13.1090400000000        56.0373685035475     
   13.1185300000000        56.0168554728241     
   13.1280200000000        56.0821799129097     
   13.1375100000000        56.1370795434009     
   13.1469900000000        56.0412651137230     
   13.1564700000000        55.7333181176890     
   13.1659500000000        55.2575712479915     
   13.1754300000000        54.7547988317783     
   13.1849000000000        54.3890249320228     
   13.1943700000000        54.2397188840715     
   13.2038300000000        54.2553962522859     
   13.2132900000000        54.3061032168609     
   13.2227500000000        54.2809480306410     
   13.2322100000000        54.1170719246165     
   13.2416600000000        53.7773015725799     
   13.2511100000000        53.2924674150504     
   13.2605500000000        52.7816015995727     
   13.2700000000000        52.3881598497850     
   13.2794400000000        52.2328038027283     
   13.2888700000000        52.3729807193536     
   13.2983100000000        52.7625547429474     
   13.3077400000000        53.2821370401871     
   13.3171600000000        53.8244035024646     
   13.3265900000000        54.2971415076165     
   13.3360100000000        54.6127605465837     
   13.3454300000000        54.7400799988674     
   13.3548400000000        54.7164986126954     
   13.3642500000000        54.6091324214201     
   13.3736600000000        54.4519402302730     
   13.3830600000000        54.2110368021602     
   13.3924700000000        53.8417534204860     
   13.4018600000000        53.3544154809101     
   13.4112600000000        52.8071320177748     
   13.4206500000000        52.2879905976865     
   13.4300400000000        51.8801458462049     
   13.4394300000000        51.6171381963339     
   13.4488100000000        51.4783948333271     
   13.4581900000000        51.4431346090674     
   13.4675600000000        51.5120304681771     
   13.4769400000000        51.6938000049139     
   13.4863100000000        52.0213075621004     
   13.4956700000000        52.5507211304108     
   13.5050400000000        53.3264781841218     
   13.5144000000000        54.3333413763725     
   13.5237600000000        55.4811862931351     
   13.5331100000000        56.6399907822895     
   13.5424600000000        57.7198402383190     
   13.5518100000000        58.7214572785957     
   13.5611500000000        59.7079847415323     
   13.5704900000000        60.7396633223210     
   13.5798300000000        61.8217329424865     
   13.5891700000000        62.8809340845902     
   13.5985000000000        63.8003697398646     
   13.6078300000000        64.5011313427104     
   13.6171500000000        64.9671126554639     
   13.6264800000000        65.2141317946403     
   13.6358000000000        65.2762794439479     
   13.6451100000000        65.2322405778245     
   13.6544200000000        65.1960884746169     
   13.6637300000000        65.2808112611641     
   13.6730400000000        65.5531057891042     
   13.6823400000000        66.0136651198341     
   13.6916400000000        66.6215551210263     
   13.7009400000000        67.2953997329648     
   13.7102400000000        67.9219268523702     
   13.7195300000000        68.4407263248053     
   13.7288100000000        68.8886303942944     
   13.7381000000000        69.3032242167330     
   13.7473800000000        69.6418089983892     
   13.7566600000000        69.8203632165263     
   13.7659300000000        69.7659465454670     
   13.7752000000000        69.4601299290566     
   13.7844700000000        68.9625664262855     
   13.7937400000000        68.3498678889289     
   13.8030000000000        67.6515437959830     
   13.8122600000000        66.8834373388217     
   13.8215200000000        66.0803863591876     
   13.8307700000000        65.2645884220857     
   13.8400200000000        64.4496100715479     
   13.8492600000000        63.6829722862532     
   13.8585100000000        63.0291814539381     
   13.8677500000000        62.5159137933366     
   13.8769800000000        62.0913857903545     
   13.8862200000000        61.6777954280326     
   13.8954500000000        61.2517411562705     
   13.9046800000000        60.8481912167116     
   13.9139000000000        60.5236604802335     
   13.9231200000000        60.2966946966780     
   13.9323400000000        60.1137064896721     
   13.9415500000000        59.8852826739131     
   13.9507700000000        59.5644146069256     
   13.9599700000000        59.1956812754976     
   13.9691800000000        58.8609835584441     
   13.9783800000000        58.5756302846834     
   13.9875800000000        58.2655948063520     
   13.9967800000000        57.8660892354414     
   14.0059700000000        57.3773230271845     
   14.0151600000000        56.8368027667242     
   14.0243400000000        56.3073383201292     
   14.0335300000000        55.8525937894202     
   14.0427100000000        55.4908307727375     
   14.0518800000000        55.1843114878094     
   14.0610600000000        54.8806773845080     
   14.0702300000000        54.5387866091918     
   14.0794000000000        54.1151807635195     
   14.0885600000000        53.5597244417151     
   14.0977200000000        52.8502118585035     
   14.1068800000000        52.0299179087960     
   14.1160300000000        51.1757403997520     
   14.1251800000000        50.3400051839244     
   14.1343300000000        49.5542760351131     
   14.1434800000000        48.8514356556445     
   14.1526200000000        48.2577559062571     
   14.1617600000000        47.7774459499135     
   14.1708900000000        47.4094860604596     
   14.1800300000000        47.1501062556331     
   14.1891500000000        46.9696702145978     
   14.1982800000000        46.8035988104427     
   14.2074000000000        46.5861393131669     
   14.2165200000000        46.2857107693997     
   14.2256400000000        45.9235256848365     
   14.2347500000000        45.5570616866366     
   14.2438600000000        45.2403452822934     
   14.2529700000000        45.0098248584200     
   14.2620700000000        44.9053849081630     
   14.2711800000000        44.9846647310848     
   14.2802700000000        45.2910431634907     
   14.2893700000000        45.8143348258898     
   14.2984600000000        46.4913183868200     
   14.3075500000000        47.2387227559559     
   14.3166300000000        47.9767481623946     
   14.3257100000000        48.6566502153306     
   14.3347900000000        49.2644577963001     
   14.3438700000000        49.7965145169793     
   14.3529400000000        50.2474924572777     
   14.3620100000000        50.6317712766939     
   14.3710700000000        50.9692304687558     
   14.3801400000000        51.2655683238746     
   14.3892000000000        51.5440637053850     
   14.3982500000000        51.8639966923195     
   14.4073100000000        52.2616747035875     
   14.4163600000000        52.7060094950207     
   14.4254000000000        53.1363184966888     
   14.4344500000000        53.5141442026063     
   14.4434900000000        53.8343330194113     
   14.4525200000000        54.1102737477744     
   14.4615600000000        54.3499429777371     
   14.4705900000000        54.5419697555775     
   14.4796200000000        54.6501295782341     
   14.4886400000000        54.6220606801448     
   14.4976600000000        54.4380931809670     
   14.5066800000000        54.1462187347529     
   14.5157000000000        53.8327313606631     
   14.5247100000000        53.5706245481083     
   14.5337200000000        53.3956489532867     
   14.5427200000000        53.3041473546769     
   14.5517300000000        53.2428549599300     
   14.5607300000000        53.1204811556546     
   14.5697200000000        52.8758479336224     
   14.5787100000000        52.5414001434658     
   14.5877000000000        52.2142749846659     
   14.5966900000000        51.9727770608352     
   14.6056700000000        51.8427942558397     
   14.6146600000000        51.8327582340040     
   14.6236300000000        51.9673961186081     
   14.6326100000000        52.2641771999110     
   14.6415800000000        52.6859446278309     
   14.6505400000000        53.1420308212845     
   14.6595100000000        53.5438008085718     
   14.6684700000000        53.8615888281477     
   14.6774300000000        54.1422568132188     
   14.6863800000000        54.4651202398230     
   14.6953400000000        54.8848814560067     
   14.7042800000000        55.4058929510878     
   14.7132300000000        56.0104558947207     
   14.7221700000000        56.6775973720483     
   14.7311100000000        57.3813535680557     
   14.7400500000000        58.0597884744908     
   14.7489800000000        58.6062042705727     
   14.7579100000000        58.9193616951838     
   14.7668400000000        58.9811151904658     
   14.7757600000000        58.8801267761622     
   14.7846800000000        58.7353001423820     
   14.7936000000000        58.6057547414950     
   14.8025100000000        58.4916465996313     
   14.8114200000000        58.4008399266547     
   14.8203300000000        58.3725078314847     
   14.8292300000000        58.4434038555289     
   14.8381300000000        58.6366542782898     
   14.8470300000000        58.9745066756700     
   14.8559300000000        59.4624185420770     
   14.8648200000000        60.0569541631142     
   14.8737100000000        60.6672959735205     
   14.8825900000000        61.1917428916574     
   14.8914700000000        61.5616383313606     
   14.9003500000000        61.7396627432578     
   14.9092300000000        61.6998666327270     
   14.9181000000000        61.4351717067075     
   14.9269700000000        60.9789349492445     
   14.9358400000000        60.4019735103495     
   14.9447000000000        59.7824273968012     
   14.9535600000000        59.1730238696797     
   14.9624200000000        58.6007766365190     
   14.9712700000000        58.0895115203100     
   14.9801200000000        57.6724006970780     
   14.9889700000000        57.3856771345251     
   14.9978100000000        57.2540670156589     
   15.0066500000000        57.2775230738656     
   15.0154900000000        57.4215349236849     
   15.0243300000000        57.6270027124043     
   15.0331600000000        57.8463854685339     
   15.0419900000000        58.0809742425124     
   15.0508100000000        58.3876337820043     
   15.0596300000000        58.8498643835137     
   15.0684500000000        59.5310606682288     
   15.0772700000000        60.4531808710741     
   15.0860800000000        61.6016291446347     
   15.0948900000000        62.9243982000256     
   15.1037000000000        64.3128705709274     
   15.1125000000000        65.6226412276616     
   15.1213000000000        66.7455691142173     
   15.1301000000000        67.6593074936195     
   15.1388900000000        68.4160531774056     
   15.1476800000000        69.0872364998833     
   15.1564700000000        69.7200873889794     
   15.1652500000000        70.3365236637717     
   15.1740300000000        70.9486230117399     
   15.1828100000000        71.5624407970090     
   15.1915800000000        72.1771230092010     
   15.2003500000000        72.7917023391530     
   15.2091200000000        73.4156777133984     
   15.2178900000000        74.0737495760632     
   15.2266500000000        74.7849369659393     
   15.2354100000000        75.5431961619737     
   15.2441600000000        76.3292755985973     
   15.2529200000000        77.1544339814882     
   15.2616700000000        78.0655885546820     
   15.2704100000000        79.1212024390961     
   15.2791500000000        80.3596614755041     
   15.2878900000000        81.7899136979272     
   15.2966300000000        83.3961554636342     
   15.3053600000000        85.1272505881960     
   15.3140900000000        86.8885143321093     
   15.3228200000000        88.5520784202388     
   15.3315400000000        90.0130041191778     
   15.3402600000000        91.2484769272233     
   15.3489800000000        92.3156114175582     
   15.3577000000000        93.3093320147847     
   15.3664100000000        94.3144058343095     
   15.3751200000000        95.3750390582801     
   15.3838200000000        96.4567548319355     
   15.3925200000000        97.4400411204372     
   15.4012200000000        98.1591369476763     
   15.4099200000000        98.4795109933769     
   15.4186100000000        98.3529686023013     
   15.4273000000000        97.8183806269865     
   15.4359800000000        96.9681582118946     
   15.4446700000000        95.9180398414791     
   15.4533400000000        94.8057150433544     
   15.4620200000000        93.7549284064878     
   15.4706900000000        92.8479010285977     
   15.4793600000000        92.0987911201099     
   15.4880300000000        91.4881011964939     
   15.4966900000000        90.9997154754126     
   15.5053500000000        90.6240825537533     
   15.5140100000000        90.3335252030662     
   15.5226700000000        90.0553929383843     
   15.5313200000000        89.6868286985879     
   15.5399600000000        89.1551517543634     
   15.5486100000000        88.4676811725130     
   15.5572500000000        87.7033082463386     
   15.5658900000000        86.9507573022683     
   15.5745200000000        86.2758388928637     
   15.5831600000000        85.7227431258230     
   15.5917900000000        85.3324614344920     
   15.6004100000000        85.1252987454553     
   15.6090300000000        85.0750940418002     
   15.6176500000000        85.1100600502566     
   15.6262700000000        85.1519281518155     
   15.6348800000000        85.1541756508176     
   15.6434900000000        85.1007952402502     
   15.6521000000000        84.9760718151711     
   15.6607000000000        84.7445881054780     
   15.6693000000000        84.3617788394483     
   15.6779000000000        83.8051970850388     
   15.6864900000000        83.0977698877953     
   15.6950800000000        82.3058485857754     
   15.7036700000000        81.5261629688719     
   15.7122600000000        80.8617710008857     
   15.7208400000000        80.3941016520764     
   15.7294100000000        80.1556885791120     
   15.7379900000000        80.1226925852904     
   15.7465600000000        80.2311385028246     
   15.7551300000000        80.4083563879793     
   15.7637000000000        80.6039451977332     
   15.7722600000000        80.8018161943724     
   15.7808200000000        81.0103895581620     
   15.7893700000000        81.2397983385916     
   15.7979300000000        81.4872563377981     
   15.8064700000000        81.7355761274237     
   15.8150200000000        81.9682159358143     
   15.8235600000000        82.1712511137103     
   15.8321000000000        82.3323841155985     
   15.8406400000000        82.4443991587555     
   15.8491800000000        82.5144744392757     
   15.8577100000000        82.5599215466985     
   15.8662300000000        82.5976959893486     
   15.8747600000000        82.6449101967509     
   15.8832800000000        82.7249671879036     
   15.8918000000000        82.8661255711891     
   15.9003100000000        83.0909535702365     
   15.9088200000000        83.4070111779168     
   15.9173300000000        83.8038364235641     
   15.9258400000000        84.2633194621260     
   15.9343400000000        84.7756202781107     
   15.9428400000000        85.3464483419380     
   15.9513300000000        85.9837262930682     
   15.9598300000000        86.6892479648661     
   15.9683100000000        87.4540556962777     
   15.9768000000000        88.2800380877240     
   15.9852800000000        89.1803824508335     
   15.9937600000000        90.1861499455213     
   16.0022400000000        91.3292946567243     
   16.0107100000000        92.6227445167745     
   16.0191800000000        94.0474592809633     
   16.0276500000000        95.5402625801872     
   16.0361200000000        97.0051947612259     
   16.0445800000000        98.3371706232511     
   16.0530300000000        99.4487031153197     
   16.0614900000000        100.280908358026     
   16.0699400000000        100.800825799969     
   16.0783900000000        101.006121752931     
   16.0868300000000        100.906324866170     
   16.0952800000000        100.502512378863     
   16.1037100000000        99.7817851359048     
   16.1121500000000        98.7260011630786     
   16.1205800000000        97.3479778436701     
   16.1290100000000        95.6985682780003     
   16.1374400000000        93.8587080034806     
   16.1458600000000        91.9124953160654     
   16.1542800000000        89.9210170890786     
   16.1627000000000        87.9289229925265     
   16.1711100000000        85.9735238197204     
   16.1795200000000        84.0843884455021     
   16.1879300000000        82.2927323286416     
   16.1963300000000        80.6300604197295     
   16.2047300000000        79.1185046617360     
   16.2131300000000        77.7713357417056     
   16.2215200000000        76.5848106656665     
   16.2299100000000        75.5285742185373     
   16.2383000000000        74.5527868000197     
   16.2466900000000        73.5982772507625     
   16.2550700000000        72.6131205641899     
   16.2634500000000        71.5609100520519     
   16.2718200000000        70.4312746769213     
   16.2802000000000        69.2329247788508     
   16.2885600000000        67.9958715925729     
   16.2969300000000        66.7394298879311     
   16.3052900000000        65.4759341823855     
   16.3136500000000        64.2013429212768     
   16.3220100000000        62.9150822789673     
   16.3303600000000        61.6315228306728     
   16.3387100000000        60.3756044032018     
   16.3470600000000        59.1792139156673     
   16.3554000000000        58.0713809722077     
   16.3637400000000        57.0675272151057     
   16.3720800000000        56.1687018238290     
   16.3804200000000        55.3547002297171     
   16.3887500000000        54.5838531726381     
   16.3970700000000        53.8031684054758     
   16.4054000000000        52.9713045974959     
   16.4137200000000        52.0845591022122     
   16.4220400000000        51.1717445716682     
   16.4303500000000        50.2844576592862     
   16.4386700000000        49.4737592156022     
   16.4469700000000        48.7848953210987     
   16.4552800000000        48.2384152920970     
   16.4635800000000        47.8334614819264     
   16.4718800000000        47.5408827212858     
   16.4801800000000        47.3166873933388     
   16.4884700000000        47.1227837532289     
   16.4967600000000        46.9440854878549     
   16.5050500000000        46.7888276831792     
   16.5133300000000        46.6725725657327     
   16.5216100000000        46.6033872435617     
   16.5298900000000        46.5800728392285     
   16.5381600000000        46.5971878348158     
   16.5464300000000        46.6494000053381     
   16.5547000000000        46.7316216637717     
   16.5629700000000        46.8357724315685     
   16.5712300000000        46.9467632842502     
   16.5794900000000        47.0421996631683     
   16.5877400000000        47.0964891220365     
   16.5959900000000        47.0885530181595     
   16.6042400000000        47.0059345066699     
   16.6124900000000        46.8435285518642     
   16.6207300000000        46.5996173940859     
   16.6289700000000        46.2728711823480     
   16.6372000000000        45.8641800595009     
   16.6454400000000        45.3753928532875     
   16.6536700000000        44.8138593360310     
   16.6618900000000        44.1909925793867     
   16.6701200000000        43.5234306359842     
   16.6783400000000        42.8387151702459     
   16.6865500000000        42.1690906208414     
   16.6947700000000        41.5472224487473     
   16.7029800000000        41.0048101517618     
   16.7111900000000        40.5618483326477     
   16.7193900000000        40.2280054992077     
   16.7275900000000        40.0018322116622     
   16.7357900000000        39.8750335035057     
   16.7439800000000        39.8334023020237     
   16.7521800000000        39.8563251536070     
   16.7603600000000        39.9173272003979     
   16.7685500000000        39.9900661692475     
   16.7767300000000        40.0588333843642     
   16.7849100000000        40.1290158727680     
   16.7930900000000        40.2266144619127     
   16.8012600000000        40.3854123805916     
   16.8094300000000        40.6287735966093     
   16.8175900000000        40.9544040375469     
   16.8257600000000        41.3318599200259     
   16.8339200000000        41.7047656370796     
   16.8420700000000        42.0046534880383     
   16.8502300000000        42.1658114065082     
   16.8583800000000        42.1413537222503     
   16.8665300000000        41.9190450310117     
   16.8746700000000        41.5231116221345     
   16.8828100000000        41.0012954468682     
   16.8909500000000        40.4066214314955     
   16.8990800000000        39.7805709864738     
   16.9072100000000        39.1405936122783     
   16.9153400000000        38.4815639389030     
   16.9234700000000        37.7836406464365     
   16.9315900000000        37.0278261429311     
   16.9397100000000        36.2066041509974     
   16.9478200000000        35.3335363539818     
   16.9559400000000        34.4358844393284     
   16.9640500000000        33.5555895660775     
   16.9721500000000        32.7351211919817     
   16.9802600000000        32.0108518676789     
   16.9883600000000        31.4123224739723     
   16.9964500000000        30.9514769750549     
   17.0045500000000        30.6226495136796     
   17.0126400000000        30.4073003362998     
   17.0207200000000        30.2762379996669     
   17.0288100000000        30.1980102457911     
   17.0368900000000        30.1462012533817     
   17.0449700000000        30.1023861194032     
   17.0530400000000        30.0559508187177     
   17.0611100000000        29.9998787373371     
   17.0691800000000        29.9266597766674     
