   7.15970000000000        114.387830693563     
   7.17100000000000        116.129823379335     
   7.18231000000000        119.273116099418     
   7.19360000000000        119.289505235692     
   7.20490000000000        119.168602548379     
   7.21619000000000        119.145979494047     
   7.22748000000000        115.197925417756     
   7.23877000000000        113.344365131899     
   7.25005000000000        111.612661400175     
   7.26133000000000        113.964847023091     
   7.27261000000000        115.903658440552     
   7.28388000000000        116.890025790042     
   7.29515000000000        122.266555742813     
   7.30642000000000        130.013862985048     
   7.31768000000000        136.436820301026     
   7.32894000000000        140.950889931786     
   7.34020000000000        143.916537691433     
   7.35146000000000        148.059105974268     
   7.36271000000000        150.742484171848     
   7.37396000000000        154.625817798215     
   7.38520000000000        153.925934710438     
   7.39644000000000        147.122879264976     
   7.40768000000000        143.243279501162     
   7.41892000000000        140.615877353868     
   7.43015000000000        142.279975395592     
   7.44138000000000        146.327206235309     
   7.45261000000000        149.265712645391     
   7.46383000000000        146.829004986911     
   7.47505000000000        143.877653511278     
   7.48626000000000        143.300017197679     
   7.49748000000000        149.585548544941     
   7.50869000000000        155.610927642815     
   7.51990000000000        157.914733431174     
   7.53110000000000        153.770393105581     
   7.54230000000000        150.508774338372     
   7.55350000000000        149.808898648682     
   7.56469000000000        151.852036038329     
   7.57588000000000        155.649488007751     
   7.58707000000000        156.920104509254     
   7.59826000000000        154.931573196432     
   7.60944000000000        156.319928080673     
   7.62062000000000        161.730831221916     
   7.63179000000000        169.292719936402     
   7.64296000000000        172.268551793650     
   7.65413000000000        167.402760312375     
   7.66530000000000        152.247834735752     
   7.67646000000000        138.440813933140     
   7.68762000000000        133.439413003772     
   7.69878000000000        133.992209432987     
   7.70993000000000        137.254062103846     
   7.72108000000000        138.838850921355     
   7.73223000000000        139.311141000922     
   7.74337000000000        137.017221820484     
   7.75451000000000        138.858784840534     
   7.76565000000000        144.300366275624     
   7.77678000000000        148.063414324745     
   7.78791000000000        147.471605945665     
   7.79904000000000        145.388681144583     
   7.81017000000000        145.085949848419     
   7.82129000000000        147.837769897008     
   7.83241000000000        153.055528482391     
   7.84352000000000        158.919125502689     
   7.85463000000000        159.233926522554     
   7.86574000000000        148.317793497820     
   7.87685000000000        134.070722387306     
   7.88795000000000        125.927102035519     
   7.89905000000000        124.616542381891     
   7.91015000000000        127.033662046360     
   7.92124000000000        126.093319749189     
   7.93233000000000        126.263882875174     
   7.94342000000000        126.330631517024     
   7.95450000000000        125.209595153495     
   7.96558000000000        124.748206802771     
   7.97666000000000        125.571749757916     
   7.98773000000000        124.434452029657     
   7.99880000000000        119.398403242820     
   8.00987000000000        111.781975555090     
   8.02093000000000        109.762322371805     
   8.03200000000000        113.793092769987     
   8.04305000000000        123.145606092038     
   8.05411000000000        130.361750102087     
   8.06516000000000        136.108339416160     
   8.07621000000000        142.007592193560     
   8.08726000000000        144.636435013728     
   8.09830000000000        147.969427745012     
   8.10934000000000        152.272283099014     
   8.12037000000000        159.647927963899     
   8.13141000000000        165.179722783577     
   8.14244000000000        165.823330929423     
   8.15346000000000        166.149189209846     
   8.16449000000000        164.816865699066     
   8.17551000000000        159.664303189670     
   8.18652000000000        150.769819118507     
   8.19754000000000        142.851723773066     
   8.20855000000000        131.949197804663     
   8.21955000000000        116.658455378799     
   8.23056000000000        104.222839919820     
   8.24156000000000        102.013368106758     
   8.25256000000000        106.799644544802     
   8.26355000000000        113.541607977510     
   8.27454000000000        121.836863920304     
   8.28553000000000        129.970716344960     
   8.29652000000000        138.443388944223     
   8.30750000000000        150.512403323397     
   8.31848000000000        162.450773277301     
   8.32946000000000        174.206603416991     
   8.34043000000000        181.105638338878     
   8.35140000000000        184.391701832720     
   8.36236000000000        186.080012457900     
   8.37333000000000        187.624366948169     
   8.38429000000000        193.083600862398     
   8.39524000000000        203.141761332202     
   8.40620000000000        211.764204130563     
   8.41715000000000        216.851212684467     
   8.42810000000000        219.139749903612     
   8.43904000000000        221.280641956090     
   8.44998000000000        214.808270875100     
   8.46092000000000        200.134073451820     
   8.47185000000000        189.711604347457     
   8.48278000000000        188.342601385201     
   8.49371000000000        190.625870074735     
   8.50464000000000        194.881246898813     
   8.51556000000000        199.693496907391     
   8.52648000000000        202.719521036586     
   8.53739000000000        201.694312038865     
   8.54831000000000        201.768613738658     
   8.55922000000000        205.748921941589     
   8.57012000000000        216.655508635627     
   8.58103000000000        229.405921180811     
   8.59193000000000        241.477234624186     
   8.60282000000000        245.862002367043     
   8.61372000000000        243.372271192807     
   8.62461000000000        240.092913572147     
   8.63549000000000        239.429404409906     
   8.64638000000000        244.213353687154     
   8.65726000000000        254.474096964135     
   8.66814000000000        267.417090723408     
   8.67901000000000        279.919747287800     
   8.68988000000000        287.863319259088     
   8.70075000000000        289.407412503664     
   8.71161000000000        287.070670545014     
   8.72248000000000        287.699016939954     
   8.73333000000000        291.234725263194     
   8.74419000000000        293.553711453498     
   8.75504000000000        289.684627839952     
   8.76589000000000        280.997129380047     
   8.77674000000000        267.124306405475     
   8.78758000000000        253.274758859469     
   8.79842000000000        243.542157991393     
   8.80926000000000        238.978199351664     
   8.82009000000000        237.001076139036     
   8.83092000000000        234.192010660034     
   8.84175000000000        231.361688311328     
   8.85257000000000        224.187931571083     
   8.86339000000000        216.488331660361     
   8.87421000000000        207.679294740408     
   8.88502000000000        199.540204829847     
   8.89583000000000        196.566287180332     
   8.90664000000000        197.769931148195     
   8.91745000000000        200.026630061089     
   8.92825000000000        200.723672023281     
   8.93905000000000        200.312292287541     
   8.94984000000000        200.497464010124     
   8.96063000000000        201.493804849503     
   8.97142000000000        202.160520143001     
   8.98221000000000        202.243504227335     
   8.99299000000000        200.144634941219     
   9.00377000000000        196.747334955021     
   9.01455000000000        194.029883791322     
   9.02532000000000        188.924792521924     
   9.03609000000000        179.352409439436     
   9.04686000000000        170.858694245695     
   9.05762000000000        165.540187864676     
   9.06838000000000        163.204200230522     
   9.07914000000000        161.556304140988     
   9.08989000000000        157.522589774323     
   9.10064000000000        152.004875010526     
   9.11139000000000        148.318406756032     
   9.12214000000000        143.510386403148     
   9.13288000000000        135.640417283649     
   9.14362000000000        127.290900424006     
   9.15435000000000        121.431109725968     
   9.16508000000000        117.153183313261     
   9.17581000000000        113.582679452111     
   9.18654000000000        111.389547965759     
   9.19726000000000        108.748883981229     
   9.20798000000000        105.199320954861     
   9.21870000000000        102.524691515179     
   9.22941000000000        100.839693646203     
   9.24012000000000        100.900760608647     
   9.25082000000000        101.428071452201     
   9.26153000000000        102.846058911420     
   9.27223000000000        105.837169000260     
   9.28293000000000        108.835198183070     
   9.29362000000000        110.757380398291     
   9.30431000000000        112.094062003225     
   9.31500000000000        111.460625814283     
   9.32568000000000        108.815924492054     
   9.33636000000000        107.727636977312     
   9.34704000000000        108.280145277400     
   9.35772000000000        108.680999433638     
   9.36839000000000        108.273765316639     
   9.37906000000000        107.877386849694     
   9.38972000000000        107.852839662323     
   9.40038000000000        107.425418150947     
   9.41104000000000        107.182390559259     
   9.42170000000000        105.766931495761     
   9.43235000000000        103.603433240372     
   9.44300000000000        102.312565165890     
   9.45365000000000        101.577326173143     
   9.46429000000000        100.222018587838     
   9.47493000000000        98.8970203413304     
   9.48557000000000        98.1453499902641     
   9.49620000000000        97.7715765976803     
   9.50683000000000        97.8252462386664     
   9.51746000000000        98.1796097478311     
   9.52808000000000        98.7562041546570     
   9.53871000000000        98.5126606367895     
   9.54932000000000        97.7139936565428     
   9.55994000000000        96.9123029732767     
   9.57055000000000        96.1548535792848     
   9.58116000000000        96.7879543920607     
   9.59176000000000        98.8456395324597     
   9.60237000000000        101.371934606578     
   9.61296000000000        104.107180956941     
   9.62356000000000        108.777069615094     
   9.63415000000000        114.310646618214     
   9.64474000000000        118.757308152588     
   9.65533000000000        121.927370597777     
   9.66591000000000        123.425561573156     
   9.67649000000000        123.305026893125     
   9.68707000000000        122.095820370192     
   9.69764000000000        119.557668513304     
   9.70821000000000        118.741357379893     
   9.71878000000000        120.603188162918     
   9.72934000000000        124.666561314152     
   9.73990000000000        130.046896400010     
   9.75046000000000        136.215478389492     
   9.76102000000000        143.235648626454     
   9.77157000000000        149.129937810244     
   9.78212000000000        153.367784793776     
   9.79266000000000        157.147741272429     
   9.80320000000000        158.957979297863     
   9.81374000000000        158.357084237009     
   9.82428000000000        157.242362906997     
   9.83481000000000        156.545087940241     
   9.84534000000000        157.201795445876     
   9.85586000000000        160.556025963926     
   9.86639000000000        163.742063815285     
   9.87691000000000        164.015231627375     
   9.88742000000000        161.608927624156     
   9.89794000000000        157.806322064138     
   9.90845000000000        154.026674152106     
   9.91895000000000        149.855083405852     
   9.92946000000000        144.906462926466     
   9.93996000000000        142.636502404921     
   9.95046000000000        145.020901139455     
   9.96095000000000        151.631606559514     
   9.97144000000000        159.524451387890     
   9.98193000000000        165.583847340699     
   9.99242000000000        169.625574422998     
   10.0029000000000        171.996410462559     
   10.0133800000000        171.614894706157     
   10.0238500000000        167.952742969062     
   10.0343200000000        161.602519712514     
   10.0447900000000        154.490799883861     
   10.0552600000000        149.125423622941     
   10.0657200000000        146.357992822898     
   10.0761800000000        146.078273428395     
   10.0866400000000        148.757059969358     
   10.0970900000000        153.398356715358     
   10.1075400000000        158.572708999468     
   10.1179900000000        164.454942258853     
   10.1284300000000        170.818161846613     
   10.1388700000000        176.530748305130     
   10.1493100000000        179.920670487600     
   10.1597400000000        180.584468968623     
   10.1701700000000        181.456923959961     
   10.1806000000000        184.522603322387     
   10.1910300000000        187.272059397161     
   10.2014500000000        188.293698048714     
   10.2118700000000        187.304918531124     
   10.2222800000000        184.877187977156     
   10.2326900000000        181.992951260960     
   10.2431000000000        178.639616329976     
   10.2535100000000        173.046903360891     
   10.2639100000000        166.903499613011     
   10.2743100000000        162.978766803680     
   10.2847100000000        161.320655094103     
   10.2951000000000        160.552792852906     
   10.3054900000000        159.944618105438     
   10.3158800000000        159.282470823585     
   10.3262600000000        159.095387803991     
   10.3366400000000        158.808278716602     
   10.3470200000000        157.702075831922     
   10.3573900000000        156.215095342846     
   10.3677600000000        153.851571884388     
   10.3781300000000        149.391812705689     
   10.3884900000000        142.514840638799     
   10.3988600000000        133.696296903449     
   10.4092100000000        124.967885735842     
   10.4195700000000        118.142917542794     
   10.4299200000000        113.886048037184     
   10.4402700000000        111.825985355399     
   10.4506100000000        111.167246063887     
   10.4609600000000        110.949332739553     
   10.4713000000000        111.527612532302     
   10.4816300000000        113.560916006926     
   10.4919600000000        116.490888714138     
   10.5022900000000        118.832206359281     
   10.5126200000000        119.817023673517     
   10.5229400000000        120.268569500829     
   10.5332600000000        121.302914404895     
   10.5435800000000        123.323626026468     
   10.5539000000000        126.067545106235     
   10.5642100000000        128.391527687581     
   10.5745100000000        129.240173970123     
   10.5848200000000        128.673676186961     
   10.5951200000000        126.892461395929     
   10.6054200000000        124.082558165382     
   10.6157100000000        120.501750204765     
   10.6260000000000        116.042568906345     
   10.6362900000000        110.732285455056     
   10.6465800000000        105.086299618271     
   10.6568600000000        100.144977942193     
   10.6671400000000        97.2625290195898     
   10.6774100000000        96.4953209948601     
   10.6876900000000        97.0774162461408     
   10.6979600000000        98.5300883794598     
   10.7082200000000        100.281025371669     
   10.7184900000000        102.792809422384     
   10.7287500000000        106.137437264765     
   10.7390000000000        109.170084747116     
   10.7492600000000        110.944705096196     
   10.7595100000000        111.689881835580     
   10.7697500000000        112.228097864574     
   10.7800000000000        113.137990630690     
   10.7902400000000        113.815874440339     
   10.8004800000000        114.126946230419     
   10.8107100000000        114.659159347761     
   10.8209400000000        115.643792120667     
   10.8311700000000        116.710538789033     
   10.8414000000000        118.115997331880     
   10.8516200000000        120.881365907242     
   10.8618400000000        124.644641387240     
   10.8720500000000        127.851097955565     
   10.8822700000000        130.390604970107     
   10.8924800000000        133.060465522634     
   10.9026800000000        136.832110902307     
   10.9128800000000        141.860263424411     
   10.9230800000000        147.150352043220     
   10.9332800000000        151.603812186954     
   10.9434700000000        154.378467467142     
   10.9536600000000        155.165074763419     
   10.9638500000000        154.094109382394     
   10.9740400000000        151.555713672179     
   10.9842200000000        149.394873555052     
   10.9943900000000        149.208818821325     
   11.0045700000000        150.623886381078     
   11.0147400000000        152.659916039778     
   11.0249100000000        155.184564891450     
   11.0350700000000        158.057663313637     
   11.0452300000000        160.746073209640     
   11.0553900000000        162.408928679483     
   11.0655500000000        162.595058353421     
   11.0757000000000        161.744601590082     
   11.0858500000000        161.059277276081     
   11.0960000000000        161.405723015616     
   11.1061400000000        162.293169131582     
   11.1162800000000        162.593910940119     
   11.1264200000000        162.566107483775     
   11.1365500000000        163.572552031882     
   11.1466800000000        165.395585445905     
   11.1568100000000        166.624848316419     
   11.1669300000000        167.512708126155     
   11.1770500000000        169.024783973909     
   11.1871700000000        170.585512634572     
   11.1972800000000        171.830550831843     
   11.2073900000000        173.045263022328     
   11.2175000000000        174.182150946566     
   11.2276100000000        176.006201847112     
   11.2377100000000        179.388753034398     
   11.2478100000000        184.622950161251     
   11.2579000000000        190.851009580236     
   11.2679900000000        196.012244011539     
   11.2780800000000        199.007067530126     
   11.2881700000000        200.616930884437     
   11.2982500000000        201.556545771337     
   11.3083300000000        202.591502904382     
   11.3184100000000        204.649191477158     
   11.3284800000000        207.581357703277     
   11.3385500000000        210.789908407707     
   11.3486200000000        213.793349887281     
   11.3586800000000        216.168674772880     
   11.3687400000000        218.104082768841     
   11.3788000000000        219.796316528119     
   11.3888500000000        221.347993108528     
   11.3989000000000        223.005472381525     
   11.4089500000000        224.380951773552     
   11.4189900000000        224.732163999745     
   11.4290400000000        224.087891557267     
   11.4390700000000        223.229987726683     
   11.4491100000000        223.290511337561     
   11.4591400000000        225.009169106054     
   11.4691700000000        228.423576026442     
   11.4792000000000        232.705734218311     
   11.4892200000000        236.508926930811     
   11.4992400000000        239.512801896643     
   11.5092500000000        242.071844909427     
   11.5192700000000        244.426152723745     
   11.5292800000000        246.442770901315     
   11.5392800000000        248.207279885685     
   11.5492900000000        250.108028307402     
   11.5592900000000        252.274935976538     
   11.5692800000000        254.537770877470     
   11.5792800000000        256.946185473796     
   11.5892700000000        259.443345461539     
   11.5992600000000        261.231483417827     
   11.6092400000000        261.900649639465     
   11.6192200000000        261.861857535642     
   11.6292000000000        262.168046835582     
   11.6391700000000        263.741969987089     
   11.6491500000000        266.559641202696     
   11.6591200000000        270.244441272826     
   11.6690800000000        274.360911345981     
   11.6790400000000        278.380506818737     
   11.6890000000000        282.130097033816     
   11.6989600000000        285.709514248286     
   11.7089100000000        289.279534609261     
   11.7188600000000        292.600039025798     
   11.7288100000000        295.290662216121     
   11.7387500000000        297.428090469306     
   11.7486900000000        299.050595487216     
   11.7586300000000        300.298117296655     
   11.7685600000000        301.390526201971     
   11.7784900000000        302.175351671318     
   11.7884200000000        302.435288327714     
   11.7983400000000        302.338589690525     
   11.8082600000000        302.337143318894     
   11.8181800000000        302.116828687576     
   11.8281000000000        300.715860810607     
   11.8380100000000        297.967054754756     
   11.8479200000000        294.538274139459     
   11.8578200000000        291.544134087486     
   11.8677200000000        289.678025431479     
   11.8776200000000        288.644066456685     
   11.8875200000000        287.982971329759     
   11.8974100000000        287.278148127010     
   11.9073000000000        285.882668379468     
   11.9171900000000        283.695047180316     
   11.9270700000000        281.673135621818     
   11.9369500000000        280.773931892613     
   11.9468300000000        280.705703680305     
   11.9567000000000        280.124923590956     
   11.9665700000000        278.428433563421     
   11.9764400000000        276.396865197634     
   11.9863000000000        275.403288736776     
   11.9961600000000        276.279101735098     
   12.0060200000000        278.770381418384     
   12.0158700000000        282.458044926111     
   12.0257300000000        287.251707836452     
   12.0355700000000        293.031276313137     
   12.0454200000000        299.359265408191     
   12.0552600000000        305.585711212144     
   12.0651000000000        311.851732801466     
   12.0749400000000        318.326505507741     
   12.0847700000000        324.089036493551     
   12.0946000000000        328.604451212944     
   12.1044200000000        332.205759172500     
   12.1142500000000        335.388598819327     
   12.1240700000000        338.872158378831     
   12.1338800000000        342.615517450483     
   12.1437000000000        345.367569307711     
   12.1535100000000        346.673912768765     
   12.1633100000000        347.620778559955     
   12.1731200000000        349.291412664196     
   12.1829200000000        351.934980890838     
   12.1927200000000        355.723213857099     
   12.2025100000000        360.823216220701     
   12.2123000000000        366.478683545847     
   12.2220900000000        371.845095135063     
   12.2318700000000        377.095019640997     
   12.2416600000000        382.779928487603     
   12.2514300000000        388.609930615006     
   12.2612100000000        393.773790049702     
   12.2709800000000        397.617714956475     
   12.2807500000000        399.739194357743     
   12.2905200000000        400.526295270174     
   12.3002800000000        401.641214385820     
   12.3100400000000        404.375974489552     
   12.3198000000000        408.283024844373     
   12.3295500000000        411.461448722501     
   12.3393000000000        412.671333062719     
   12.3490500000000        412.579245117943     
   12.3587900000000        412.330909568730     
   12.3685300000000        412.360916464917     
   12.3782700000000        412.599667591707     
   12.3880000000000        412.946001658762     
   12.3977300000000        413.194826008316     
   12.4074600000000        413.202330049520     
   12.4171800000000        413.015690353398     
   12.4269100000000        413.219541254271     
   12.4366200000000        414.543805190468     
   12.4463400000000        416.589891221751     
   12.4560500000000        417.970240112329     
   12.4657600000000        417.473826837386     
   12.4754700000000        415.098746235549     
   12.4851700000000        412.014557434618     
   12.4948700000000        409.253043886613     
   12.5045600000000        407.032419931409     
   12.5142600000000        405.017181650894     
   12.5239500000000        403.209355521702     
   12.5336300000000        402.325090257753     
   12.5433200000000        402.927980762587     
   12.5530000000000        405.117776931961     
   12.5626800000000        408.633659007612     
   12.5723500000000        412.671535255712     
   12.5820200000000        416.674381107477     
   12.5916900000000        421.013515513727     
   12.6013500000000        426.195795792447     
   12.6110100000000        432.026401181901     
   12.6206700000000        437.921226586956     
   12.6303300000000        443.719004340129     
   12.6399800000000        449.744740628411     
   12.6496300000000        455.966051272349     
   12.6592700000000        461.938929948127     
   12.6689200000000        467.335336397548     
   12.6785500000000        472.224928341696     
   12.6881900000000        477.489257339093     
   12.6978200000000        484.321894561485     
   12.7074500000000        492.941923420644     
   12.7170800000000        502.346873004185     
   12.7267000000000        511.815656023638     
   12.7363200000000        521.422956285665     
   12.7459400000000        530.850275167676     
   12.7555500000000        539.192653818191     
   12.7651600000000        545.798466145504     
   12.7747700000000        550.644633800111     
   12.7843800000000        554.511973345648     
   12.7939800000000        558.423805424928     
   12.8035800000000        562.553463800300     
   12.8131700000000        566.336257369790     
   12.8227600000000        569.358621943539     
   12.8323500000000        571.938786143163     
   12.8419400000000        574.934707693902     
   12.8515200000000        578.749965629536     
   12.8611000000000        583.146740937294     
   12.8706700000000        587.954771230653     
   12.8802500000000        593.257319601847     
   12.8898100000000        598.923149058967     
   12.8993800000000        604.731986513909     
   12.9089400000000        610.872364162429     
   12.9185000000000        617.613101712004     
   12.9280600000000        624.440940993435     
   12.9376100000000        630.107430959698     
   12.9471700000000        633.529319802861     
   12.9567100000000        634.639916225522     
   12.9662600000000        634.254784752494     
   12.9758000000000        633.311105575859     
   12.9853400000000        632.665142398357     
   12.9948700000000        633.057091274145     
   13.0044000000000        634.760739692993     
   13.0139300000000        637.647070989442     
   13.0234600000000        641.382399860352     
   13.0329800000000        645.342528939458     
   13.0425000000000        648.738435480637     
   13.0520100000000        650.937104756779     
   13.0615200000000        652.002102862666     
   13.0710300000000        652.886403184537     
   13.0805400000000        654.605901999744     
   13.0900400000000        657.116199199325     
   13.0995400000000        659.415231952838     
   13.1090400000000        660.963056761365     
   13.1185300000000        662.274912125174     
   13.1280200000000        663.565226621190     
   13.1375100000000        663.957840784474     
   13.1469900000000        662.424311651759     
   13.1564700000000        658.564734437730     
   13.1659500000000        652.978862810605     
   13.1754300000000        647.304676961317     
   13.1849000000000        643.314026047572     
   13.1943700000000        641.831388302440     
   13.2038300000000        642.506606228880     
   13.2132900000000        644.171352316351     
   13.2227500000000        645.520575844553     
   13.2322100000000        645.625245312085     
   13.2416600000000        643.868448406907     
   13.2511100000000        640.266828912117     
   13.2605500000000        635.794257693250     
   13.2700000000000        631.900803063551     
   13.2794400000000        630.021853666875     
   13.2888700000000        631.067514344601     
   13.2983100000000        634.877835680004     
   13.3077400000000        640.204175745528     
   13.3171600000000        645.696749470045     
   13.3265900000000        650.679420125634     
   13.3360100000000        654.818939951970     
   13.3454300000000        657.650246482746     
   13.3548400000000        658.632524398110     
   13.3642500000000        657.640607031649     
   13.3736600000000        655.057633539375     
   13.3830600000000        651.233663990310     
   13.3924700000000        646.310242202273     
   13.4018600000000        640.710946815902     
   13.4112600000000        635.190660935466     
   13.4206500000000        630.483657720505     
   13.4300400000000        627.030707619695     
   13.4394300000000        625.143782819597     
   13.4488100000000        624.964256484608     
   13.4581900000000        626.233352509054     
   13.4675600000000        628.179607688738     
   13.4769400000000        629.960993954939     
   13.4863100000000        631.543895513198     
   13.4956700000000        633.807768793795     
   13.5050400000000        637.765066453990     
   13.5144000000000        643.724297879340     
   13.5237600000000        650.840522221983     
   13.5331100000000        657.395080070989     
   13.5424600000000        662.117350180025     
   13.5518100000000        665.309180592838     
   13.5611500000000        668.452826743747     
   13.5704900000000        672.888141649783     
   13.5798300000000        678.800297713565     
   13.5891700000000        685.141718444182     
   13.5985000000000        690.481841902859     
   13.6078300000000        694.042891912825     
   13.6171500000000        695.897045114957     
   13.6264800000000        696.524728761820     
   13.6358000000000        696.507692136370     
   13.6451100000000        696.399439285435     
   13.6544200000000        696.521028087274     
   13.6637300000000        697.145784465648     
   13.6730400000000        698.778285544879     
   13.6823400000000        701.923183893259     
   13.6916400000000        706.692864758810     
   13.7009400000000        712.494383989024     
   13.7102400000000        718.076149076098     
   13.7195300000000        722.365017682884     
   13.7288100000000        725.171401638035     
   13.7381000000000        726.680045063063     
   13.7473800000000        726.637708901510     
   13.7566600000000        724.450866380282     
   13.7659300000000        719.900063086706     
   13.7752000000000        713.567141344129     
   13.7844700000000        706.572922796223     
   13.7937400000000        699.731945944940     
   13.8030000000000        693.067046456819     
   13.8122600000000        686.313818611309     
   13.8215200000000        679.456865885937     
   13.8307700000000        672.597832617972     
   13.8400200000000        665.830390120427     
   13.8492600000000        659.307292208097     
   13.8585100000000        653.151878256674     
   13.8677500000000        647.339399145905     
   13.8769800000000        641.532936178234     
   13.8862200000000        635.384743797298     
   13.8954500000000        629.059108142768     
   13.9046800000000        623.216205464411     
   13.9139000000000        618.593578643706     
   13.9231200000000        615.392191989277     
   13.9323400000000        613.056456515227     
   13.9415500000000        610.666628916508     
   13.9507700000000        607.636991391165     
   13.9599700000000        604.112461411380     
   13.9691800000000        600.562926427966     
   13.9783800000000        597.099119245456     
   13.9875800000000        593.256852822551     
   13.9967800000000        588.624521211962     
   14.0059700000000        583.371636348346     
   14.0151600000000        578.056034876357     
   14.0243400000000        573.152164508288     
   14.0335300000000        568.752761294514     
   14.0427100000000        564.701470642886     
   14.0518800000000        560.735243320229     
   14.0610600000000        556.444546469700     
   14.0702300000000        551.283014105897     
   14.0794000000000        544.837733244598     
   14.0885600000000        537.160856950289     
   14.0977200000000        528.774691906875     
   14.1068800000000        520.531455383976     
   14.1160300000000        513.169496458130     
   14.1251800000000        506.823361773356     
   14.1343300000000        501.170320895692     
   14.1434800000000        495.929286960170     
   14.1526200000000        491.137287129294     
   14.1617600000000        487.007386803832     
   14.1708900000000        483.691087856933     
   14.1800300000000        481.087750597181     
   14.1891500000000        478.853938462098     
   14.1982800000000        476.497698802498     
   14.2074000000000        473.580964775697     
   14.2165200000000        469.834978939413     
   14.2256400000000        465.263171914914     
   14.2347500000000        460.144228191537     
   14.2438600000000        454.878880293091     
   14.2529700000000        449.908075606556     
   14.2620700000000        445.716420570927     
   14.2711800000000        442.750658723256     
   14.2802700000000        441.277903788637     
   14.2893700000000        441.246831544129     
   14.2984600000000        442.342935486354     
   14.3075500000000        444.061860266792     
   14.3166300000000        445.853445175844     
   14.3257100000000        447.302374056866     
   14.3347900000000        448.131299757262     
   14.3438700000000        448.107523364472     
   14.3529400000000        447.137388342442     
   14.3620100000000        445.438957247966     
   14.3710700000000        443.384773958835     
   14.3801400000000        441.179200719066     
   14.3892000000000        438.872414672374     
   14.3982500000000        436.491917518623     
   14.4073100000000        434.037251062113     
   14.4163600000000        431.504713011757     
   14.4254000000000        429.016741639242     
   14.4344500000000        426.865442569675     
   14.4434900000000        425.368183187898     
   14.4525200000000        424.656224200326     
   14.4615600000000        424.564490636099     
   14.4705900000000        424.681265551319     
   14.4796200000000        424.553411664796     
   14.4886400000000        423.839210742074     
   14.4976600000000        422.347724556255     
   14.5066800000000        420.070304858881     
   14.5157000000000        417.154726694454     
   14.5247100000000        413.805554744655     
   14.5337200000000        410.199978580828     
   14.5427200000000        406.474184768756     
   14.5517300000000        402.680337750160     
   14.5607300000000        398.902298338200     
   14.5697200000000        395.379666590078     
   14.5787100000000        392.461758430679     
   14.5877000000000        390.344457454897     
   14.5966900000000        388.876585501879     
   14.6056700000000        387.709237058824     
   14.6146600000000        386.649318110395     
   14.6236300000000        385.833802138199     
   14.6326100000000        385.508426487132     
   14.6415800000000        385.700755229824     
   14.6505400000000        386.106690657701     
   14.6595100000000        386.295552633016     
   14.6684700000000        385.958247860556     
   14.6774300000000        385.003178909614     
   14.6863800000000        383.571226799340     
   14.6953400000000        382.009046472728     
   14.7042800000000        380.733466474490     
   14.7132300000000        379.998355423993     
   14.7221700000000        379.813489670957     
   14.7311100000000        380.002927813859     
   14.7400500000000        380.292524982710     
   14.7489800000000        380.308319288561     
   14.7579100000000        379.616609909388     
   14.7668400000000        377.916141608410     
   14.7757600000000        375.221359814513     
   14.7846800000000        371.791739760728     
   14.7936000000000        367.942829931977     
   14.8025100000000        363.968974324079     
   14.8114200000000        360.145038134947     
   14.8203300000000        356.677949831084     
   14.8292300000000        353.612446460488     
   14.8381300000000        350.878538490232     
   14.8470300000000        348.460400033571     
   14.8559300000000        346.436586132623     
   14.8648200000000        344.856889280606     
   14.8737100000000        343.600397243415     
   14.8825900000000        342.408838933522     
   14.8914700000000        341.039035950613     
   14.9003500000000        339.362974290417     
   14.9092300000000        337.339158896431     
   14.9181000000000        334.982461735791     
   14.9269700000000        332.358485560816     
   14.9358400000000        329.582807060912     
   14.9447000000000        326.790220307676     
   14.9535600000000        324.073279637423     
   14.9624200000000        321.468197973503     
   14.9712700000000        318.995038617395     
   14.9801200000000        316.700606502362     
   14.9889700000000        314.684209293765     
   14.9978100000000        313.080103884646     
   15.0066500000000        311.983970662361     
   15.0154900000000        311.364240125242     
   15.0243300000000        311.029574811467     
   15.0331600000000        310.708505182600     
   15.0419900000000        310.202019063484     
   15.0508100000000        309.518661432269     
   15.0596300000000        308.853266120941     
   15.0684500000000        308.421382120732     
   15.0772700000000        308.326096603436     
   15.0860800000000        308.557728979621     
   15.0948900000000        309.040008277796     
   15.1037000000000        309.652045130456     
   15.1125000000000        310.261534871366     
   15.1213000000000        310.794271614990     
   15.1301000000000        311.272481378616     
   15.1388900000000        311.773071652519     
   15.1476800000000        312.351456587227     
   15.1564700000000        313.012218854251     
   15.1652500000000        313.736577192394     
   15.1740300000000        314.531455649692     
   15.1828100000000        315.463078066149     
   15.1915800000000        316.652607552002     
   15.2003500000000        318.237203059346     
   15.2091200000000        320.310686494560     
   15.2178900000000        322.871215480688     
   15.2266500000000        325.781074084950     
   15.2354100000000        328.802753674706     
   15.2441600000000        331.709490672691     
   15.2529200000000        334.445184367471     
   15.2616700000000        337.143538463050     
   15.2704100000000        340.070372491816     
   15.2791500000000        343.510906287163     
   15.2878900000000        347.684199691590     
   15.2966300000000        352.693643646944     
   15.3053600000000        358.473833133225     
   15.3140900000000        364.791439538656     
   15.3228200000000        371.298107163273     
   15.3315400000000        377.691279224703     
   15.3402600000000        383.885190191157     
   15.3489800000000        389.990464179379     
   15.3577000000000        396.166767970607     
   15.3664100000000        402.440050912321     
   15.3751200000000        408.635188319137     
   15.3838200000000        414.348997408822     
   15.3925200000000        419.072022079816     
   15.4012200000000        422.334596193230     
   15.4099200000000        423.862942949061     
   15.4186100000000        423.625578041857     
   15.4273000000000        421.781685576934     
   15.4359800000000        418.616590253556     
   15.4446700000000        414.512834181867     
   15.4533400000000        409.970966311017     
   15.4620200000000        405.457366777909     
   15.4706900000000        401.306377162913     
   15.4793600000000        397.631913860553     
   15.4880300000000        394.453916800316     
   15.4966900000000        391.811533245874     
   15.5053500000000        389.747441176794     
   15.5140100000000        388.212333986173     
   15.5226700000000        386.979832826736     
   15.5313200000000        385.708722228199     
   15.5399600000000        384.117616038737     
   15.5486100000000        382.102203066700     
   15.5572500000000        379.710959459809     
   15.5658900000000        377.017779312924     
   15.5745200000000        374.080785722569     
   15.5831600000000        370.958201066633     
   15.5917900000000        367.776470206544     
   15.6004100000000        364.689553185274     
   15.6090300000000        361.804578140784     
   15.6176500000000        359.139478581078     
   15.6262700000000        356.651464338412     
   15.6348800000000        354.296261172974     
   15.6434900000000        352.017192500835     
   15.6521000000000        349.701389202964     
   15.6607000000000        347.156594663152     
   15.6693000000000        344.156080216019     
   15.6779000000000        340.547202627176     
   15.6864900000000        336.333407786822     
   15.6950800000000        331.671972291500     
   15.7036700000000        326.834875736560     
   15.7122600000000        322.121194315866     
   15.7208400000000        317.786845479241     
   15.7294100000000        313.989187385402     
   15.7379900000000        310.774409590928     
   15.7465600000000        308.114604795644     
   15.7551300000000        305.914884530503     
   15.7637000000000        304.077417210853     
   15.7722600000000        302.534874538327     
   15.7808200000000        301.239812615168     
   15.7893700000000        300.128716995662     
   15.7979300000000        299.068583976364     
   15.8064700000000        297.867046278551     
   15.8150200000000        296.320062880859     
   15.8235600000000        294.309784787478     
   15.8321000000000        291.844796846887     
   15.8406400000000        289.074160265651     
   15.8491800000000        286.235327230126     
   15.8577100000000        283.564433522446     
   15.8662300000000        281.225321882716     
   15.8747600000000        279.315858672738     
   15.8832800000000        277.912976948841     
   15.8918000000000        277.058745065255     
   15.9003100000000        276.754001283245     
   15.9088200000000        276.948729323198     
   15.9173300000000        277.558036283334     
   15.9258400000000        278.489178697362     
   15.9343400000000        279.663723439950     
   15.9428400000000        281.013095736094     
   15.9513300000000        282.442417083903     
   15.9598300000000        283.833879955587     
   15.9683100000000        285.078251008938     
   15.9768000000000        286.149615521006     
   15.9852800000000        287.111180041062     
   15.9937600000000        288.097335826226     
   16.0022400000000        289.244535487917     
   16.0107100000000        290.627099882720     
   16.0191800000000        292.229436045726     
   16.0276500000000        293.950300558138     
   16.0361200000000        295.642920449433     
   16.0445800000000        297.153013242858     
   16.0530300000000        298.338665917466     
   16.0614900000000        299.073195525446     
   16.0699400000000        299.255357384571     
   16.0783900000000        298.835098236174     
   16.0868300000000        297.803004771477     
   16.0952800000000        296.155142232477     
   16.1037100000000        293.885758009076     
   16.1121500000000        290.973775902934     
   16.1205800000000        287.440874520504     
   16.1290100000000        283.346721128106     
   16.1374400000000        278.788159099795     
   16.1458600000000        273.870437447361     
   16.1542800000000        268.673961794463     
   16.1627000000000        263.282419391488     
   16.1711100000000        257.801445080322     
   16.1795200000000        252.340336121501     
   16.1879300000000        247.020717775716     
   16.1963300000000        241.966314211728     
   16.2047300000000        237.278187826036     
   16.2131300000000        233.043611016371     
   16.2215200000000        229.314394445804     
   16.2299100000000        226.072250358543     
   16.2383000000000        223.237543203012     
   16.2466900000000        220.679446416939     
   16.2550700000000        218.247386951223     
   16.2634500000000        215.795475048096     
   16.2718200000000        213.229048055280     
   16.2802000000000        210.515184442188     
   16.2885600000000        207.702688088317     
   16.2969300000000        204.842642190902     
   16.3052900000000        201.974461566975     
   16.3136500000000        199.082648278649     
   16.3220100000000        196.135821342442     
   16.3303600000000        193.127186956942     
   16.3387100000000        190.086363334848     
   16.3470600000000        187.082045053976     
   16.3554000000000        184.195682444691     
   16.3637400000000        181.486235258494     
   16.3720800000000        178.982520652509     
   16.3804200000000        176.661635302177     
   16.3887500000000        174.443780504223     
   16.3970700000000        172.209976319851     
   16.4054000000000        169.848443400899     
   16.4137200000000        167.311257795292     
   16.4220400000000        164.603239230632     
   16.4303500000000        161.786866146894     
   16.4386700000000        158.958252841301     
   16.4469700000000        156.263363541096     
   16.4552800000000        153.832258078625     
   16.4635800000000        151.769490226511     
   16.4718800000000        150.093317606478     
   16.4801800000000        148.749675533063     
   16.4884700000000        147.654275990432     
   16.4967600000000        146.742838075435     
   16.5050500000000        145.998891907867     
   16.5133300000000        145.436020900032     
   16.5216100000000        145.064513314420     
   16.5298900000000        144.873529712472     
   16.5381600000000        144.825694313474     
   16.5464300000000        144.863783207920     
   16.5547000000000        144.923243637455     
   16.5629700000000        144.940891135478     
   16.5712300000000        144.856236186243     
   16.5794900000000        144.610536397133     
   16.5877400000000        144.154000337376     
   16.5959900000000        143.457939374372     
   16.6042400000000        142.524264373287     
   16.6124900000000        141.379685445636     
   16.6207300000000        140.063064192815     
   16.6289700000000        138.609869231970     
   16.6372000000000        137.053800989027     
   16.6454400000000        135.414696489379     
   16.6536700000000        133.711734065341     
   16.6618900000000        131.958824805104     
   16.6701200000000        130.175645478179     
   16.6783400000000        128.410068800523     
   16.6865500000000        126.726238098896     
   16.6947700000000        125.195786343553     
   16.7029800000000        123.892413858257     
   16.7111900000000        122.860941747253     
   16.7193900000000        122.114081794619     
   16.7275900000000        121.623124464308     
   16.7357900000000        121.323974323779     
   16.7439800000000        121.125600361848     
   16.7521800000000        120.925933356091     
   16.7603600000000        120.636125890000     
   16.7685500000000        120.201530119860     
   16.7767300000000        119.625118685793     
   16.7849100000000        118.968568073055     
   16.7930900000000        118.336501795466     
   16.8012600000000        117.840572330435     
   16.8094300000000        117.558191607620     
   16.8175900000000        117.509313942636     
   16.8257600000000        117.651080083083     
   16.8339200000000        117.889952881017     
   16.8420700000000        118.103464038499     
   16.8502300000000        118.168704828285     
   16.8583800000000        117.994414522085     
   16.8665300000000        117.550171756619     
   16.8746700000000        116.873726368759     
   16.8828100000000        116.047925508217     
   16.8909500000000        115.164474828232     
   16.8990800000000        114.286440204733     
   16.9072100000000        113.420598337285     
   16.9153400000000        112.519107723301     
   16.9234700000000        111.501389938404     
   16.9315900000000        110.293218345008     
   16.9397100000000        108.854457863052     
   16.9478200000000        107.196344757301     
   16.9559400000000        105.363542959645     
   16.9640500000000        103.432732352481     
   16.9721500000000        101.485471977808     
   16.9802600000000        99.5963235758848     
   16.9883600000000        97.8370781739691     
   16.9964500000000        96.2535518530720     
   17.0045500000000        94.8628035971207     
   17.0126400000000        93.6635443218450     
   17.0207200000000        92.6284814205506     
   17.0288100000000        91.7156343567815     
   17.0368900000000        90.8893291030629     
   17.0449700000000        90.1250313766109     
   17.0530400000000        89.4180929542711     
   17.0611100000000        88.7706020028099     
   17.0691800000000        88.1785454171198     
