   7.15970000000000        2.53150266547837     
   7.17100000000000        2.63361917356911     
   7.18231000000000        2.78489347593702     
   7.19360000000000        2.79966593920135     
   7.20490000000000        2.85403612560245     
   7.21619000000000        2.85348040128725     
   7.22748000000000        2.74742842136306     
   7.23877000000000        2.74161022810032     
   7.25005000000000        2.72134978074917     
   7.26133000000000        2.85783822600586     
   7.27261000000000        2.93350618655266     
   7.28388000000000        2.93888011893929     
   7.29515000000000        3.21444934573354     
   7.30642000000000        3.58054879719447     
   7.31768000000000        3.89631968178713     
   7.32894000000000        4.14199739301864     
   7.34020000000000        4.26874217989489     
   7.35146000000000        4.19034245208923     
   7.36271000000000        3.95138667254109     
   7.37396000000000        3.98406846772239     
   7.38520000000000        4.13326108908148     
   7.39644000000000        4.00132351067829     
   7.40768000000000        3.96594842388294     
   7.41892000000000        4.02234141772865     
   7.43015000000000        4.27372893328510     
   7.44138000000000        4.73290251356550     
   7.45261000000000        5.30288153611964     
   7.46383000000000        5.29207497669261     
   7.47505000000000        5.01280766533571     
   7.48626000000000        5.04183161381992     
   7.49748000000000        5.59233109711241     
   7.50869000000000        6.12068161567526     
   7.51990000000000        6.50785107396318     
   7.53110000000000        6.64652326141695     
   7.54230000000000        6.45666272244916     
   7.55350000000000        6.34995298299397     
   7.56469000000000        6.61415403638585     
   7.57588000000000        7.20915765928999     
   7.58707000000000        7.96673831800175     
   7.59826000000000        8.27147255797571     
   7.60944000000000        8.44203047991874     
   7.62062000000000        8.65230789106880     
   7.63179000000000        9.02994734501247     
   7.64296000000000        9.40954113195207     
   7.65413000000000        9.52827236234714     
   7.66530000000000        8.33201611081038     
   7.67646000000000        7.14732743712503     
   7.68762000000000        6.83640367469262     
   7.69878000000000        7.13786367697847     
   7.70993000000000        8.03971203664267     
   7.72108000000000        8.95881598335010     
   7.73223000000000        9.64517865591861     
   7.74337000000000        9.69807768377951     
   7.75451000000000        10.2395612100937     
   7.76565000000000        11.1172387781351     
   7.77678000000000        11.7091637335262     
   7.78791000000000        11.7056430145416     
   7.79904000000000        11.5703807220870     
   7.81017000000000        11.8027404204410     
   7.82129000000000        12.3586614451152     
   7.83241000000000        13.1233021170737     
   7.84352000000000        13.6970937204775     
   7.85463000000000        13.7792069629146     
   7.86574000000000        12.5728593147101     
   7.87685000000000        11.0427346870389     
   7.88795000000000        10.2523560904915     
   7.89905000000000        10.3892518008268     
   7.91015000000000        11.0393527009728     
   7.92124000000000        11.4447456719957     
   7.93233000000000        11.8218486084647     
   7.94342000000000        12.0908026239902     
   7.95450000000000        12.2167286112908     
   7.96558000000000        12.5463213216898     
   7.97666000000000        13.0530317608113     
   7.98773000000000        13.1834686314552     
   7.99880000000000        12.5287895734631     
   8.00987000000000        11.4921455109337     
   8.02093000000000        11.2187210084651     
   8.03200000000000        11.5593390773767     
   8.04305000000000        12.5734817899119     
   8.05411000000000        13.5113478318841     
   8.06516000000000        14.2378207512710     
   8.07621000000000        14.8057311733935     
   8.08726000000000        14.7913958594801     
   8.09830000000000        14.8505589244512     
   8.10934000000000        15.2563315567776     
   8.12037000000000        16.1303593736317     
   8.13141000000000        16.8491188903086     
   8.14244000000000        17.0872560412583     
   8.15346000000000        17.2021150651033     
   8.16449000000000        17.1143532408597     
   8.17551000000000        16.7060632311307     
   8.18652000000000        16.1632214377433     
   8.19754000000000        15.7349908230820     
   8.20855000000000        14.5801690623370     
   8.21955000000000        12.5318514448270     
   8.23056000000000        10.6137515110339     
   8.24156000000000        9.87124139006990     
   8.25256000000000        10.0605616874564     
   8.26355000000000        10.5865208403682     
   8.27454000000000        11.3348039309120     
   8.28553000000000        12.0216814046628     
   8.29652000000000        12.4130817571781     
   8.30750000000000        12.9765683549863     
   8.31848000000000        13.6932502568585     
   8.32946000000000        14.5473537182972     
   8.34043000000000        15.2222470889619     
   8.35140000000000        15.4970559953572     
   8.36236000000000        15.3125362488665     
   8.37333000000000        14.6802544075817     
   8.38429000000000        14.4760041846787     
   8.39524000000000        14.9575352785736     
   8.40620000000000        15.9231273474614     
   8.41715000000000        16.8907177474333     
   8.42810000000000        17.8836099488918     
   8.43904000000000        18.5218668024237     
   8.44998000000000        18.0021275608329     
   8.46092000000000        16.5080203389020     
   8.47185000000000        15.6390479011565     
   8.48278000000000        15.8283173749824     
   8.49371000000000        16.6433848540978     
   8.50464000000000        17.7255985495909     
   8.51556000000000        18.6014185928668     
   8.52648000000000        18.8656276490610     
   8.53739000000000        18.1443231576621     
   8.54831000000000        17.6735661074637     
   8.55922000000000        17.8254862205347     
   8.57012000000000        18.5594256146970     
   8.58103000000000        19.5151101446542     
   8.59193000000000        20.6099701367383     
   8.60282000000000        20.8722666981075     
   8.61372000000000        19.7804080715101     
   8.62461000000000        18.1225894412786     
   8.63549000000000        17.0735281519880     
   8.64638000000000        17.1162336250409     
   8.65726000000000        18.0612138508116     
   8.66814000000000        19.6534266046264     
   8.67901000000000        21.2319518282688     
   8.68988000000000        22.0170474914589     
   8.70075000000000        21.8603179218465     
   8.71161000000000        21.5277370862023     
   8.72248000000000        21.7589584485003     
   8.73333000000000        22.5740398492208     
   8.74419000000000        23.6242223298443     
   8.75504000000000        24.1497665359652     
   8.76589000000000        23.7632945920475     
   8.77674000000000        22.4927581585562     
   8.78758000000000        21.1352377481662     
   8.79842000000000        20.0564090295264     
   8.80926000000000        19.4474427516257     
   8.82009000000000        19.2679453481554     
   8.83092000000000        19.2355159561354     
   8.84175000000000        19.2021891083082     
   8.85257000000000        18.6984369678188     
   8.86339000000000        17.5793088486400     
   8.87421000000000        15.9107419160907     
   8.88502000000000        14.3810021971478     
   8.89583000000000        13.5792799768777     
   8.90664000000000        13.3463031645810     
   8.91745000000000        13.3049288271337     
   8.92825000000000        13.4197714645994     
   8.93905000000000        13.5433687232305     
   8.94984000000000        13.5988927305033     
   8.96063000000000        13.5636936861814     
   8.97142000000000        13.4597244341496     
   8.98221000000000        13.4618942206161     
   8.99299000000000        13.5963382735774     
   9.00377000000000        13.7857811046794     
   9.01455000000000        14.0030639864007     
   9.02532000000000        14.0139755101920     
   9.03609000000000        13.5106095711356     
   9.04686000000000        12.5891547980686     
   9.05762000000000        11.4843214071945     
   9.06838000000000        10.6810611967329     
   9.07914000000000        10.1994799714976     
   9.08989000000000        9.88863677705131     
   9.10064000000000        9.82407268733532     
   9.11139000000000        10.0786699170898     
   9.12214000000000        10.3412019417723     
   9.13288000000000        10.2486501616456     
   9.14362000000000        9.95428777078640     
   9.15435000000000        9.94557011155526     
   9.16508000000000        10.0205145696777     
   9.17581000000000        10.0120635775615     
   9.18654000000000        10.0256514098338     
   9.19726000000000        9.96856717007265     
   9.20798000000000        10.0707788480214     
   9.21870000000000        10.4634337834301     
   9.22941000000000        11.0167795009060     
   9.24012000000000        11.3914768279738     
   9.25082000000000        11.4315512518017     
   9.26153000000000        11.4840352601285     
   9.27223000000000        11.6819441220299     
   9.28293000000000        11.9805072759585     
   9.29362000000000        12.1929520660385     
   9.30431000000000        12.4982543127531     
   9.31500000000000        12.7256627910351     
   9.32568000000000        12.5682373772461     
   9.33636000000000        12.4336476250889     
   9.34704000000000        12.3922004460631     
   9.35772000000000        12.2051355475072     
   9.36839000000000        11.7762008596404     
   9.37906000000000        11.4664972160920     
   9.38972000000000        11.5950436962424     
   9.40038000000000        11.9783620336114     
   9.41104000000000        12.5294460350611     
   9.42170000000000        13.1085038690721     
   9.43235000000000        13.6723351339793     
   9.44300000000000        14.3583632928471     
   9.45365000000000        15.0297245476116     
   9.46429000000000        15.6059936436287     
   9.47493000000000        16.0032460292693     
   9.48557000000000        16.0297538736489     
   9.49620000000000        15.9923118651255     
   9.50683000000000        16.1680082542014     
   9.51746000000000        16.5643152283138     
   9.52808000000000        16.8421560638962     
   9.53871000000000        16.7860889450319     
   9.54932000000000        16.5017889498049     
   9.55994000000000        16.1175959470846     
   9.57055000000000        15.9631239606671     
   9.58116000000000        16.4215215917167     
   9.59176000000000        17.3481147951440     
   9.60237000000000        18.2797595812258     
   9.61296000000000        19.1365347857472     
   9.62356000000000        20.3888020656035     
   9.63415000000000        21.7928620607726     
   9.64474000000000        22.8725401053855     
   9.65533000000000        23.6182928256845     
   9.66591000000000        23.8932019163939     
   9.67649000000000        23.8252228538835     
   9.68707000000000        23.4683071692431     
   9.69764000000000        22.6411943913201     
   9.70821000000000        22.2940588065590     
   9.71878000000000        22.7210464321762     
   9.72934000000000        23.7748167303938     
   9.73990000000000        25.2420619734404     
   9.75046000000000        26.8093828060886     
   9.76102000000000        28.6103465089024     
   9.77157000000000        30.3393523111210     
   9.78212000000000        31.7211391723941     
   9.79266000000000        33.0094276638405     
   9.80320000000000        33.7926215037983     
   9.81374000000000        33.9107196695740     
   9.82428000000000        33.9425962405169     
   9.83481000000000        34.0162724700316     
   9.84534000000000        34.2977607599799     
   9.85586000000000        35.0742036587155     
   9.86639000000000        35.6042705342707     
   9.87691000000000        35.4505938431438     
   9.88742000000000        34.6645409530852     
   9.89794000000000        33.4568356985008     
   9.90845000000000        32.3467078068069     
   9.91895000000000        31.3405571414000     
   9.92946000000000        30.2049588738579     
   9.93996000000000        29.7562577059453     
   9.95046000000000        30.5228096841100     
   9.96095000000000        32.3575164186608     
   9.97144000000000        34.3909443056590     
   9.98193000000000        35.8880409768659     
   9.99242000000000        36.8621663426855     
   10.0029000000000        37.4327066005340     
   10.0133800000000        37.3116965954193     
   10.0238500000000        36.4353631904633     
   10.0343200000000        35.0439481907316     
   10.0447900000000        33.5761396739716     
   10.0552600000000        32.5302592330394     
   10.0657200000000        31.9764667482794     
   10.0761800000000        31.8835690469058     
   10.0866400000000        32.4981794264236     
   10.0970900000000        33.6501526209842     
   10.1075400000000        35.0761942590886     
   10.1179900000000        36.7674045657168     
   10.1284300000000        38.5319261132801     
   10.1388700000000        40.0088241350040     
   10.1493100000000        40.8456381673351     
   10.1597400000000        41.2170882608223     
   10.1701700000000        41.7731737255404     
   10.1806000000000        42.7293448875284     
   10.1910300000000        43.4192693135472     
   10.2014500000000        43.5755563344124     
   10.2118700000000        43.0514104100870     
   10.2222800000000        42.0685080612105     
   10.2326900000000        41.0521104825491     
   10.2431000000000        40.1310595863963     
   10.2535100000000        38.8741163378429     
   10.2639100000000        37.5471063627485     
   10.2743100000000        36.6777262077195     
   10.2847100000000        36.2127921093859     
   10.2951000000000        35.8627786498599     
   10.3054900000000        35.5412068059474     
   10.3158800000000        35.2099312343631     
   10.3262600000000        34.8950967208700     
   10.3366400000000        34.5375324653699     
   10.3470200000000        34.0682495892607     
   10.3573900000000        33.6118216404803     
   10.3677600000000        33.0257725712120     
   10.3781300000000        31.9926170439782     
   10.3884900000000        30.3981836792356     
   10.3988600000000        28.1978654634416     
   10.4092100000000        25.9390187278078     
   10.4195700000000        24.1297399942531     
   10.4299200000000        22.9486872804893     
   10.4402700000000        22.2881499043439     
   10.4506100000000        21.9682163741258     
   10.4609600000000        21.8388955252143     
   10.4713000000000        22.0507794333168     
   10.4816300000000        22.6230047125205     
   10.4919600000000        23.3386048356017     
   10.5022900000000        23.8639680329682     
   10.5126200000000        24.0625786557965     
   10.5229400000000        24.2202881100038     
   10.5332600000000        24.5760092347492     
   10.5435800000000        25.1159357814140     
   10.5539000000000        25.7663909049996     
   10.5642100000000        26.2439139414939     
   10.5745100000000        26.1471210814492     
   10.5848200000000        25.4518572416898     
   10.5951200000000        24.3370105649869     
   10.6054200000000        22.9044207030507     
   10.6157100000000        21.3324657919848     
   10.6260000000000        19.6924281843747     
   10.6362900000000        17.8076118917537     
   10.6465800000000        15.7646710920187     
   10.6568600000000        13.9816051129858     
   10.6671400000000        12.8527829283654     
   10.6774100000000        12.3285492664936     
   10.6876900000000        12.1232358458354     
   10.6979600000000        12.1204941724328     
   10.7082200000000        12.2496475956060     
   10.7184900000000        12.5493819821239     
   10.7287500000000        12.9675175911704     
   10.7390000000000        13.3026091511934     
   10.7492600000000        13.4130855593595     
   10.7595100000000        13.3211634567215     
   10.7697500000000        13.1128206207923     
   10.7800000000000        12.9438187905339     
   10.7902400000000        12.9404117455859     
   10.8004800000000        13.0252659089763     
   10.8107100000000        13.0129677864426     
   10.8209400000000        12.8593791594415     
   10.8311700000000        12.5200708099550     
   10.8414000000000        12.0304717529754     
   10.8516200000000        11.6304663869300     
   10.8618400000000        11.3844959900329     
   10.8720500000000        11.2293042668141     
   10.8822700000000        11.1285111584683     
   10.8924800000000        11.0955647504979     
   10.9026800000000        11.1926906174056     
   10.9128800000000        11.4102977017112     
   10.9230800000000        11.6842291430425     
   10.9332800000000        11.9037022909322     
   10.9434700000000        11.9322285269095     
   10.9536600000000        11.6865596249018     
   10.9638500000000        11.2416133328039     
   10.9740400000000        10.7541415198156     
   10.9842200000000        10.3765676219945     
   10.9943900000000        10.1340158261452     
   11.0045700000000        9.88941756519599     
   11.0147400000000        9.54913912630708     
   11.0249100000000        9.16850470044622     
   11.0350700000000        8.82237687422159     
   11.0452300000000        8.48648274544246     
   11.0553900000000        8.07863359850815     
   11.0655500000000        7.63528993576634     
   11.0757000000000        7.21065868792650     
   11.0858500000000        6.85779920877981     
   11.0960000000000        6.62854903384097     
   11.1061400000000        6.53076527700178     
   11.1162800000000        6.50695891990001     
   11.1264200000000        6.54884892087018     
   11.1365500000000        6.71558042601388     
   11.1466800000000        7.00332489552715     
   11.1568100000000        7.30222720017791     
   11.1669300000000        7.54033633797126     
   11.1770500000000        7.74589920583779     
   11.1871700000000        7.95730749733759     
   11.1972800000000        8.14705227064699     
   11.2073900000000        8.25551766703961     
   11.2175000000000        8.37273454028936     
   11.2276100000000        8.61052129669470     
   11.2377100000000        8.95067983760486     
   11.2478100000000        9.35545719565893     
   11.2579000000000        9.80418949502967     
   11.2679900000000        10.2149357903182     
   11.2780800000000        10.5322296387679     
   11.2881700000000        10.8312857735710     
   11.2982500000000        11.1264320598336     
   11.3083300000000        11.3885097098492     
   11.3184100000000        11.6084831132121     
   11.3284800000000        11.7719601218014     
   11.3385500000000        11.9467010760538     
   11.3486200000000        12.2093660391682     
   11.3586800000000        12.5578081294443     
   11.3687400000000        12.9184284743881     
   11.3788000000000        13.1372176576460     
   11.3888500000000        13.1113143198085     
   11.3989000000000        12.9399491209652     
   11.4089500000000        12.7601631348557     
   11.4189900000000        12.5616221210166     
   11.4290400000000        12.2199999967604     
   11.4390700000000        11.7198031081812     
   11.4491100000000        11.2692300857726     
   11.4591400000000        11.0377767289839     
   11.4691700000000        11.0091307226039     
   11.4792000000000        11.0726542608568     
   11.4892200000000        11.1576402128928     
   11.4992400000000        11.2676087145029     
   11.5092500000000        11.4127901337055     
   11.5192700000000        11.6492850029986     
   11.5292800000000        11.9784183922725     
   11.5392800000000        12.3243332657113     
   11.5492900000000        12.6753345462326     
   11.5592900000000        13.1019728684350     
   11.5692800000000        13.6647572510631     
   11.5792800000000        14.3555821892825     
   11.5892700000000        15.1035090860798     
   11.5992600000000        15.8165494738437     
   11.6092400000000        16.4084383483184     
   11.6192200000000        16.8238293871395     
   11.6292000000000        17.1462386246501     
   11.6391700000000        17.5322430559566     
   11.6491500000000        18.0734814456478     
   11.6591200000000        18.7719947957341     
   11.6690800000000        19.4784447463408     
   11.6790400000000        20.0145851060325     
   11.6890000000000        20.4064070939922     
   11.6989600000000        20.7757209794023     
   11.7089100000000        21.1715534255384     
   11.7188600000000        21.5840213157212     
   11.7288100000000        22.0272938492105     
   11.7387500000000        22.5673569548755     
   11.7486900000000        23.2459055991818     
   11.7586300000000        24.0367299927951     
   11.7685600000000        24.8174489863664     
   11.7784900000000        25.4696463260463     
   11.7884200000000        25.9727120236428     
   11.7983400000000        26.2861428487986     
   11.8082600000000        26.4097827169968     
   11.8181800000000        26.3682895661585     
   11.8281000000000        26.1071038467055     
   11.8380100000000        25.6810018752872     
   11.8479200000000        25.2897577566609     
   11.8578200000000        25.1081796187936     
   11.8677200000000        25.1100362964995     
   11.8776200000000        25.1012076460043     
   11.8875200000000        24.9206310763570     
   11.8974100000000        24.5898171741895     
   11.9073000000000        24.2059605801969     
   11.9171900000000        23.8107669629224     
   11.9270700000000        23.4676533751629     
   11.9369500000000        23.2622347144235     
   11.9468300000000        23.2492910463740     
   11.9567000000000        23.3972557423658     
   11.9665700000000        23.5957649380675     
   11.9764400000000        23.7901127174960     
   11.9863000000000        24.0405925478933     
   11.9961600000000        24.4091104149959     
   12.0060200000000        24.8422604780174     
   12.0158700000000        25.3249908782224     
   12.0257300000000        25.9592104287948     
   12.0355700000000        26.7822056255579     
   12.0454200000000        27.7392980063065     
   12.0552600000000        28.7822770023324     
   12.0651000000000        29.9290218215542     
   12.0749400000000        31.1826231799827     
   12.0847700000000        32.4506954616607     
   12.0946000000000        33.6235572601202     
   12.1044200000000        34.6357814782574     
   12.1142500000000        35.5347643444817     
   12.1240700000000        36.4211554241737     
   12.1338800000000        37.2813520118190     
   12.1437000000000        37.9226055196851     
   12.1535100000000        38.1603485093073     
   12.1633100000000        38.0363701246842     
   12.1731200000000        37.7645717540827     
   12.1829200000000        37.5199934483174     
   12.1927200000000        37.3767200305567     
   12.2025100000000        37.4059682471151     
   12.2123000000000        37.5905826549982     
   12.2220900000000        37.7699338407914     
   12.2318700000000        37.8335148709706     
   12.2416600000000        37.8198822872520     
   12.2514300000000        37.7751096417026     
   12.2612100000000        37.6968156635491     
   12.2709800000000        37.5442790112273     
   12.2807500000000        37.2060505247246     
   12.2905200000000        36.6665130738096     
   12.3002800000000        36.1083052722203     
   12.3100400000000        35.6957132919144     
   12.3198000000000        35.4251903700536     
   12.3295500000000        35.1569736885810     
   12.3393000000000        34.8155600352360     
   12.3490500000000        34.5198696567602     
   12.3587900000000        34.3878790225621     
   12.3685300000000        34.3659890521531     
   12.3782700000000        34.3130838510106     
   12.3880000000000        34.1922437444350     
   12.3977300000000        34.1030737630700     
   12.4074600000000        34.1243682537510     
   12.4171800000000        34.1944762105025     
   12.4269100000000        34.2278591631314     
   12.4366200000000        34.2161222015827     
   12.4463400000000        34.1556593488933     
   12.4560500000000        34.0422655405933     
   12.4657600000000        33.9025224642587     
   12.4754700000000        33.7992268293486     
   12.4851700000000        33.7997995623096     
   12.4948700000000        33.9106383117434     
   12.5045600000000        34.0736265579065     
   12.5142600000000        34.2260991074642     
   12.5239500000000        34.3837734209810     
   12.5336300000000        34.6380465080110     
   12.5433200000000        35.0500786342104     
   12.5530000000000        35.6084161545205     
   12.5626800000000        36.2593756051095     
   12.5723500000000        36.8872209758205     
   12.5820200000000        37.4052109160026     
   12.5916900000000        37.8604815521571     
   12.6013500000000        38.3162726064757     
   12.6110100000000        38.7677590573535     
   12.6206700000000        39.2237836038110     
   12.6303300000000        39.7213501638585     
   12.6399800000000        40.2568459206805     
   12.6496300000000        40.7684194342553     
   12.6592700000000        41.2270092745648     
   12.6689200000000        41.6722190849235     
   12.6785500000000        42.1507545002396     
   12.6881900000000        42.6743626979909     
   12.6978200000000        43.2060318344194     
   12.7074500000000        43.7154061688150     
   12.7170800000000        44.2498807332203     
   12.7267000000000        44.9271258159067     
   12.7363200000000        45.8084613122844     
   12.7459400000000        46.7547464626421     
   12.7555500000000        47.5407121809371     
   12.7651600000000        48.1006665768410     
   12.7747700000000        48.5160811105671     
   12.7843800000000        48.8701648408286     
   12.7939800000000        49.1824331597564     
   12.8035800000000        49.4133455918916     
   12.8131700000000        49.5416442014873     
   12.8227600000000        49.6018272706250     
   12.8323500000000        49.6687764298125     
   12.8419400000000        49.8255420448100     
   12.8515200000000        50.1389496753043     
   12.8611000000000        50.6516394370571     
   12.8706700000000        51.3427870240662     
   12.8802500000000        52.1195485146262     
   12.8898100000000        52.8341053363200     
   12.8993800000000        53.3665406079832     
   12.9089400000000        53.7318042408087     
   12.9185000000000        54.0424280676901     
   12.9280600000000        54.3491117724824     
   12.9376100000000        54.6144930396781     
   12.9471700000000        54.7947550902098     
   12.9567100000000        54.8786564596180     
   12.9662600000000        54.8721180832699     
   12.9758000000000        54.7972026579420     
   12.9853400000000        54.7331633960112     
   12.9948700000000        54.7988180166935     
   13.0044000000000        55.0594168755332     
   13.0139300000000        55.5064918963475     
   13.0234600000000        56.0646003529806     
   13.0329800000000        56.5785725114617     
   13.0425000000000        56.8994683031594     
   13.0520100000000        57.0012201441376     
   13.0615200000000        56.9862849065990     
   13.0710300000000        56.9992816197755     
   13.0805400000000        57.1302761492005     
   13.0900400000000        57.3299107752504     
   13.0995400000000        57.4407004577519     
   13.1090400000000        57.4129129466459     
   13.1185300000000        57.3843084930153     
   13.1280200000000        57.4431867331175     
   13.1375100000000        57.4955886018323     
   13.1469900000000        57.4005836176452     
   13.1564700000000        57.0940219879232     
   13.1659500000000        56.6178026504779     
   13.1754300000000        56.1127571007116     
   13.1849000000000        55.7453196807316     
   13.1943700000000        55.5974205454513     
   13.2038300000000        55.6178160451513     
   13.2132900000000        55.6743587427534     
   13.2227500000000        55.6535401211559     
   13.2322100000000        55.4907664984373     
   13.2416600000000        55.1469908917143     
   13.2511100000000        54.6523586907478     
   13.2605500000000        54.1285182855037     
   13.2700000000000        53.7237281718286     
   13.2794400000000        53.5631524459449     
   13.2888700000000        53.7060017561496     
   13.2983100000000        54.1043487284815     
   13.3077400000000        54.6350223341817     
   13.3171600000000        55.1882726704598     
   13.3265900000000        55.6718587160627     
   13.3360100000000        55.9980304255577     
   13.3454300000000        56.1338049720922     
   13.3548400000000        56.1146103506746     
   13.3642500000000        56.0076653497579     
   13.3736600000000        55.8490360838247     
   13.3830600000000        55.6059039479721     
   13.3924700000000        55.2323181038800     
   13.4018600000000        54.7376218254999     
   13.4112600000000        54.1813797468556     
   13.4206500000000        53.6547857884824     
   13.4300400000000        53.2435503461949     
   13.4394300000000        52.9820340769703     
   13.4488100000000        52.8486274796217     
   13.4581900000000        52.8203007044549     
   13.4675600000000        52.8949081225110     
   13.4769400000000        53.0794602726004     
   13.4863100000000        53.4083991676034     
   13.4956700000000        53.9417250380250     
   13.5050400000000        54.7269120871525     
   13.5144000000000        55.7492256837013     
   13.5237600000000        56.9162073352389     
   13.5331100000000        58.0937558780498     
   13.5424600000000        59.1892277491114     
   13.5518100000000        60.2040963441237     
   13.5611500000000        61.2040662770609     
   13.5704900000000        62.2509698431162     
   13.5798300000000        63.3494234420037     
   13.5891700000000        64.4237372694536     
   13.5985000000000        65.3544084176154     
   13.6078300000000        66.0614148296942     
   13.6171500000000        66.5290583278047     
   13.6264800000000        66.7742899115234     
   13.6358000000000        66.8331748708772     
   13.6451100000000        66.7873069557479     
   13.6544200000000        66.7531219110125     
   13.6637300000000        66.8443275024819     
   13.6730400000000        67.1274187824098     
   13.6823400000000        67.6028737353619     
   13.6916400000000        68.2294741687299     
   13.7009400000000        68.9242297926751     
   13.7102400000000        69.5703658427697     
   13.7195300000000        70.1044647377761     
   13.7288100000000        70.5631078233074     
   13.7381000000000        70.9846561838099     
   13.7473800000000        71.3258061471468     
   13.7566600000000        71.5014197367969     
   13.7659300000000        71.4389001538728     
   13.7752000000000        71.1217211156566     
   13.7844700000000        70.6117560202134     
   13.7937400000000        69.9866210859021     
   13.8030000000000        69.2751847075666     
   13.8122600000000        68.4925326423264     
   13.8215200000000        67.6737199020592     
   13.8307700000000        66.8417498933599     
   13.8400200000000        66.0113936641801     
   13.8492600000000        65.2315229132584     
   13.8585100000000        64.5673178484700     
   13.8677500000000        64.0459182668193     
   13.8769800000000        63.6135240607701     
   13.8862200000000        63.1902768224502     
   13.8954500000000        62.7526005750280     
   13.9046800000000        62.3370901154233     
   13.9139000000000        62.0023544213113     
   13.9231200000000        61.7678339406268     
   13.9323400000000        61.5789639528633     
   13.9415500000000        61.3444987753565     
   13.9507700000000        61.0164879653880     
   13.9599700000000        60.6403037195962     
   13.9691800000000        60.2991019029531     
   13.9783800000000        60.0078760422427     
   13.9875800000000        59.6903625435935     
   13.9967800000000        59.2799812704820     
   14.0059700000000        58.7773998818325     
   14.0151600000000        58.2221859562360     
   14.0243400000000        57.6792484236377     
   14.0335300000000        57.2131240994339     
   14.0427100000000        56.8419009026508     
   14.0518800000000        56.5272248215837     
   14.0610600000000        56.2155625370833     
   14.0702300000000        55.8639498609578     
   14.0794000000000        55.4272238698561     
   14.0885600000000        54.8544594278450     
   14.0977200000000        54.1240691350903     
   14.1068800000000        53.2816722423630     
   14.1160300000000        52.4067248717598     
   14.1251800000000        51.5521707129937     
   14.1343300000000        50.7485955890304     
   14.1434800000000        50.0280329465775     
   14.1526200000000        49.4168455462008     
   14.1617600000000        48.9199613556563     
   14.1708900000000        48.5374259204057     
   14.1800300000000        48.2662329073102     
   14.1891500000000        48.0766480697722     
   14.1982800000000        47.9029403460657     
   14.2074000000000        47.6777770161201     
   14.2165200000000        47.3681161240302     
   14.2256400000000        46.9943991313945     
   14.2347500000000        46.6142247583986     
   14.2438600000000        46.2824160779600     
   14.2529700000000        46.0368582489316     
   14.2620700000000        45.9194097035490     
   14.2711800000000        45.9895359348375     
   14.2802700000000        46.2916666370592     
   14.2893700000000        46.8158366636313     
   14.2984600000000        47.4986229042441     
   14.3075500000000        48.2557460215650     
   14.3166300000000        49.0052206576419     
   14.3257100000000        49.6957479017555     
   14.3347900000000        50.3116362033926     
   14.3438700000000        50.8488313096127     
   14.3529400000000        51.3027362421526     
   14.3620100000000        51.6891674645946     
   14.3710700000000        52.0291156367737     
   14.3801400000000        52.3283990300458     
   14.3892000000000        52.6101445934070     
   14.3982500000000        52.9338671318934     
   14.4073100000000        53.3359152336572     
   14.4163600000000        53.7846714676218     
   14.4254000000000        54.2190814451262     
   14.4344500000000        54.6010623139735     
   14.4434900000000        54.9262354334460     
   14.4525200000000        55.2084164486085     
   14.4615600000000        55.4551481181866     
   14.4705900000000        55.6538466578548     
   14.4796200000000        55.7669189097706     
   14.4886400000000        55.7409321514248     
   14.4976600000000        55.5558021001737     
   14.5066800000000        55.2598398267083     
   14.5157000000000        54.9400383483675     
   14.5247100000000        54.6701019409515     
   14.5337200000000        54.4864630762936     
   14.5427200000000        54.3860637485449     
   14.5517300000000        54.3156322881884     
   14.5607300000000        54.1833349420115     
   14.5697200000000        53.9278766900228     
   14.5787100000000        53.5827654302784     
   14.5877000000000        53.2466324364176     
   14.5966900000000        52.9983724396404     
   14.6056700000000        52.8633910250315     
   14.6146600000000        52.8495283707270     
   14.6236300000000        52.9815985345030     
   14.6326100000000        53.2774256201442     
   14.6415800000000        53.6995679986726     
   14.6505400000000        54.1560657419829     
   14.6595100000000        54.5567209110330     
   14.6684700000000        54.8711823098794     
   14.6774300000000        55.1469904277593     
   14.6863800000000        55.4650115857997     
   14.6953400000000        55.8814570266790     
   14.7042800000000        56.4016563168709     
   14.7132300000000        57.0083179962903     
   14.7221700000000        57.6803829877509     
   14.7311100000000        58.3911561914906     
   14.7400500000000        59.0770379797943     
   14.7489800000000        59.6287853061438     
   14.7579100000000        59.9427970348468     
   14.7668400000000        60.0003474312436     
   14.7757600000000        59.8919028274532     
   14.7846800000000        59.7392288149075     
   14.7936000000000        59.6035476461413     
   14.8025100000000        59.4858741810200     
   14.8114200000000        59.3944337468146     
   14.8203300000000        59.3685742401606     
   14.8292300000000        59.4445656035361     
   14.8381300000000        59.6445305537591     
   14.8470300000000        59.9899336932214     
   14.8559300000000        60.4858736961404     
   14.8648200000000        61.0884740352125     
   14.8737100000000        61.7060964433078     
   14.8825900000000        62.2361287598456     
   14.8914700000000        62.6094693883721     
   14.9003500000000        62.7887796670501     
   14.9092300000000        62.7481681512609     
   14.9181000000000        62.4807457598142     
   14.9269700000000        62.0204918733969     
   14.9358400000000        61.4392202516350     
   14.9447000000000        60.8159620484243     
   14.9535600000000        60.2037305505808     
   14.9624200000000        59.6292380394148     
   14.9712700000000        59.1159493814288     
   14.9801200000000        58.6970645995027     
   14.9889700000000        58.4092244892844     
   14.9978100000000        58.2776508531147     
   15.0066500000000        58.3024826602709     
   15.0154900000000        58.4487423356318     
   15.0243300000000        58.6563161979639     
   15.0331600000000        58.8767480951044     
   15.0419900000000        59.1112450053450     
   15.0508100000000        59.4176726923643     
   15.0596300000000        59.8810935758168     
   15.0684500000000        60.5661085448145     
   15.0772700000000        61.4951213704082     
   15.0860800000000        62.6534490163949     
   15.0948900000000        63.9886039700846     
   15.1037000000000        65.3908475591755     
   15.1125000000000        66.7141458615326     
   15.1213000000000        67.8490434189278     
   15.1301000000000        68.7728184244910     
   15.1388900000000        69.5380788176973     
   15.1476800000000        70.2168018503197     
   15.1564700000000        70.8565051247372     
   15.1652500000000        71.4792236630926     
   15.1740300000000        72.0971445377721     
   15.1828100000000        72.7164332923791     
   15.1915800000000        73.3363447874428     
   15.2003500000000        73.9561125788005     
   15.2091200000000        74.5856392436631     
   15.2178900000000        75.2501586870368     
   15.2266500000000        75.9688953146700     
   15.2354100000000        76.7353897356351     
   15.2441600000000        77.5298128204475     
   15.2529200000000        78.3636649235682     
   15.2616700000000        79.2851324388519     
   15.2704100000000        80.3543294207330     
   15.2791500000000        81.6107637131383     
   15.2878900000000        83.0635604286396     
   15.2966300000000        84.6963119632917     
   15.3053600000000        86.4566179248515     
   15.3140900000000        88.2478897622639     
   15.3228200000000        89.9398389196368     
   15.3315400000000        91.4254587501034     
   15.3402600000000        92.6812489837957     
   15.3489800000000        93.7650753673932     
   15.3577000000000        94.7733822304155     
   15.3664100000000        95.7923993974303     
   15.3751200000000        96.8672259639871     
   15.3838200000000        97.9631311297511     
   15.3925200000000        98.9590712188634     
   15.4012200000000        99.6870272549000     
   15.4099200000000        100.010627556747     
   15.4186100000000        99.8810761563144     
   15.4273000000000        99.3378709833798     
   15.4359800000000        98.4747652879412     
   15.4446700000000        97.4091209706463     
   15.4533400000000        96.2805619758286     
   15.4620200000000        95.2145575806274     
   15.4706900000000        94.2944035630265     
   15.4793600000000        93.5343280043393     
   15.4880300000000        92.9145137841121     
   15.4966900000000        92.4187144034342     
   15.5053500000000        92.0373692677562     
   15.5140100000000        91.7424143647226     
   15.5226700000000        91.4600230055147     
   15.5313200000000        91.0857034492262     
   15.5399600000000        90.5456867629895     
   15.5486100000000        89.8474759341003     
   15.5572500000000        89.0711915097720     
   15.5658900000000        88.3068269365135     
   15.5745200000000        87.6210218521354     
   15.5831600000000        87.0584571366588     
   15.5917900000000        86.6606725102663     
   15.6004100000000        86.4483633995723     
   15.6090300000000        86.3951634088137     
   15.6176500000000        86.4284021581236     
   15.6262700000000        86.4687674534485     
   15.6348800000000        86.4690937999290     
   15.6434900000000        86.4131196321910     
   15.6521000000000        86.2848422860729     
   15.6607000000000        86.0482573162075     
   15.6693000000000        85.6580952030516     
   15.6779000000000        85.0915651487827     
   15.6864900000000        84.3719361529436     
   15.6950800000000        83.5665267004917     
   15.7036700000000        82.7734615400432     
   15.7122600000000        82.0972767083996     
   15.7208400000000        81.6205763631500     
   15.7294100000000        81.3763713916678     
   15.7379900000000        81.3404727528303     
   15.7465600000000        81.4479575781955     
   15.7551300000000        81.6250503115475     
   15.7637000000000        81.8205820321481     
   15.7722600000000        82.0182364842260     
   15.7808200000000        82.2265693335550     
   15.7893700000000        82.4558236592476     
   15.7979300000000        82.7029990119340     
   15.8064700000000        82.9503930074983     
   15.8150200000000        83.1809180430975     
   15.8235600000000        83.3802865661224     
   15.8321000000000        83.5360186604315     
   15.8406400000000        83.6409267466098     
   15.8491800000000        83.7024510126748     
   15.8577100000000        83.7382584023037     
   15.8662300000000        83.7655531218121     
   15.8747600000000        83.8016050826000     
   15.8832800000000        83.8700775681032     
   15.8918000000000        83.9994606686408     
   15.9003100000000        84.2124131517564     
   15.9088200000000        84.5162475793657     
   15.9173300000000        84.8999845366876     
   15.9258400000000        85.3449504094338     
   15.9343400000000        85.8410001334996     
   15.9428400000000        86.3937734904810     
   15.9513300000000        87.0111550443387     
   15.9598300000000        87.6945164955513     
   15.9683100000000        88.4342506678064     
   15.9768000000000        89.2312755334020     
   15.9852800000000        90.0980953323428     
   15.9937600000000        91.0653650024985     
   16.0022400000000        92.1651544178108     
   16.0107100000000        93.4110377270341     
   16.0191800000000        94.7848770046041     
   16.0276500000000        96.2246889351468     
   16.0361200000000        97.6358962516739     
   16.0445800000000        98.9150080486899     
   16.0530300000000        99.9760168376324     
   16.0614900000000        100.761058465914     
   16.0699400000000        101.237923265623     
   16.0783900000000        101.404461037146     
   16.0868300000000        101.270316780412     
   16.0952800000000        100.836638737592     
   16.1037100000000        100.091008753047     
   16.1121500000000        99.0158019699197     
   16.1205800000000        97.6245580077194     
   16.1290100000000        95.9685556090468     
   16.1374400000000        94.1286508178487     
   16.1458600000000        92.1881698557037     
   16.1542800000000        90.2068667731973     
   16.1627000000000        88.2277467163005     
   16.1711100000000        86.2863657345190     
   16.1795200000000        84.4106645694250     
   16.1879300000000        82.6305087847313     
   16.1963300000000        80.9764882806838     
   16.2047300000000        79.4702670044636     
   16.2131300000000        78.1248724557978     
   16.2215200000000        76.9363751807830     
   16.2299100000000        75.8742576379552     
   16.2383000000000        74.8887258536209     
   16.2466900000000        73.9211611131279     
   16.2550700000000        72.9208968238769     
   16.2634500000000        71.8533265944856     
   16.2718200000000        70.7100894968285     
   16.2802000000000        69.5015119758244     
   16.2885600000000        68.2585220286232     
   16.2969300000000        67.0004239562706     
   16.3052900000000        65.7389167520506     
   16.3136500000000        64.4690404681239     
   16.3220100000000        63.1893840579356     
   16.3303600000000        61.9137213697801     
   16.3387100000000        60.6666376866382     
   16.3470600000000        59.4797481936944     
   16.3554000000000        58.3817828849976     
   16.3637400000000        57.3878723309935     
   16.3720800000000        56.4987925077209     
   16.3804200000000        55.6940431018260     
   16.3887500000000        54.9314893535605     
   16.3970700000000        54.1575191169434     
   16.4054000000000        53.3302514391900     
   16.4137200000000        52.4457823048779     
   16.4220400000000        51.5332238527660     
   16.4303500000000        50.6448969125202     
   16.4386700000000        49.8328897384355     
   16.4469700000000        49.1435701135630     
   16.4552800000000        48.5983297479788     
   16.4635800000000        48.1964975488765     
   16.4718800000000        47.9083162776859     
   16.4801800000000        47.6886723995971     
   16.4884700000000        47.4984457678342     
   16.4967600000000        47.3222153833282     
   16.5050500000000        47.1687330266561     
   16.5133300000000        47.0546203979504     
   16.5216100000000        46.9890140381044     
   16.5298900000000        46.9713532654652     
   16.5381600000000        46.9962280476489     
   16.5464300000000        47.0578653286399     
   16.5547000000000        47.1504852289208     
   16.5629700000000        47.2652428728175     
   16.5712300000000        47.3862245926821     
   16.5794900000000        47.4901956480319     
   16.5877400000000        47.5508032847476     
   16.5959900000000        47.5465612586041     
   16.6042400000000        47.4650621056752     
   16.6124900000000        47.3016358371949     
   16.6207300000000        47.0551645282562     
   16.6289700000000        46.7248763351932     
   16.6372000000000        46.3120893163409     
   16.6454400000000        45.8188821349893     
   16.6536700000000        45.2526533544133     
   16.6618900000000        44.6246928369684     
   16.6701200000000        43.9514469624576     
   16.6783400000000        43.2603740002788     
   16.6865500000000        42.5838048692553     
   16.6947700000000        41.9546694998261     
   16.7029800000000        41.4051009265228     
   16.7111900000000        40.9555295902562     
   16.7193900000000        40.6159800790929     
   16.7275900000000        40.3851357613625     
   16.7357900000000        40.2545866483027     
   16.7439800000000        40.2098094020667     
   16.7521800000000        40.2297880268491     
   16.7603600000000        40.2877453351045     
   16.7685500000000        40.3572408185653     
   16.7767300000000        40.4227944871487     
   16.7849100000000        40.4902579691189     
   16.7930900000000        40.5861245757455     
   16.8012600000000        40.7444235218175     
   16.8094300000000        40.9883782502427     
   16.8175900000000        41.3152418269161     
   16.8257600000000        41.6940014475455     
   16.8339200000000        42.0677456596062     
   16.8420700000000        42.3675560775431     
   16.8502300000000        42.5273256600211     
   16.8583800000000        42.4998833303810     
   16.8665300000000        42.2729541536830     
   16.8746700000000        41.8710911894820     
   16.8828100000000        41.3426265098471     
   16.8909500000000        40.7411908009813     
   16.8990800000000        40.1085889498962     
   16.9072100000000        39.4621379936578     
   16.9153400000000        38.7962474523789     
   16.9234700000000        38.0905531022677     
   16.9315900000000        37.3257728390363     
   16.9397100000000        36.4944192801926     
   16.9478200000000        35.6103323471663     
   16.9559400000000        34.7010338545672     
   16.9640500000000        33.8086636355742     
   16.9721500000000        32.9757363906489     
   16.9802600000000        32.2385816179142     
   16.9883600000000        31.6267681093080     
   16.9964500000000        31.1522709926002     
   17.0045500000000        30.8094613710299     
   17.0126400000000        30.5799634130901     
   17.0207200000000        30.4348033235067     
   17.0288100000000        30.3428173697180     
   17.0368900000000        30.2780335568901     
   17.0449700000000        30.2224386744908     
   17.0530400000000        30.1657783150510     
   17.0611100000000        30.1011883333348     
   17.0691800000000        30.0210914601073     
