   7.15970000000000        19.7849856697588     
   7.17100000000000        20.2149446356939     
   7.18231000000000        20.9577987407656     
   7.19360000000000        21.0312703470393     
   7.20490000000000        21.1260357322119     
   7.21619000000000        21.1256440004743     
   7.22748000000000        20.3336825430615     
   7.23877000000000        19.9665589758791     
   7.25005000000000        19.5828700330702     
   7.26133000000000        20.2371027282427     
   7.27261000000000        20.8440604595283     
   7.28388000000000        21.1160898569386     
   7.29515000000000        22.4258045722029     
   7.30642000000000        24.1525670477170     
   7.31768000000000        25.6366201982439     
   7.32894000000000        26.7095228177432     
   7.34020000000000        27.3428645910373     
   7.35146000000000        27.8424982484574     
   7.36271000000000        27.9716800474731     
   7.37396000000000        28.5656038123933     
   7.38520000000000        28.6101228234029     
   7.39644000000000        27.3882559099160     
   7.40768000000000        26.7128358953362     
   7.41892000000000        26.2973906209362     
   7.43015000000000        26.9053615236019     
   7.44138000000000        28.0826084538741     
   7.45261000000000        29.3328705377502     
   7.46383000000000        29.0256034700046     
   7.47505000000000        28.2339364686553     
   7.48626000000000        28.1976052550456     
   7.49748000000000        29.8256661329205     
   7.50869000000000        31.4260976128829     
   7.51990000000000        32.3048362595328     
   7.53110000000000        31.6249127367897     
   7.54230000000000        30.6664640790178     
   7.55350000000000        30.3093491434579     
   7.56469000000000        30.9183648968597     
   7.57588000000000        32.2113810904978     
   7.58707000000000        33.1455697870104     
   7.59826000000000        32.9238005980590     
   7.60944000000000        33.2694299026697     
   7.62062000000000        34.3546478037239     
   7.63179000000000        36.0244141975456     
   7.64296000000000        37.0351962270941     
   7.65413000000000        36.3495605075358     
   7.66530000000000        32.4202579583129     
   7.67646000000000        28.7118494568914     
   7.68762000000000        27.3342103992154     
   7.69878000000000        27.6515900098481     
   7.70993000000000        29.2904262611459     
   7.72108000000000        30.6647619437787     
   7.73223000000000        31.4378228290238     
   7.74337000000000        31.0171888297965     
   7.75451000000000        31.9647666459448     
   7.76565000000000        33.9617430974317     
   7.77678000000000        35.3787482698082     
   7.78791000000000        35.3507018795043     
   7.79904000000000        34.8321124798718     
   7.81017000000000        34.9507132122552     
   7.82129000000000        35.9686707205546     
   7.83241000000000        37.6173665639748     
   7.84352000000000        39.2472540716091     
   7.85463000000000        39.4049432409349     
   7.86574000000000        36.1982210806908     
   7.87685000000000        32.1073113075436     
   7.88795000000000        29.8574306627693     
   7.89905000000000        29.7023803958475     
   7.91015000000000        30.8282383272076     
   7.92124000000000        31.2884989467231     
   7.93233000000000        31.8471651512858     
   7.94342000000000        32.1895625177242     
   7.95450000000000        32.1859725951525     
   7.96558000000000        32.5473715531834     
   7.97666000000000        33.4245545569804     
   7.98773000000000        33.6113749316273     
   7.99880000000000        32.2527994149097     
   8.00987000000000        30.0377119242029     
   8.02093000000000        29.6206946076776     
   8.03200000000000        30.8013109556923     
   8.04305000000000        33.6507073991221     
   8.05411000000000        36.0418996681533     
   8.06516000000000        37.8531677369792     
   8.07621000000000        39.4687733404807     
   8.08726000000000        39.9502066833513     
   8.09830000000000        40.7465077898741     
   8.10934000000000        42.0096099901979     
   8.12037000000000        44.3705369409568     
   8.13141000000000        46.2320295515680     
   8.14244000000000        46.7162167725126     
   8.15346000000000        47.0387541069179     
   8.16449000000000        46.8018375268968     
   8.17551000000000        45.4283959662450     
   8.18652000000000        43.1940507918660     
   8.19754000000000        41.3330202709420     
   8.20855000000000        38.1385655400008     
   8.21955000000000        33.2564296316857     
   8.23056000000000        29.1085563834863     
   8.24156000000000        28.1469204745958     
   8.25256000000000        29.4844403753949     
   8.26355000000000        31.5364415023758     
   8.27454000000000        34.1201751693329     
   8.28553000000000        36.5900813838803     
   8.29652000000000        38.7875568152065     
   8.30750000000000        41.8046580117980     
   8.31848000000000        44.9073914804696     
   8.32946000000000        48.0991323606839     
   8.34043000000000        50.0853301960913     
   8.35140000000000        50.8922316103255     
   8.36236000000000        51.0527288499040     
   8.37333000000000        50.8835412315454     
   8.38429000000000        51.9042052247861     
   8.39524000000000        54.3962469251444     
   8.40620000000000        57.0689753297368     
   8.41715000000000        59.0378157170162     
   8.42810000000000        60.4022460910225     
   8.43904000000000        61.4435891738678     
   8.44998000000000        59.6666528628056     
   8.46092000000000        55.2502319391377     
   8.47185000000000        52.2312231219978     
   8.48278000000000        52.0633498262652     
   8.49371000000000        53.2225348756495     
   8.50464000000000        55.0797419371596     
   8.51556000000000        56.9264485414480     
   8.52648000000000        57.9014184713650     
   8.53739000000000        57.1557669075735     
   8.54831000000000        56.8333179552667     
   8.55922000000000        57.9106612838323     
   8.57012000000000        61.0303826508021     
   8.58103000000000        64.7670605012380     
   8.59193000000000        68.4836652185076     
   8.60282000000000        69.7262820547940     
   8.61372000000000        68.2815474028319     
   8.62461000000000        66.1503799864428     
   8.63549000000000        65.0608860782653     
   8.64638000000000        66.1067579972638     
   8.65726000000000        69.2242224309587     
   8.66814000000000        73.4716019224416     
   8.67901000000000        77.5464208407421     
   8.68988000000000        79.9334138580555     
   8.70075000000000        80.1056207575262     
   8.71161000000000        79.2183446426423     
   8.72248000000000        79.4551384330950     
   8.73333000000000        80.9070663046563     
   8.74419000000000        82.3464783030829     
   8.75504000000000        81.9853856507296     
   8.76589000000000        79.7589526592203     
   8.77674000000000        75.5967379774750     
   8.78758000000000        71.3486397126945     
   8.79842000000000        68.2673228454081     
   8.80926000000000        66.7329126757987     
   8.82009000000000        66.1217598202330     
   8.83092000000000        65.3795155209681     
   8.84175000000000        64.5992229451683     
   8.85257000000000        62.4685931165359     
   8.86339000000000        59.7593737009927     
   8.87421000000000        56.3342742506886     
   8.88502000000000        53.1517916256657     
   8.89583000000000        51.7663766349164     
   8.90664000000000        51.8560959623790     
   8.91745000000000        52.4036809180011     
   8.92825000000000        52.6848407832010     
   8.93905000000000        52.6649705564805     
   8.94984000000000        52.7505137771725     
   8.96063000000000        52.9771269170833     
   8.97142000000000        53.0562944258319     
   8.98221000000000        52.9928173855877     
   8.99299000000000        52.4817663269614     
   9.00377000000000        51.8121833543509     
   9.01455000000000        51.4297438061446     
   9.02532000000000        50.2424720630241     
   9.03609000000000        47.5569155687301     
   9.04686000000000        44.8174673985661     
   9.05762000000000        42.7563751586836     
   9.06838000000000        41.7258898574921     
   9.07914000000000        41.0971652068025     
   9.08989000000000        39.9871038609834     
   9.10064000000000        38.5949055316313     
   9.11139000000000        37.7303351975882     
   9.12214000000000        36.5679840942615     
   9.13288000000000        34.5124895811607     
   9.14362000000000        32.2806249135160     
   9.15435000000000        30.6396594473386     
   9.16508000000000        29.3869173588686     
   9.17581000000000        28.4279772206177     
   9.18654000000000        27.9634106583801     
   9.19726000000000        27.4738381207584     
   9.20798000000000        26.7809014738354     
   9.21870000000000        26.2475301856509     
   9.22941000000000        25.9241563456035     
   9.24012000000000        26.1116610650535     
   9.25082000000000        26.4095508683734     
   9.26153000000000        26.9093564932097     
   9.27223000000000        27.8082045064109     
   9.28293000000000        28.7088380694625     
   9.29362000000000        29.3788010604683     
   9.30431000000000        29.9624921845144     
   9.31500000000000        30.0241737475911     
   9.32568000000000        29.4119674543910     
   9.33636000000000        29.1050812523202     
   9.34704000000000        29.1894021275180     
   9.35772000000000        29.1021524558770     
   9.36839000000000        28.7362658947486     
   9.37906000000000        28.5300036515572     
   9.38972000000000        28.6165934804508     
   9.40038000000000        28.7015571675258     
   9.41104000000000        28.8720900270709     
   9.42170000000000        28.7316110216972     
   9.43235000000000        28.4391689820883     
   9.44300000000000        28.3893872233894     
   9.45365000000000        28.3818283155670     
   9.46429000000000        28.0183793557058     
   9.47493000000000        27.6839814811483     
   9.48557000000000        27.5552160330852     
   9.49620000000000        27.6175615191598     
   9.50683000000000        27.7844463154813     
   9.51746000000000        27.9233033575224     
   9.52808000000000        28.1777596845365     
   9.53871000000000        28.3138973570721     
   9.54932000000000        28.2978185596862     
   9.55994000000000        28.0709587805763     
   9.57055000000000        27.7735286896045     
   9.58116000000000        28.0702269187512     
   9.59176000000000        28.9541733791711     
   9.60237000000000        30.0914361170039     
   9.61296000000000        31.4502116964002     
   9.62356000000000        33.4084669143951     
   9.63415000000000        35.6744326610872     
   9.64474000000000        37.7084167802622     
   9.65533000000000        39.2813008079486     
   9.66591000000000        40.0496022453754     
   9.67649000000000        40.1455867973265     
   9.68707000000000        39.8757688948541     
   9.69764000000000        39.1074388328394     
   9.70821000000000        38.8707202036135     
   9.71878000000000        39.4911861744810     
   9.72934000000000        40.9759840521185     
   9.73990000000000        43.1798041633704     
   9.75046000000000        45.9054496594364     
   9.76102000000000        48.9256541543222     
   9.77157000000000        51.2965244385021     
   9.78212000000000        52.9832849670777     
   9.79266000000000        54.5820744417060     
   9.80320000000000        55.3865388493044     
   9.81374000000000        55.1836081105350     
   9.82428000000000        54.7130050097583     
   9.83481000000000        54.3589997800577     
   9.84534000000000        54.5806602491148     
   9.85586000000000        56.0350630296230     
   9.86639000000000        57.7861027253000     
   9.87691000000000        58.6588236589720     
   9.88742000000000        58.2736841234826     
   9.89794000000000        56.8884149653775     
   9.90845000000000        55.3426573876000     
   9.91895000000000        53.7901992340365     
   9.92946000000000        52.1148730306723     
   9.93996000000000        51.7311830144041     
   9.95046000000000        53.3825278374152     
   9.96095000000000        56.7690209963996     
   9.97144000000000        60.5704949547765     
   9.98193000000000        63.4857757386547     
   9.99242000000000        65.3901910151243     
   10.0029000000000        66.4606958400035     
   10.0133800000000        66.2830621081709     
   10.0238500000000        64.6404748766692     
   10.0343200000000        61.8797831033920     
   10.0447900000000        58.8090438484459     
   10.0552600000000        56.4298823851862     
   10.0657200000000        55.1823575686585     
   10.0761800000000        55.0933282022598     
   10.0866400000000        56.3226513466257     
   10.0970900000000        58.4287313877104     
   10.1075400000000        60.7352001059681     
   10.1179900000000        63.2700277218958     
   10.1284300000000        65.9438504950959     
   10.1388700000000        68.1393758464957     
   10.1493100000000        69.2323712344754     
   10.1597400000000        69.3811821783319     
   10.1701700000000        69.7141555764876     
   10.1806000000000        70.8389386138143     
   10.1910300000000        71.8714260718143     
   10.2014500000000        72.2894616095329     
   10.2118700000000        71.7524989700547     
   10.2222800000000        70.4534640336206     
   10.2326900000000        68.9639737532014     
   10.2431000000000        67.3066714820795     
   10.2535100000000        64.7238517564551     
   10.2639100000000        61.9855847250866     
   10.2743100000000        60.2826180773444     
   10.2847100000000        59.5297060673352     
   10.2951000000000        59.0623663997375     
   10.3054900000000        58.7169946097128     
   10.3158800000000        58.4195409901588     
   10.3262600000000        58.3149305190020     
   10.3366400000000        58.2175680411758     
   10.3470200000000        57.7294767476125     
   10.3573900000000        56.9866774467190     
   10.3677600000000        55.8664500847040     
   10.3781300000000        53.9107274953861     
   10.3884900000000        50.9537745586426     
   10.3988600000000        47.0033763361813     
   10.4092100000000        42.9271310925653     
   10.4195700000000        39.5932944816433     
   10.4299200000000        37.4077425031773     
   10.4402700000000        36.2158089671475     
   10.4506100000000        35.5985816757357     
   10.4609600000000        35.1978739339656     
   10.4713000000000        35.1647668906152     
   10.4816300000000        35.6251251139754     
   10.4919600000000        36.3712579784578     
   10.5022900000000        36.9330069840787     
   10.5126200000000        37.0414428621919     
   10.5229400000000        36.9881472085566     
   10.5332600000000        37.2400853471545     
   10.5435800000000        37.8939296399782     
   10.5539000000000        38.8472425809983     
   10.5642100000000        39.7842525799030     
   10.5745100000000        40.2046266802747     
   10.5848200000000        40.0191337279744     
   10.5951200000000        39.3463698249664     
   10.6054200000000        38.1674838588464     
   10.6157100000000        36.5548183676566     
   10.6260000000000        34.5666734738070     
   10.6362900000000        32.0496695495580     
   10.6465800000000        29.2764620815400     
   10.6568600000000        26.9024373238590     
   10.6671400000000        25.5331113001433     
   10.6774100000000        25.0823178241868     
   10.6876900000000        25.0887169224392     
   10.6979600000000        25.3277228581660     
   10.7082200000000        25.6136999613533     
   10.7184900000000        26.0673307929637     
   10.7287500000000        26.7228996843217     
   10.7390000000000        27.2548335213644     
   10.7492600000000        27.3391328798146     
   10.7595100000000        27.0683738077205     
   10.7697500000000        26.6991430384383     
   10.7800000000000        26.4336569858748     
   10.7902400000000        26.2894635522004     
   10.8004800000000        26.2427052439212     
   10.8107100000000        26.2594366924939     
   10.8209400000000        26.2966524686617     
   10.8311700000000        26.2599859606671     
   10.8414000000000        26.2313545013962     
   10.8516200000000        26.5152378780260     
   10.8618400000000        27.0378391205510     
   10.8720500000000        27.5140836380337     
   10.8822700000000        27.9264928290128     
   10.8924800000000        28.4551287351775     
   10.9026800000000        29.3314408696219     
   10.9128800000000        30.5118384354663     
   10.9230800000000        31.6414240874158     
   10.9332800000000        32.4126556777433     
   10.9434700000000        32.6172071702977     
   10.9536600000000        32.1931233807908     
   10.9638500000000        31.3051019618232     
   10.9740400000000        30.2655801950860     
   10.9842200000000        29.5483773210711     
   10.9943900000000        29.3520596080214     
   11.0045700000000        29.3931276494571     
   11.0147400000000        29.3857867057145     
   11.0249100000000        29.3596728530892     
   11.0350700000000        29.4533385605035     
   11.0452300000000        29.6499579385485     
   11.0553900000000        29.6534253437835     
   11.0655500000000        29.3068881285778     
   11.0757000000000        28.6441560348288     
   11.0858500000000        27.9689756939732     
   11.0960000000000        27.6212604988759     
   11.1061400000000        27.5847731121227     
   11.1162800000000        27.5540352810310     
   11.1264200000000        27.5069956956033     
   11.1365500000000        27.7063423251633     
   11.1466800000000        28.1097189257819     
   11.1568100000000        28.3920239089717     
   11.1669300000000        28.5831991458251     
   11.1770500000000        28.9882064375401     
   11.1871700000000        29.5657514458603     
   11.1972800000000        30.1178334496332     
   11.2073900000000        30.5117051942621     
   11.2175000000000        30.7994964550521     
   11.2276100000000        31.2573774226628     
   11.2377100000000        32.0559729717958     
   11.2478100000000        33.2546774263742     
   11.2579000000000        34.7492339709725     
   11.2679900000000        36.1408301422803     
   11.2780800000000        37.1437716970053     
   11.2881700000000        37.8501586255154     
   11.2982500000000        38.3177872918046     
   11.3083300000000        38.6562729627728     
   11.3184100000000        39.1049690139726     
   11.3284800000000        39.7371221251262     
   11.3385500000000        40.4826634337343     
   11.3486200000000        41.1898169388205     
   11.3586800000000        41.7189080223506     
   11.3687400000000        42.1156916773728     
   11.3788000000000        42.4733972832213     
   11.3888500000000        42.8574214145378     
   11.3989000000000        43.3078245603822     
   11.4089500000000        43.7119951935996     
   11.4189900000000        43.8711393181784     
   11.4290400000000        43.6328539371784     
   11.4390700000000        43.0928062909444     
   11.4491100000000        42.7237080289812     
   11.4591400000000        42.8916326989731     
   11.4691700000000        43.6067463250611     
   11.4792000000000        44.6195686201164     
   11.4892200000000        45.5621938600404     
   11.4992400000000        46.3193810850658     
   11.5092500000000        47.0153263655782     
   11.5192700000000        47.7321364746182     
   11.5292800000000        48.3439538213205     
   11.5392800000000        48.8135165837026     
   11.5492900000000        49.3086174086689     
   11.5592900000000        49.9450509993758     
   11.5692800000000        50.6893127371667     
   11.5792800000000        51.4567239881185     
   11.5892700000000        52.1388409273022     
   11.5992600000000        52.5866942587380     
   11.6092400000000        52.7575795069394     
   11.6192200000000        52.7060144435102     
   11.6292000000000        52.6811203781322     
   11.6391700000000        52.9721246795508     
   11.6491500000000        53.6090283213797     
   11.6591200000000        54.4358047535471     
   11.6690800000000        55.2835295967985     
   11.6790400000000        56.0948343152533     
   11.6890000000000        56.9636233365749     
   11.6989600000000        57.9615776548658     
   11.7089100000000        59.0943253967804     
   11.7188600000000        60.2730855349801     
   11.7288100000000        61.4373623563228     
   11.7387500000000        62.6425436748913     
   11.7486900000000        63.8257121781795     
   11.7586300000000        64.9395911500502     
   11.7685600000000        65.9888250398739     
   11.7784900000000        66.9151067794957     
   11.7884200000000        67.7065028782571     
   11.7983400000000        68.3061694663677     
   11.8082600000000        68.6763766758973     
   11.8181800000000        68.7291694997382     
   11.8281000000000        68.2876766150926     
   11.8380100000000        67.4274617181835     
   11.8479200000000        66.4221034033177     
   11.8578200000000        65.6347480331768     
   11.8677200000000        65.2271903369966     
   11.8776200000000        65.0111760111408     
   11.8875200000000        64.8279473484582     
   11.8974100000000        64.6213926767609     
   11.9073000000000        64.2697619024557     
   11.9171900000000        63.7773082666333     
   11.9270700000000        63.4190553577389     
   11.9369500000000        63.4130605682284     
   11.9468300000000        63.6393516507012     
   11.9567000000000        63.7560187422516     
   11.9665700000000        63.6437189017970     
   11.9764400000000        63.5703398297730     
   11.9863000000000        63.9271811247610     
   11.9961600000000        64.8493731681942     
   12.0060200000000        66.1159330128966     
   12.0158700000000        67.5453256267895     
   12.0257300000000        69.1523367113969     
   12.0355700000000        70.9579316099035     
   12.0454200000000        72.9169488999765     
   12.0552600000000        74.9196460826603     
   12.0651000000000        77.0060739886254     
   12.0749400000000        79.1732852606230     
   12.0847700000000        81.1450595783641     
   12.0946000000000        82.8111267730012     
   12.1044200000000        84.3357841779600     
   12.1142500000000        85.9190022243793     
   12.1240700000000        87.7250244172222     
   12.1338800000000        89.5792522950143     
   12.1437000000000        90.8815532339176     
   12.1535100000000        91.3759161503797     
   12.1633100000000        91.5124414978811     
   12.1731200000000        91.8027535724593     
   12.1829200000000        92.3837848342502     
   12.1927200000000        93.3240430651856     
   12.2025100000000        94.7293181389308     
   12.2123000000000        96.4383719455178     
   12.2220900000000        98.1921418252895     
   12.2318700000000        99.9525972851615     
   12.2416600000000        101.843224356824     
   12.2514300000000        103.839655646165     
   12.2612100000000        105.773489078608     
   12.2709800000000        107.421999162377     
   12.2807500000000        108.540233302838     
   12.2905200000000        109.188551187667     
   12.3002800000000        109.912947882308     
   12.3100400000000        111.119300376297     
   12.3198000000000        112.688650715044     
   12.3295500000000        114.080210968545     
   12.3393000000000        114.899569408150     
   12.3490500000000        115.302231682024     
   12.3587900000000        115.613209827199     
   12.3685300000000        115.935564206024     
   12.3782700000000        116.188113654713     
   12.3880000000000        116.268226309768     
   12.3977300000000        116.089123057359     
   12.4074600000000        115.697712729676     
   12.4171800000000        115.229693454400     
   12.4269100000000        114.956631022440     
   12.4366200000000        115.206858270369     
   12.4463400000000        115.891545754480     
   12.4560500000000        116.523988592560     
   12.4657600000000        116.663262500924     
   12.4754700000000        116.285244736600     
   12.4851700000000        115.737657678111     
   12.4948700000000        115.291776527419     
   12.5045600000000        114.925413911351     
   12.5142600000000        114.477747230574     
   12.5239500000000        113.976906154170     
   12.5336300000000        113.753782450603     
   12.5433200000000        114.099567206722     
   12.5530000000000        115.085486877748     
   12.5626800000000        116.593251322412     
   12.5723500000000        118.287218480958     
   12.5820200000000        119.919868463006     
   12.5916900000000        121.597547132927     
   12.6013500000000        123.500670974513     
   12.6110100000000        125.572206877692     
   12.6206700000000        127.630936376070     
   12.6303300000000        129.670695989977     
   12.6399800000000        131.827172664247     
   12.6496300000000        134.083574440673     
   12.6592700000000        136.334761877377     
   12.6689200000000        138.517789878648     
   12.6785500000000        140.613589787862     
   12.6881900000000        142.796081423316     
   12.6978200000000        145.294580920224     
   12.7074500000000        148.070441740029     
   12.7170800000000        150.855463552464     
   12.7267000000000        153.607264836966     
   12.7363200000000        156.516996044680     
   12.7459400000000        159.523026316537     
   12.7555500000000        162.342894261319     
   12.7651600000000        164.837133188198     
   12.7747700000000        167.035934828007     
   12.7843800000000        169.096180667240     
   12.7939800000000        171.161993706236     
   12.8035800000000        173.128903239864     
   12.8131700000000        174.760064936864     
   12.8227600000000        175.954481582307     
   12.8323500000000        176.874087235542     
   12.8419400000000        177.857400477731     
   12.8515200000000        179.111162099656     
   12.8611000000000        180.649315159782     
   12.8706700000000        182.451675383541     
   12.8802500000000        184.485877650850     
   12.8898100000000        186.596679884939     
   12.8993800000000        188.629711624712     
   12.9089400000000        190.658501373572     
   12.9185000000000        192.858666064688     
   12.9280600000000        195.140374843775     
   12.9376100000000        197.142923800683     
   12.9471700000000        198.543436305185     
   12.9567100000000        199.294464451043     
   12.9662600000000        199.557939039641     
   12.9758000000000        199.530567052171     
   12.9853400000000        199.501376415822     
   12.9948700000000        199.822313447538     
   13.0044000000000        200.678566054190     
   13.0139300000000        202.054142827315     
   13.0234600000000        203.781744293537     
   13.0329800000000        205.526052151488     
   13.0425000000000        206.916585577700     
   13.0520100000000        207.721535545587     
   13.0615200000000        208.009207951061     
   13.0710300000000        208.159004455276     
   13.0805400000000        208.543448599308     
   13.0900400000000        209.111907510847     
   13.0995400000000        209.451500511555     
   13.1090400000000        209.398024938080     
   13.1185300000000        209.284187878194     
   13.1280200000000        209.344667396966     
   13.1375100000000        209.338092861855     
   13.1469900000000        208.880946597176     
   13.1564700000000        207.752014186584     
   13.1659500000000        206.044314571620     
   13.1754300000000        204.235890731447     
   13.1849000000000        202.942671741546     
   13.1943700000000        202.506519430804     
   13.2038300000000        202.796931160250     
   13.2132900000000        203.325175705091     
   13.2227500000000        203.607268400990     
   13.2322100000000        203.386646468970     
   13.2416600000000        202.524176703702     
   13.2511100000000        201.063703703021     
   13.2605500000000        199.351453812869     
   13.2700000000000        197.866563013993     
   13.2794400000000        197.063415838841     
   13.2888700000000        197.217526081973     
   13.2983100000000        198.258614109129     
   13.3077400000000        199.799307537020     
   13.3171600000000        201.445310958212     
   13.3265900000000        202.965976078463     
   13.3360100000000        204.196589601125     
   13.3454300000000        204.982957869954     
   13.3548400000000        205.218231760704     
   13.3642500000000        204.937004896391     
   13.3736600000000        204.283107609844     
   13.3830600000000        203.312484013160     
   13.3924700000000        201.971014905101     
   13.4018600000000        200.307204436421     
   13.4112600000000        198.560853635800     
   13.4206500000000        197.059718566181     
   13.4300400000000        196.030597674923     
   13.4394300000000        195.563806154874     
   13.4488100000000        195.637618959948     
   13.4581900000000        196.123739400035     
   13.4675600000000        196.753392316118     
   13.4769400000000        197.248589374301     
   13.4863100000000        197.636614550524     
   13.4956700000000        198.276372864311     
   13.5050400000000        199.563215244267     
   13.5144000000000        201.631899175640     
   13.5237600000000        204.204760596439     
   13.5331100000000        206.698663590348     
   13.5424600000000        208.677383403247     
   13.5518100000000        210.223032416195     
   13.5611500000000        211.777896882406     
   13.5704900000000        213.712776416140     
   13.5798300000000        216.035886541723     
   13.5891700000000        218.383548758539     
   13.5985000000000        220.296189282113     
   13.6078300000000        221.554632986448     
   13.6171500000000        222.212956451024     
   13.6264800000000        222.427667037902     
   13.6358000000000        222.389795516229     
   13.6451100000000        222.326443319043     
   13.6544200000000        222.413641257410     
   13.6637300000000        222.781230686112     
   13.6730400000000        223.577884018541     
   13.6823400000000        224.928271288757     
   13.6916400000000        226.852152010560     
   13.7009400000000        229.146106369338     
   13.7102400000000        231.371797176202     
   13.7195300000000        233.161725194539     
   13.7288100000000        234.474643843226     
   13.7381000000000        235.382796027861     
   13.7473800000000        235.776883231854     
   13.7566600000000        235.435876050266     
   13.7659300000000        234.271508495294     
   13.7752000000000        232.452988714262     
   13.7844700000000        230.318365080247     
   13.7937400000000        228.088567264920     
   13.8030000000000        225.719410376793     
   13.8122600000000        223.120683254338     
   13.8215200000000        220.346578357834     
   13.8307700000000        217.519729381871     
   13.8400200000000        214.770479547087     
   13.8492600000000        212.246977108178     
   13.8585100000000        210.053683710106     
   13.8677500000000        208.183164611135     
   13.8769800000000        206.449823612850     
   13.8862200000000        204.637714010341     
   13.8954500000000        202.728506539116     
   13.9046800000000        200.911613802337     
   13.9139000000000        199.438606480548     
   13.9231200000000        198.399777761470     
   13.9323400000000        197.623739415061     
   13.9415500000000        196.799802185774     
   13.9507700000000        195.723723316497     
   13.9599700000000        194.458609810303     
   13.9691800000000        193.205777285933     
   13.9783800000000        192.032920529158     
   13.9875800000000        190.767922134141     
   13.9967800000000        189.241662255024     
   14.0059700000000        187.494287686025     
   14.0151600000000        185.707255506450     
   14.0243400000000        184.052843031279     
   14.0335300000000        182.590760312841     
   14.0427100000000        181.286859214645     
   14.0518800000000        180.055778536560     
   14.0610600000000        178.764986891049     
   14.0702300000000        177.244274764330     
   14.0794000000000        175.351961142764     
   14.0885600000000        173.050897837481     
   14.0977200000000        170.436333086177     
   14.1068800000000        167.749600659807     
   14.1160300000000        165.240840777966     
   14.1251800000000        162.978704723688     
   14.1343300000000        160.893997138713     
   14.1434800000000        158.942581350544     
   14.1526200000000        157.171301810246     
   14.1617600000000        155.664765036900     
   14.1708900000000        154.498141527277     
   14.1800300000000        153.671267891012     
   14.1891500000000        153.062803507317     
   14.1982800000000        152.445674722680     
   14.2074000000000        151.593506210756     
   14.2165200000000        150.371541221815     
   14.2256400000000        148.786836519841     
   14.2347500000000        146.960920111649     
   14.2438600000000        145.045148248388     
   14.2529700000000        143.196228047004     
   14.2620700000000        141.601293300705     
   14.2711800000000        140.453763830689     
   14.2802700000000        139.881206998556     
   14.2893700000000        139.880815693201     
   14.2984600000000        140.352118565667     
   14.3075500000000        141.126422722177     
   14.3166300000000        141.997530935578     
   14.3257100000000        142.778263736473     
   14.3347900000000        143.331204124057     
   14.3438700000000        143.570128804498     
   14.3529400000000        143.492484536642     
   14.3620100000000        143.214980333955     
   14.3710700000000        142.884610595940     
   14.3801400000000        142.567487173845     
   14.3892000000000        142.290508038077     
   14.3982500000000        142.095873564931     
   14.4073100000000        141.991450848922     
   14.4163600000000        141.926285335390     
   14.4254000000000        141.864497682594     
   14.4344500000000        141.840942339948     
   14.4434900000000        141.927732669420     
   14.4525200000000        142.161553499206     
   14.4615600000000        142.491357038679     
   14.4705900000000        142.785823530914     
   14.4796200000000        142.895107376958     
   14.4886400000000        142.697489904019     
   14.4976600000000        142.138164696357     
   14.5066800000000        141.258060722710     
   14.5157000000000        140.166501319901     
   14.5247100000000        138.982258683246     
   14.5337200000000        137.797671513426     
   14.5427200000000        136.665734139746     
   14.5517300000000        135.563009901827     
   14.5607300000000        134.424312543688     
   14.5697200000000        133.244476600773     
   14.5787100000000        132.139997566160     
   14.5877000000000        131.265718489184     
   14.5966900000000        130.684255563468     
   14.6056700000000        130.351773192662     
   14.6146600000000        130.216759406271     
   14.6236300000000        130.295403530248     
   14.6326100000000        130.623641536870     
   14.6415800000000        131.149628457414     
   14.6505400000000        131.701722657959     
   14.6595100000000        132.080265991411     
   14.6684700000000        132.177321732902     
   14.6774300000000        132.028536757608     
   14.6863800000000        131.774827723348     
   14.6953400000000        131.582607077816     
   14.7042800000000        131.571672100331     
   14.7132300000000        131.782676797143     
   14.7221700000000        132.188745015070     
   14.7311100000000        132.719724096949     
   14.7400500000000        133.259418060871     
   14.7489800000000        133.631003834180     
   14.7579100000000        133.650388522306     
   14.7668400000000        133.243912087827     
   14.7757600000000        132.507997315206     
   14.7846800000000        131.620266531979     
   14.7936000000000        130.713824487510     
   14.8025100000000        129.852730026631     
   14.8114200000000        129.082752771281     
   14.8203300000000        128.437710253000     
   14.8292300000000        127.898768620564     
   14.8381300000000        127.422526961823     
   14.8470300000000        127.016857918756     
   14.8559300000000        126.738782299623     
   14.8648200000000        126.613090672735     
   14.8737100000000        126.571808814625     
   14.8825900000000        126.488275988562     
   14.8914700000000        126.260059871455     
   14.9003500000000        125.839033782016     
   14.9092300000000        125.205136852672     
   14.9181000000000        124.364107026976     
   14.9269700000000        123.366683802779     
   14.9358400000000        122.306267231423     
   14.9447000000000        121.279541736192     
   14.9535600000000        120.337327297636     
   14.9624200000000        119.480361443448     
   14.9712700000000        118.697304124889     
   14.9801200000000        117.998975977033     
   14.9889700000000        117.423504626116     
   14.9978100000000        117.016125176797     
   15.0066500000000        116.794107242368     
   15.0154900000000        116.714286800096     
   15.0243300000000        116.678761333857     
   15.0331600000000        116.593188028666     
   15.0419900000000        116.437079767537     
   15.0508100000000        116.295500831179     
   15.0596300000000        116.314086609100     
   15.0684500000000        116.610482707298     
   15.0772700000000        117.229114937812     
   15.0860800000000        118.158978099305     
   15.0948900000000        119.349077540983     
   15.1037000000000        120.688818647833     
   15.1125000000000        122.020315869661     
   15.1213000000000        123.214851006941     
   15.1301000000000        124.234159348889     
   15.1388900000000        125.119508203868     
   15.1476800000000        125.928804659997     
   15.1564700000000        126.692451889461     
   15.1652500000000        127.419436435767     
   15.1740300000000        128.120529356729     
   15.1828100000000        128.817700426155     
   15.1915800000000        129.543318358892     
   15.2003500000000        130.338025966746     
   15.2091200000000        131.245730162938     
   15.2178900000000        132.301253190524     
   15.2266500000000        133.497070273778     
   15.2354100000000        134.773671947739     
   15.2441600000000        136.063913659080     
   15.2529200000000        137.376938013797     
   15.2616700000000        138.806226816719     
   15.2704100000000        140.481866465616     
   15.2791500000000        142.503036325815     
   15.2878900000000        144.905838009287     
   15.2966300000000        147.666291955763     
   15.3053600000000        150.693214689823     
   15.3140900000000        153.827267753494     
   15.3228200000000        156.859131711011     
   15.3315400000000        159.614725256166     
   15.3402600000000        162.048109758975     
   15.3489800000000        164.236510811058     
   15.3577000000000        166.310590388222     
   15.3664100000000        168.371419277675     
   15.3751200000000        170.446489070923     
   15.3838200000000        172.444560435904     
   15.3925200000000        174.167365031817     
   15.4012200000000        175.374777225577     
   15.4099200000000        175.891836125348     
   15.4186100000000        175.670568006714     
   15.4273000000000        174.776913213473     
   15.4359800000000        173.344415518076     
   15.4446700000000        171.542488228816     
   15.4533400000000        169.584603171606     
   15.4620200000000        167.667852980173     
   15.4706900000000        165.929359835329     
   15.4793600000000        164.406772855607     
   15.4880300000000        163.098879927845     
   15.4966900000000        162.018494621926     
   15.5053500000000        161.179582704881     
   15.5140100000000        160.545335556647     
   15.5226700000000        159.986932313826     
   15.5313200000000        159.321421418239     
   15.5399600000000        158.416040738250     
   15.5486100000000        157.262022608113     
   15.5572500000000        155.955861129625     
   15.5658900000000        154.605796324551     
   15.5745200000000        153.289447519871     
   15.5831600000000        152.060078323614     
   15.5917900000000        150.982689069430     
   15.6004100000000        150.109984389574     
   15.6090300000000        149.440498364397     
   15.6176500000000        148.908278407751     
   15.6262700000000        148.426184008435     
   15.6348800000000        147.936527433953     
   15.6434900000000        147.408958471316     
   15.6521000000000        146.802680251276     
   15.6607000000000        146.042504216744     
   15.6693000000000        145.038441750428     
   15.6779000000000        143.737683825372     
   15.6864900000000        142.162435516607     
   15.6950800000000        140.406995444316     
   15.7036700000000        138.619395975889     
   15.7122600000000        136.963069686703     
   15.7208400000000        135.575254572872     
   15.7294100000000        134.525278119979     
   15.7379900000000        133.800382271155     
   15.7465600000000        133.327853278989     
   15.7551300000000        133.009434618930     
   15.7637000000000        132.769712143967     
   15.7722600000000        132.578117756811     
   15.7808200000000        132.436589641133     
   15.7893700000000        132.347489708511     
   15.7979300000000        132.285399547522     
   15.8064700000000        132.197611856101     
   15.8150200000000        132.027553705677     
   15.8235600000000        131.737524713157     
   15.8321000000000        131.313894763308     
   15.8406400000000        130.772808706320     
   15.8491800000000        130.160403135815     
   15.8577100000000        129.534737811796     
   15.8662300000000        128.943534118331     
   15.8747600000000        128.424436410538     
   15.8832800000000        128.018261027820     
   15.8918000000000        127.760743416514     
   15.9003100000000        127.670869845188     
   15.9088200000000        127.739706687638     
   15.9173300000000        127.934583004417     
   15.9258400000000        128.217734048098     
   15.9343400000000        128.567784852008     
   15.9428400000000        128.983055096245     
   15.9513300000000        129.460404469900     
   15.9598300000000        129.982386806158     
   15.9683100000000        130.520109738864     
   15.9768000000000        131.061044614091     
   15.9852800000000        131.616678901076     
   15.9937600000000        132.225023134101     
   16.0022400000000        132.929216198381     
   16.0107100000000        133.751674224066     
   16.0191800000000        134.676624051984     
   16.0276500000000        135.642192165274     
   16.0361200000000        136.557657246270     
   16.0445800000000        137.331064433463     
   16.0530300000000        137.889743227234     
   16.0614900000000        138.182392451546     
   16.0699400000000        138.176908773269     
   16.0783900000000        137.863264844475     
   16.0868300000000        137.242208138495     
   16.0952800000000        136.305625660486     
   16.1037100000000        135.039472180150     
   16.1121500000000        133.427260892653     
   16.1205800000000        131.492181070650     
   16.1290100000000        129.295060119957     
   16.1374400000000        126.923785101979     
   16.1458600000000        124.463116051222     
   16.1542800000000        121.968178293406     
   16.1627000000000        119.477460686669     
   16.1711100000000        117.025292380762     
   16.1795200000000        114.640410155257     
   16.1879300000000        112.356917802679     
   16.1963300000000        110.212745330635     
   16.2047300000000        108.236933896607     
   16.2131300000000        106.448609330256     
   16.2215200000000        104.844718941996     
   16.2299100000000        103.387134306882     
   16.2383000000000        102.013913784723     
   16.2466900000000        100.654866740575     
   16.2550700000000        99.2543846566969     
   16.2634500000000        97.7809766677495     
   16.2718200000000        96.2390132812609     
   16.2802000000000        94.6554831699322     
   16.2885600000000        93.0791958988055     
   16.2969300000000        91.5362323576369     
   16.3052900000000        90.0339381627282     
   16.3136500000000        88.5508602947029     
   16.3220100000000        87.0658750137516     
   16.3303600000000        85.5782370787876     
   16.3387100000000        84.1071687094146     
   16.3470600000000        82.6875620052121     
   16.3554000000000        81.3552367775344     
   16.3637400000000        80.1312558443147     
   16.3720800000000        79.0199801062325     
   16.3804200000000        77.9997388325466     
   16.3887500000000        77.0205151449733     
   16.3970700000000        76.0151180943073     
   16.4054000000000        74.9283374047174     
   16.4137200000000        73.7513361109362     
   16.4220400000000        72.5167390616896     
   16.4303500000000        71.2898668095098     
   16.4386700000000        70.1425955487428     
   16.4469700000000        69.1485097496814     
   16.4552800000000        68.3524858290537     
   16.4635800000000        67.7681410537392     
   16.4718800000000        67.3619696561377     
   16.4801800000000        67.0708250984390     
   16.4884700000000        66.8336788478853     
   16.4967600000000        66.6212601288495     
   16.5050500000000        66.4420978044657     
   16.5133300000000        66.3224442562643     
   16.5216100000000        66.2824638814509     
   16.5298900000000        66.3268221942811     
   16.5381600000000        66.4463423002635     
   16.5464300000000        66.6244096655775     
   16.5547000000000        66.8410695919653     
   16.5629700000000        67.0729420940197     
   16.5712300000000        67.2894173483214     
   16.5794900000000        67.4526888344332     
   16.5877400000000        67.5238569689013     
   16.5959900000000        67.4753298697795     
   16.6042400000000        67.2972678243268     
   16.6124900000000        66.9946051072603     
   16.6207300000000        66.5786574360779     
   16.6289700000000        66.0595432894673     
   16.6372000000000        65.4469271969450     
   16.6454400000000        64.7468413170076     
   16.6536700000000        63.9680591324200     
   16.6618900000000        63.1206159631765     
   16.6701200000000        62.2195280827155     
   16.6783400000000        61.2949090410933     
   16.6865500000000        60.3856809098042     
   16.6947700000000        59.5347866793317     
   16.7029800000000        58.7871380298361     
   16.7111900000000        58.1736036904166     
   16.7193900000000        57.7104414633054     
   16.7275900000000        57.3952501164627     
   16.7357900000000        57.2110247107156     
   16.7439800000000        57.1284914235612     
   16.7521800000000        57.1092646264693     
   16.7603600000000        57.1118251929661     
   16.7685500000000        57.1016722939995     
   16.7767300000000        57.0656210562140     
   16.7849100000000        57.0209751865412     
   16.7930900000000        57.0106090905900     
   16.8012600000000        57.0832182013531     
   16.8094300000000        57.2693717837843     
   16.8175900000000        57.5652073097295     
   16.8257600000000        57.9316204018288     
   16.8339200000000        58.2996749998702     
   16.8420700000000        58.5864797072287     
   16.8502300000000        58.7118750410050     
   16.8583800000000        58.6178565916168     
   16.8665300000000        58.2883503034257     
   16.8746700000000        57.7535878846570     
   16.8828100000000        57.0743395638949     
   16.8909500000000        56.3179212899600     
   16.8990800000000        55.5344669194740     
   16.9072100000000        54.7396317181803     
   16.9153400000000        53.9175101541801     
   16.9234700000000        53.0339549237229     
   16.9315900000000        52.0596376563507     
   16.9397100000000        50.9842998092364     
   16.9478200000000        49.8269052656464     
   16.9559400000000        48.6228534114715     
   16.9640500000000        47.4237737073169     
   16.9721500000000        46.2795453827939     
   16.9802600000000        45.2315054436938     
   16.9883600000000        44.3143693912358     
   16.9964500000000        43.5430577285255     
   17.0045500000000        42.9128093717866     
   17.0126400000000        42.4064557240656     
   17.0207200000000        41.9948690048871     
   17.0288100000000        41.6463535680109     
   17.0368900000000        41.3371356140636     
   17.0449700000000        41.0526581317074     
   17.0530400000000        40.7882398143127     
   17.0611100000000        40.5413045526488     
   17.0691800000000        40.3053683464112     
