   7.15970000000000        1091.40664193027     
   7.17100000000000        1062.67493373129     
   7.18231000000000        1041.21266868953     
   7.19360000000000        975.581803405940     
   7.20490000000000        904.737977391471     
   7.21619000000000        828.693002006834     
   7.22748000000000        803.322338750169     
   7.23877000000000        822.810775483783     
   7.25005000000000        772.003951528066     
   7.26133000000000        715.868199821515     
   7.27261000000000        629.385118858876     
   7.28388000000000        552.763969209379     
   7.29515000000000        478.989993086193     
   7.30642000000000        459.026995438065     
   7.31768000000000        433.334631989172     
   7.32894000000000        429.654846067217     
   7.34020000000000        444.398071865307     
   7.35146000000000        472.427328160487     
   7.36271000000000        507.041507932144     
   7.37396000000000        555.150373915038     
   7.38520000000000        580.770171097435     
   7.39644000000000        560.030186022145     
   7.40768000000000        536.352972073015     
   7.41892000000000        497.458225583014     
   7.43015000000000        462.970939919614     
   7.44138000000000        458.948075009338     
   7.45261000000000        437.121442383184     
   7.46383000000000        407.226198683735     
   7.47505000000000        376.895513977083     
   7.48626000000000        331.216462497956     
   7.49748000000000        310.279829281813     
   7.50869000000000        311.310710403371     
   7.51990000000000        297.074303771421     
   7.53110000000000        294.075875295487     
   7.54230000000000        301.278154064932     
   7.55350000000000        306.824791478881     
   7.56469000000000        294.272673093883     
   7.57588000000000        280.372999787372     
   7.58707000000000        277.947810934265     
   7.59826000000000        294.678678665808     
   7.60944000000000        305.974462808682     
   7.62062000000000        320.482784748884     
   7.63179000000000        337.371023812820     
   7.64296000000000        339.119149976388     
   7.65413000000000        331.418464577687     
   7.66530000000000        325.981949075077     
   7.67646000000000        334.563978976982     
   7.68762000000000        354.304040972128     
   7.69878000000000        358.796868563242     
   7.70993000000000        343.113923075971     
   7.72108000000000        334.972957292215     
   7.73223000000000        342.733204547234     
   7.74337000000000        348.806484024011     
   7.75451000000000        354.900367852244     
   7.76565000000000        365.328513499915     
   7.77678000000000        378.177919787603     
   7.78791000000000        390.153499481289     
   7.79904000000000        401.964162058462     
   7.81017000000000        420.339135872916     
   7.82129000000000        431.575921593369     
   7.83241000000000        438.888212567345     
   7.84352000000000        438.485863793927     
   7.85463000000000        431.392033903798     
   7.86574000000000        434.197056939923     
   7.87685000000000        442.650691380738     
   7.88795000000000        449.054431934425     
   7.89905000000000        453.718008400088     
   7.91015000000000        448.620734875815     
   7.92124000000000        424.786403182386     
   7.93233000000000        410.215589272319     
   7.94342000000000        405.173904979901     
   7.95450000000000        404.354387148525     
   7.96558000000000        409.544976216376     
   7.97666000000000        411.685314680583     
   7.98773000000000        417.438999607490     
   7.99880000000000        429.642663756790     
   8.00987000000000        431.993479025978     
   8.02093000000000        428.645183087157     
   8.03200000000000        428.103598983346     
   8.04305000000000        428.330391004453     
   8.05411000000000        424.755754906209     
   8.06516000000000        434.661003426315     
   8.07621000000000        453.626188578219     
   8.08726000000000        475.693706042668     
   8.09830000000000        491.565024815145     
   8.10934000000000        509.409123505181     
   8.12037000000000        514.173004338657     
   8.13141000000000        508.669267720205     
   8.14244000000000        502.759812111346     
   8.15346000000000        496.181529786431     
   8.16449000000000        479.257665220648     
   8.17551000000000        462.343979809901     
   8.18652000000000        447.955768159245     
   8.19754000000000        435.633685340409     
   8.20855000000000        427.089487987462     
   8.21955000000000        428.685099596467     
   8.23056000000000        445.002101250014     
   8.24156000000000        452.468788867558     
   8.25256000000000        455.868472949366     
   8.26355000000000        453.019978094102     
   8.27454000000000        448.857610247205     
   8.28553000000000        460.498739139462     
   8.29652000000000        476.285312731754     
   8.30750000000000        495.272391807840     
   8.31848000000000        502.109391545520     
   8.32946000000000        491.439087594316     
   8.34043000000000        488.227568625488     
   8.35140000000000        481.644589753996     
   8.36236000000000        479.934274005583     
   8.37333000000000        482.311160223528     
   8.38429000000000        480.987547742875     
   8.39524000000000        477.856446248733     
   8.40620000000000        491.749759204422     
   8.41715000000000        514.632610729525     
   8.42810000000000        533.586585876987     
   8.43904000000000        553.827071759832     
   8.44998000000000        579.188729702405     
   8.46092000000000        612.748611228515     
   8.47185000000000        639.746905008097     
   8.48278000000000        654.750038503683     
   8.49371000000000        656.364775545003     
   8.50464000000000        654.481885823598     
   8.51556000000000        650.353920590618     
   8.52648000000000        637.264162374243     
   8.53739000000000        623.062724527240     
   8.54831000000000        620.607226465379     
   8.55922000000000        624.786289164792     
   8.57012000000000        623.296292174541     
   8.58103000000000        625.003638976643     
   8.59193000000000        633.184197085737     
   8.60282000000000        641.853040339832     
   8.61372000000000        641.051742591666     
   8.62461000000000        643.096186745001     
   8.63549000000000        646.009106877342     
   8.64638000000000        637.725073399296     
   8.65726000000000        625.186926919292     
   8.66814000000000        625.212567041909     
   8.67901000000000        633.687435778315     
   8.68988000000000        638.433321612713     
   8.70075000000000        627.441092650475     
   8.71161000000000        620.383763736819     
   8.72248000000000        611.946703375501     
   8.73333000000000        595.755761805709     
   8.74419000000000        581.513197470381     
   8.75504000000000        568.886238059908     
   8.76589000000000        556.007111133771     
   8.77674000000000        556.694027280187     
   8.78758000000000        561.136449555475     
   8.79842000000000        562.531857154048     
   8.80926000000000        560.458570799465     
   8.82009000000000        552.931821124389     
   8.83092000000000        545.804677357390     
   8.84175000000000        546.570896765555     
   8.85257000000000        544.636182797089     
   8.86339000000000        543.487598534648     
   8.87421000000000        549.433692151501     
   8.88502000000000        552.384857541529     
   8.89583000000000        550.774576086212     
   8.90664000000000        546.320761011306     
   8.91745000000000        544.846761466281     
   8.92825000000000        547.821947110159     
   8.93905000000000        547.447351928964     
   8.94984000000000        542.953389969373     
   8.96063000000000        538.592236151560     
   8.97142000000000        538.695274836336     
   8.98221000000000        543.445357248710     
   8.99299000000000        565.600702779790     
   9.00377000000000        599.626593480088     
   9.01455000000000        636.019178462647     
   9.02532000000000        697.418121463042     
   9.03609000000000        794.403598391689     
   9.04686000000000        923.545113227725     
   9.05762000000000        1070.77279362294     
   9.06838000000000        1231.78773025971     
   9.07914000000000        1389.30297913679     
   9.08989000000000        1478.19393521544     
   9.10064000000000        1475.41694205323     
   9.11139000000000        1427.19791670256     
   9.12214000000000        1392.85879842821     
   9.13288000000000        1380.48775238150     
   9.14362000000000        1377.11725065946     
   9.15435000000000        1323.83919818842     
   9.16508000000000        1217.50318962210     
   9.17581000000000        1139.68084675681     
   9.18654000000000        1132.44938661433     
   9.19726000000000        1133.26994029768     
   9.20798000000000        1101.88935768316     
   9.21870000000000        1072.99213535969     
   9.22941000000000        1062.94255482848     
   9.24012000000000        1046.97287322468     
   9.25082000000000        1013.18016563795     
   9.26153000000000        981.807696451532     
   9.27223000000000        954.167311789811     
   9.28293000000000        951.939085020893     
   9.29362000000000        977.071397246025     
   9.30431000000000        1000.10567837834     
   9.31500000000000        981.545237986411     
   9.32568000000000        965.127703241030     
   9.33636000000000        1002.00809390384     
   9.34704000000000        1082.51295057626     
   9.35772000000000        1162.94189030345     
   9.36839000000000        1206.27273246087     
   9.37906000000000        1207.78769725334     
   9.38972000000000        1208.84107063062     
   9.40038000000000        1236.95406599029     
   9.41104000000000        1288.41608264498     
   9.42170000000000        1331.07296036702     
   9.43235000000000        1359.34600876766     
   9.44300000000000        1397.52252315079     
   9.45365000000000        1461.40217457457     
   9.46429000000000        1512.40910831156     
   9.47493000000000        1536.32570388685     
   9.48557000000000        1568.10376960873     
   9.49620000000000        1577.02437026197     
   9.50683000000000        1565.85278746638     
   9.51746000000000        1528.24769509145     
   9.52808000000000        1517.25111432551     
   9.53871000000000        1566.08756287244     
   9.54932000000000        1641.14696452914     
   9.55994000000000        1735.30584449751     
   9.57055000000000        1788.29775300381     
   9.58116000000000        1782.42547692861     
   9.59176000000000        1766.22979184309     
   9.60237000000000        1776.39725818980     
   9.61296000000000        1793.47121597269     
   9.62356000000000        1833.44397344482     
   9.63415000000000        1877.50088404792     
   9.64474000000000        1890.81238939806     
   9.65533000000000        1879.62499957856     
   9.66591000000000        1879.71693806759     
   9.67649000000000        1902.13535119293     
   9.68707000000000        1927.65858139648     
   9.69764000000000        1955.89974345323     
   9.70821000000000        2001.15841900680     
   9.71878000000000        2110.93588165788     
   9.72934000000000        2267.10233395814     
   9.73990000000000        2379.25463832100     
   9.75046000000000        2413.05978494594     
   9.76102000000000        2410.34437432206     
   9.77157000000000        2431.68224314030     
   9.78212000000000        2461.04356030986     
   9.79266000000000        2459.74114779714     
   9.80320000000000        2444.01003943919     
   9.81374000000000        2419.76837665793     
   9.82428000000000        2406.61828778073     
   9.83481000000000        2425.33324872682     
   9.84534000000000        2444.22873877225     
   9.85586000000000        2459.69091695707     
   9.86639000000000        2465.63144383164     
   9.87691000000000        2379.24392332618     
   9.88742000000000        2277.49351753795     
   9.89794000000000        2290.73851679299     
   9.90845000000000        2350.89789612076     
   9.91895000000000        2370.94517718096     
   9.92946000000000        2368.85614941557     
   9.93996000000000        2334.95179887767     
   9.95046000000000        2272.56045752028     
   9.96095000000000        2202.10949092066     
   9.97144000000000        2131.65825969202     
   9.98193000000000        2067.63343621976     
   9.99242000000000        2047.42280460366     
   10.0029000000000        2076.00859677460     
   10.0133800000000        2109.20489539998     
   10.0238500000000        2131.09801983935     
   10.0343200000000        2116.43844776042     
   10.0447900000000        2085.01917649705     
   10.0552600000000        2066.79618385579     
   10.0657200000000        2054.34827548838     
   10.0761800000000        2047.61843108536     
   10.0866400000000        2056.22449585546     
   10.0970900000000        2081.21843899942     
   10.1075400000000        2110.89671937012     
   10.1179900000000        2112.48564027062     
   10.1284300000000        2085.78156703665     
   10.1388700000000        2091.15602652549     
   10.1493100000000        2127.61641734338     
   10.1597400000000        2109.26548395682     
   10.1701700000000        2063.11657440044     
   10.1806000000000        2051.51907534431     
   10.1910300000000        2047.10074945096     
   10.2014500000000        2033.03040227307     
   10.2118700000000        2054.32884959826     
   10.2222800000000        2099.20293149039     
   10.2326900000000        2109.30786985025     
   10.2431000000000        2081.85307739955     
   10.2535100000000        2048.47263069986     
   10.2639100000000        2024.96997963257     
   10.2743100000000        2009.85093205367     
   10.2847100000000        2041.53912477443     
   10.2951000000000        2125.96360740836     
   10.3054900000000        2185.93434713028     
   10.3158800000000        2194.75497862062     
   10.3262600000000        2194.79435808971     
   10.3366400000000        2175.90870833109     
   10.3470200000000        2142.07044948353     
   10.3573900000000        2149.34444045846     
   10.3677600000000        2207.84977260860     
   10.3781300000000        2261.49898629406     
   10.3884900000000        2277.20944387227     
   10.3988600000000        2262.52227000534     
   10.4092100000000        2236.93585955252     
   10.4195700000000        2223.55684291680     
   10.4299200000000        2226.39321033107     
   10.4402700000000        2226.99071753214     
   10.4506100000000        2198.98981418230     
   10.4609600000000        2138.07978310334     
   10.4713000000000        2057.79204624649     
   10.4816300000000        1972.23845300992     
   10.4919600000000        1911.70997133503     
   10.5022900000000        1883.17470553741     
   10.5126200000000        1862.90272929947     
   10.5229400000000        1837.23404603066     
   10.5332600000000        1784.31560419150     
   10.5435800000000        1714.01475608616     
   10.5539000000000        1641.13303590209     
   10.5642100000000        1569.38578616838     
   10.5745100000000        1504.84964099498     
   10.5848200000000        1451.45841896530     
   10.5951200000000        1399.21216727926     
   10.6054200000000        1352.50729078488     
   10.6157100000000        1320.39895356092     
   10.6260000000000        1311.76453190411     
   10.6362900000000        1335.50721107932     
   10.6465800000000        1360.30258085150     
   10.6568600000000        1368.22711364280     
   10.6671400000000        1373.69672809890     
   10.6774100000000        1384.49373995440     
   10.6876900000000        1402.20320249793     
   10.6979600000000        1428.34493946482     
   10.7082200000000        1466.62140674531     
   10.7184900000000        1518.83724716980     
   10.7287500000000        1575.10255294688     
   10.7390000000000        1627.05077857486     
   10.7492600000000        1676.41546493017     
   10.7595100000000        1722.27984473623     
   10.7697500000000        1773.84342283295     
   10.7800000000000        1851.48232651444     
   10.7902400000000        1948.19812478326     
   10.8004800000000        2040.22042644973     
   10.8107100000000        2111.46625468650     
   10.8209400000000        2142.54702625183     
   10.8311700000000        2145.71511281625     
   10.8414000000000        2158.28749138324     
   10.8516200000000        2192.40923879098     
   10.8618400000000        2243.91630622784     
   10.8720500000000        2293.55853610565     
   10.8822700000000        2326.11461649408     
   10.8924800000000        2333.88765574225     
   10.9026800000000        2314.15513851700     
   10.9128800000000        2288.72142741965     
   10.9230800000000        2286.90658526211     
   10.9332800000000        2305.63179781930     
   10.9434700000000        2329.70902959196     
   10.9536600000000        2359.75210716057     
   10.9638500000000        2377.89686317087     
   10.9740400000000        2348.68556749987     
   10.9842200000000        2272.64802892322     
   10.9943900000000        2177.03878084016     
   11.0045700000000        2089.98162399906     
   11.0147400000000        2031.07728941973     
   11.0249100000000        1988.95018573760     
   11.0350700000000        1947.96675366771     
   11.0452300000000        1906.34870044672     
   11.0553900000000        1875.30686520520     
   11.0655500000000        1872.32353033707     
   11.0757000000000        1897.28069629180     
   11.0858500000000        1935.69346839709     
   11.0960000000000        1972.84960145542     
   11.1061400000000        1991.88479933367     
   11.1162800000000        1992.54148269369     
   11.1264200000000        1995.84596593346     
   11.1365500000000        2019.66362062419     
   11.1466800000000        2061.82338450738     
   11.1568100000000        2102.86284035090     
   11.1669300000000        2133.81710475117     
   11.1770500000000        2162.99037030159     
   11.1871700000000        2197.08893182590     
   11.1972800000000        2223.51391171263     
   11.2073900000000        2231.36433684980     
   11.2175000000000        2220.69395952434     
   11.2276100000000        2212.52891576613     
   11.2377100000000        2231.80346518415     
   11.2478100000000        2280.02097521248     
   11.2579000000000        2336.69989221588     
   11.2679900000000        2383.37511650460     
   11.2780800000000        2415.90351908508     
   11.2881700000000        2439.54467379102     
   11.2982500000000        2465.80699310455     
   11.3083300000000        2509.10681350392     
   11.3184100000000        2563.36540089522     
   11.3284800000000        2600.73037145871     
   11.3385500000000        2612.32216946545     
   11.3486200000000        2617.05458270349     
   11.3586800000000        2636.71711382290     
   11.3687400000000        2676.04498637975     
   11.3788000000000        2717.65275317362     
   11.3888500000000        2751.21937868221     
   11.3989000000000        2774.07315056344     
   11.4089500000000        2788.31639623919     
   11.4189900000000        2808.62608712163     
   11.4290400000000        2838.43836958064     
   11.4390700000000        2860.32652957644     
   11.4491100000000        2854.38944306133     
   11.4591400000000        2829.66177343494     
   11.4691700000000        2806.95965130360     
   11.4792000000000        2798.62399569156     
   11.4892200000000        2803.86127600766     
   11.4992400000000        2819.08526449683     
   11.5092500000000        2836.05495399646     
   11.5192700000000        2834.67866359454     
   11.5292800000000        2820.15684324697     
   11.5392800000000        2815.86212064233     
   11.5492900000000        2826.85392222736     
   11.5592900000000        2843.10246292471     
   11.5692800000000        2854.75001965296     
   11.5792800000000        2867.93039667675     
   11.5892700000000        2888.29093973286     
   11.5992600000000        2909.22935171801     
   11.6092400000000        2930.68334288392     
   11.6192200000000        2950.66838228752     
   11.6292000000000        2959.39743854659     
   11.6391700000000        2957.03614785863     
   11.6491500000000        2949.31932959771     
   11.6591200000000        2944.82571701547     
   11.6690800000000        2947.02696840032     
   11.6790400000000        2952.05567520326     
   11.6890000000000        2953.87773996637     
   11.6989600000000        2950.00271435543     
   11.7089100000000        2951.02314925579     
   11.7188600000000        2964.37792379668     
   11.7288100000000        2979.28828539824     
   11.7387500000000        2988.24518882252     
   11.7486900000000        2990.06796373457     
   11.7586300000000        2972.94006228213     
   11.7685600000000        2940.12070565753     
   11.7784900000000        2902.35749703444     
   11.7884200000000        2847.96581104181     
   11.7983400000000        2791.08362761866     
   11.8082600000000        2765.81794965828     
   11.8181800000000        2778.15583697714     
   11.8281000000000        2808.60965770478     
   11.8380100000000        2826.93037894960     
   11.8479200000000        2816.65841304936     
   11.8578200000000        2783.56298843211     
   11.8677200000000        2739.43853389417     
   11.8776200000000        2691.73691990685     
   11.8875200000000        2640.20298969239     
   11.8974100000000        2588.49086425271     
   11.9073000000000        2544.96896551681     
   11.9171900000000        2515.26635694746     
   11.9270700000000        2497.06764670084     
   11.9369500000000        2486.93240136969     
   11.9468300000000        2487.55048677069     
   11.9567000000000        2495.24012414812     
   11.9665700000000        2494.00552080813     
   11.9764400000000        2466.02989485526     
   11.9863000000000        2408.28572201563     
   11.9961600000000        2341.73339786804     
   12.0060200000000        2290.42995553104     
   12.0158700000000        2257.66905941008     
   12.0257300000000        2236.58421232980     
   12.0355700000000        2231.28665067458     
   12.0454200000000        2251.62318392635     
   12.0552600000000        2295.98387619309     
   12.0651000000000        2350.13955440632     
   12.0749400000000        2403.14865841079     
   12.0847700000000        2451.64445128928     
   12.0946000000000        2500.41354379493     
   12.1044200000000        2552.24271589615     
   12.1142500000000        2595.44941371053     
   12.1240700000000        2624.79308996263     
   12.1338800000000        2656.63685036753     
   12.1437000000000        2712.52875016920     
   12.1535100000000        2794.36619210742     
   12.1633100000000        2878.03197082955     
   12.1731200000000        2942.41101335525     
   12.1829200000000        2987.67638168846     
   12.1927200000000        3016.78641817269     
   12.2025100000000        3038.64363980535     
   12.2123000000000        3062.54230212385     
   12.2220900000000        3076.69085648413     
   12.2318700000000        3073.12157997710     
   12.2416600000000        3061.81404153491     
   12.2514300000000        3048.14778188744     
   12.2612100000000        3035.12026503538     
   12.2709800000000        3038.08565512658     
   12.2807500000000        3069.71420245438     
   12.2905200000000        3120.55082241375     
   12.3002800000000        3176.52483666836     
   12.3100400000000        3233.50011564052     
   12.3198000000000        3281.93231785599     
   12.3295500000000        3305.55825254197     
   12.3393000000000        3307.04418850161     
   12.3490500000000        3310.39697350478     
   12.3587900000000        3331.00188160166     
   12.3685300000000        3358.56330364322     
   12.3782700000000        3369.05333558411     
   12.3880000000000        3356.35118244425     
   12.3977300000000        3339.86886489830     
   12.4074600000000        3336.01258984716     
   12.4171800000000        3340.49250677501     
   12.4269100000000        3339.23241515300     
   12.4366200000000        3325.30874504322     
   12.4463400000000        3298.29126452347     
   12.4560500000000        3251.09510467822     
   12.4657600000000        3175.82695864925     
   12.4754700000000        3079.31266571293     
   12.4851700000000        2986.96275007379     
   12.4948700000000        2924.51578620131     
   12.5045600000000        2905.69300483213     
   12.5142600000000        2930.56333158017     
   12.5239500000000        2985.48943285790     
   12.5336300000000        3046.73858634101     
   12.5433200000000        3092.82544072789     
   12.5530000000000        3113.62700106203     
   12.5626800000000        3113.15716981841     
   12.5723500000000        3103.69644815201     
   12.5820200000000        3094.52392940964     
   12.5916900000000        3086.09842867191     
   12.6013500000000        3071.29965929371     
   12.6110100000000        3050.07019654052     
   12.6206700000000        3034.22102538561     
   12.6303300000000        3027.31114441159     
   12.6399800000000        3023.41792975840     
   12.6496300000000        3015.86671490859     
   12.6592700000000        2993.20515264225     
   12.6689200000000        2946.84942351321     
   12.6785500000000        2890.02226321237     
   12.6881900000000        2849.35534841341     
   12.6978200000000        2842.20280176149     
   12.7074500000000        2873.74875468789     
   12.7170800000000        2940.93127610039     
   12.7267000000000        3028.43828149810     
   12.7363200000000        3112.62037526675     
   12.7459400000000        3175.10155658160     
   12.7555500000000        3208.76750667728     
   12.7651600000000        3214.60978004532     
   12.7747700000000        3198.13788457281     
   12.7843800000000        3167.17801132294     
   12.7939800000000        3136.29549848468     
   12.8035800000000        3123.76421504893     
   12.8131700000000        3136.41961442089     
   12.8227600000000        3161.14547968750     
   12.8323500000000        3179.11843574182     
   12.8419400000000        3185.96263373544     
   12.8515200000000        3189.79901988651     
   12.8611000000000        3198.13969891665     
   12.8706700000000        3212.81980652762     
   12.8802500000000        3231.77486226238     
   12.8898100000000        3249.88665804713     
   12.8993800000000        3262.43223589458     
   12.9089400000000        3273.46083273318     
   12.9185000000000        3294.80669166966     
   12.9280600000000        3333.71773822910     
   12.9376100000000        3384.87420019790     
   12.9471700000000        3438.07512659917     
   12.9567100000000        3489.21741751008     
   12.9662600000000        3539.70268912135     
   12.9758000000000        3586.86695705838     
   12.9853400000000        3625.27462562861     
   12.9948700000000        3653.70897699903     
   13.0044000000000        3670.50979965610     
   13.0139300000000        3670.75213239897     
   13.0234600000000        3658.24337615187     
   13.0329800000000        3647.77147073159     
   13.0425000000000        3649.05496172372     
   13.0520100000000        3660.45597092587     
   13.0615200000000        3675.80450990193     
   13.0710300000000        3692.16058272125     
   13.0805400000000        3711.87529522247     
   13.0900400000000        3739.58045741775     
   13.0995400000000        3782.62891752253     
   13.1090400000000        3848.57997130547     
   13.1185300000000        3935.06789015187     
   13.1280200000000        4027.82852588868     
   13.1375100000000        4111.51451134129     
   13.1469900000000        4179.41559888984     
   13.1564700000000        4233.80604294625     
   13.1659500000000        4280.22137133371     
   13.1754300000000        4321.68417248464     
   13.1849000000000        4358.89813471750     
   13.1943700000000        4393.73582843105     
   13.2038300000000        4429.32431216994     
   13.2132900000000        4466.18975485195     
   13.2227500000000        4496.70395549936     
   13.2322100000000        4510.07498831372     
   13.2416600000000        4502.83210533875     
   13.2511100000000        4481.13023251880     
   13.2605500000000        4456.55306103165     
   13.2700000000000        4437.76235258947     
   13.2794400000000        4425.13666421308     
   13.2888700000000        4411.87058575991     
   13.2983100000000        4388.76064724655     
   13.3077400000000        4349.20994249560     
   13.3171600000000        4296.16064939821     
   13.3265900000000        4241.66488017540     
   13.3360100000000        4196.65463392968     
   13.3454300000000        4164.45099712730     
   13.3548400000000        4141.90353613610     
   13.3642500000000        4124.10782347101     
   13.3736600000000        4109.23520490421     
   13.3830600000000        4097.94075276311     
   13.3924700000000        4093.47932106483     
   13.4018600000000        4101.30091108634     
   13.4112600000000        4118.92129419431     
   13.4206500000000        4132.92210786042     
   13.4300400000000        4134.64395545296     
   13.4394300000000        4128.29025880658     
   13.4488100000000        4121.73671291633     
   13.4581900000000        4118.80465771102     
   13.4675600000000        4119.34692673766     
   13.4769400000000        4120.86700686572     
   13.4863100000000        4122.47101545022     
   13.4956700000000        4129.21145431427     
   13.5050400000000        4146.01763556586     
   13.5144000000000        4167.51652759544     
   13.5237600000000        4180.14449015622     
   13.5331100000000        4173.43464500076     
   13.5424600000000        4148.55638279377     
   13.5518100000000        4114.88337716831     
   13.5611500000000        4083.01921978496     
   13.5704900000000        4062.65427998008     
   13.5798300000000        4061.15102776633     
   13.5891700000000        4080.66280189359     
   13.5985000000000        4116.15513403899     
   13.6078300000000        4158.45234228676     
   13.6171500000000        4200.46699828357     
   13.6264800000000        4239.49210713007     
   13.6358000000000        4274.42734954653     
   13.6451100000000        4304.65006526790     
   13.6544200000000        4330.88741713752     
   13.6637300000000        4354.35832723041     
   13.6730400000000        4374.88204552231     
   13.6823400000000        4391.19813375203     
   13.6916400000000        4402.76549302158     
   13.7009400000000        4409.89144183683     
   13.7102400000000        4411.43033461174     
   13.7195300000000        4405.03459743151     
   13.7288100000000        4391.83505865263     
   13.7381000000000        4378.07571777935     
   13.7473800000000        4369.78347034008     
   13.7566600000000        4366.26293434280     
   13.7659300000000        4360.63485683504     
   13.7752000000000        4348.44010201805     
   13.7844700000000        4333.67636428258     
   13.7937400000000        4325.26621521728     
   13.8030000000000        4331.80825975092     
   13.8122600000000        4359.39757252772     
   13.8215200000000        4410.64507422440     
   13.8307700000000        4484.11332174066     
   13.8400200000000        4575.08094336829     
   13.8492600000000        4677.00101646906     
   13.8585100000000        4781.43363287316     
   13.8677500000000        4876.63527212059     
   13.8769800000000        4952.97128591542     
   13.8862200000000        5007.55841358308     
   13.8954500000000        5042.52759287922     
   13.9046800000000        5060.18838382826     
   13.9139000000000        5060.18837259780     
   13.9231200000000        5042.05180399554     
   13.9323400000000        5008.23787407001     
   13.9415500000000        4966.86473360753     
   13.9507700000000        4933.18668792080     
   13.9599700000000        4924.52980362478     
   13.9691800000000        4948.87944438079     
   13.9783800000000        4999.75953558798     
   13.9875800000000        5061.64008913407     
   13.9967800000000        5118.44567999024     
   14.0059700000000        5160.96852940136     
   14.0151600000000        5191.09508366970     
   14.0243400000000        5216.43149285961     
   14.0335300000000        5242.45250237032     
   14.0427100000000        5270.39603232125     
   14.0518800000000        5297.70033179133     
   14.0610600000000        5318.36154228771     
   14.0702300000000        5325.74368617524     
   14.0794000000000        5317.27103067355     
   14.0885600000000        5296.78464375887     
   14.0977200000000        5271.80015918658     
   14.1068800000000        5249.30879164955     
   14.1160300000000        5234.77638890583     
   14.1251800000000        5230.88378114872     
   14.1343300000000        5234.14500683924     
   14.1434800000000        5235.43002745155     
   14.1526200000000        5226.97001483053     
   14.1617600000000        5207.51077125825     
   14.1708900000000        5180.72605837546     
   14.1800300000000        5152.89616606758     
   14.1891500000000        5133.74626022125     
   14.1982800000000        5133.67829815768     
   14.2074000000000        5156.90591054899     
   14.2165200000000        5197.65815627226     
   14.2256400000000        5244.44492669469     
   14.2347500000000        5288.08306944303     
   14.2438600000000        5327.77112737903     
   14.2529700000000        5371.27268936545     
   14.2620700000000        5429.83254335047     
   14.2711800000000        5512.11475266353     
   14.2802700000000        5620.14333505829     
   14.2893700000000        5749.98060388108     
   14.2984600000000        5891.06451768587     
   14.3075500000000        6029.64966332508     
   14.3166300000000        6154.41073906264     
   14.3257100000000        6263.16892721224     
   14.3347900000000        6359.83449080144     
   14.3438700000000        6444.83136772119     
   14.3529400000000        6510.83594135675     
   14.3620100000000        6548.14677552450     
   14.3710700000000        6550.50751273532     
   14.3801400000000        6517.14189553561     
   14.3892000000000        6452.91351358532     
   14.3982500000000        6366.75604607103     
   14.4073100000000        6267.48530090323     
   14.4163600000000        6162.25548757136     
   14.4254000000000        6057.31811226309     
   14.4344500000000        5958.78011173421     
   14.4434900000000        5871.41601415161     
   14.4525200000000        5795.62823274951     
   14.4615600000000        5727.62330195188     
   14.4705900000000        5663.41730459020     
   14.4796200000000        5602.38774758485     
   14.4886400000000        5547.22180043468     
   14.4976600000000        5499.47890873235     
   14.5066800000000        5457.78247768913     
   14.5157000000000        5419.24910474860     
   14.5247100000000        5381.82222384783     
   14.5337200000000        5346.00464687059     
   14.5427200000000        5315.83932293271     
   14.5517300000000        5297.51851294498     
   14.5607300000000        5297.07302265790     
   14.5697200000000        5317.26975302709     
   14.5787100000000        5355.28041029931     
   14.5877000000000        5403.00330447781     
   14.5966900000000        5450.69153298483     
   14.6056700000000        5491.27706720882     
   14.6146600000000        5523.30866945203     
   14.6236300000000        5549.60432579777     
   14.6326100000000        5572.56135484868     
   14.6415800000000        5589.68377198720     
   14.6505400000000        5596.40142237886     
   14.6595100000000        5592.39218847685     
   14.6684700000000        5582.42377247784     
   14.6774300000000        5570.97720224332     
   14.6863800000000        5559.44578712900     
   14.6953400000000        5548.18383130908     
   14.7042800000000        5537.91956897961     
   14.7132300000000        5528.73143481267     
   14.7221700000000        5520.20503860385     
   14.7311100000000        5512.12034305444     
   14.7400500000000        5504.03907234610     
   14.7489800000000        5493.28318615776     
   14.7579100000000        5473.23234023976     
   14.7668400000000        5435.87036728543     
   14.7757600000000        5378.14860613504     
   14.7846800000000        5305.00962293117     
   14.7936000000000        5226.61116750120     
   14.8025100000000        5153.43607425134     
   14.8114200000000        5093.26750906352     
   14.8203300000000        5051.64228362988     
   14.8292300000000        5032.30464304594     
   14.8381300000000        5035.92878495400     
   14.8470300000000        5059.11775698050     
   14.8559300000000        5095.44611631872     
   14.8648200000000        5137.85674800252     
   14.8737100000000        5180.42234036373     
   14.8825900000000        5217.93755840024     
   14.8914700000000        5245.89644685547     
   14.9003500000000        5261.86531220140     
   14.9092300000000        5266.59815313977     
   14.9181000000000        5262.38452804167     
   14.9269700000000        5250.56005275081     
   14.9358400000000        5231.07740135362     
   14.9447000000000        5203.57091998902     
   14.9535600000000        5167.97557722002     
   14.9624200000000        5124.94213969195     
   14.9712700000000        5076.37791952152     
   14.9801200000000        5025.69259043411     
   14.9889700000000        4977.46832612646     
   14.9978100000000        4935.87105140505     
   15.0066500000000        4903.10062349902     
   15.0154900000000        4879.36870161399     
   15.0243300000000        4863.11830384364     
   15.0331600000000        4851.21508545195     
   15.0419900000000        4839.70015602220     
   15.0508100000000        4825.37290554323     
   15.0596300000000        4806.91450567452     
   15.0684500000000        4785.05830208936     
   15.0772700000000        4761.51187248428     
   15.0860800000000        4737.27492073574     
   15.0948900000000        4712.01039571401     
   15.1037000000000        4685.83420839764     
   15.1125000000000        4661.15708300664     
   15.1213000000000        4641.51462784031     
   15.1301000000000        4628.69310754527     
   15.1388900000000        4621.71376236791     
   15.1476800000000        4618.67762442905     
   15.1564700000000        4618.81639140231     
   15.1652500000000        4622.59603405526     
   15.1740300000000        4630.54339782181     
   15.1828100000000        4642.05491424036     
   15.1915800000000        4654.85657926473     
   15.2003500000000        4665.28389482967     
   15.2091200000000        4668.85194564782     
   15.2178900000000        4661.15596569164     
   15.2266500000000        4639.24527401360     
   15.2354100000000        4602.90532113218     
   15.2441600000000        4554.75606040171     
   15.2529200000000        4497.81599298513     
   15.2616700000000        4433.33933420424     
   15.2704100000000        4360.77009452365     
   15.2791500000000        4281.05551363628     
   15.2878900000000        4199.35001068120     
   15.2966300000000        4123.47662846692     
   15.3053600000000        4059.67542550963     
   15.3140900000000        4009.27166543501     
   15.3228200000000        3969.31913578746     
   15.3315400000000        3935.56183915038     
   15.3402600000000        3905.79968719286     
   15.3489800000000        3881.50333056931     
   15.3577000000000        3866.17101278803     
   15.3664100000000        3862.02175026309     
   15.3751200000000        3867.62798878566     
   15.3838200000000        3878.28404901696     
   15.3925200000000        3888.10105931215     
   15.4012200000000        3891.57890283481     
   15.4099200000000        3884.44943181194     
   15.4186100000000        3864.77041876730     
   15.4273000000000        3833.72600006384     
   15.4359800000000        3795.23807995776     
   15.4446700000000        3754.21122632862     
   15.4533400000000        3715.35453692712     
   15.4620200000000        3681.71955462744     
   15.4706900000000        3654.63816282434     
   15.4793600000000        3633.11830410677     
   15.4880300000000        3614.20964595160     
   15.4966900000000        3593.97394548873     
   15.5053500000000        3569.15531453895     
   15.5140100000000        3538.92751499716     
   15.5226700000000        3505.37435223934     
   15.5313200000000        3472.36847998770     
   15.5399600000000        3443.45732649418     
   15.5486100000000        3420.40064275884     
   15.5572500000000        3403.08794934856     
   15.5658900000000        3389.75918484167     
   15.5745200000000        3377.70752429549     
   15.5831600000000        3363.86280440801     
   15.5917900000000        3345.57157638286     
   15.6004100000000        3321.04114867047     
   15.6090300000000        3289.56211184984     
   15.6176500000000        3251.44868993138     
   15.6262700000000        3207.68280455704     
   15.6348800000000        3159.69867631018     
   15.6434900000000        3109.19142169526     
   15.6521000000000        3058.45004869639     
   15.6607000000000        3010.47486608193     
   15.6693000000000        2968.47037895466     
   15.6779000000000        2935.17351820072     
   15.6864900000000        2911.84501891573     
   15.6950800000000        2897.50698027249     
   15.7036700000000        2888.92646247031     
   15.7122600000000        2881.38194858124     
   15.7208400000000        2870.47782457985     
   15.7294100000000        2854.03077051820     
   15.7379900000000        2832.90796994000     
   15.7465600000000        2810.66731486346     
   15.7551300000000        2791.70269261617     
   15.7637000000000        2779.18198974388     
   15.7722600000000        2773.58719825247     
   15.7808200000000        2772.78161288690     
   15.7893700000000        2773.32044338200     
   15.7979300000000        2771.85461391043     
   15.8064700000000        2765.98648888698     
   15.8150200000000        2754.54880833940     
   15.8235600000000        2737.89192145727     
   15.8321000000000        2717.93461317693     
   15.8406400000000        2697.73609894946     
   15.8491800000000        2680.31495059361     
   15.8577100000000        2667.56536515523     
   15.8662300000000        2659.87600019468     
   15.8747600000000        2656.40515210229     
   15.8832800000000        2655.52645077266     
   15.8918000000000        2655.39764964347     
   15.9003100000000        2654.73869839694     
   15.9088200000000        2653.22373535288     
   15.9173300000000        2651.24444849729     
   15.9258400000000        2649.44096971116     
   15.9343400000000        2648.38333543542     
   15.9428400000000        2648.26583653136     
   15.9513300000000        2648.44052441852     
   15.9598300000000        2646.98885132142     
   15.9683100000000        2640.88202645719     
   15.9768000000000        2626.95670016392     
   15.9852800000000        2603.48735976650     
   15.9937600000000        2571.13801892157     
   16.0022400000000        2532.86910196267     
   16.0107100000000        2492.76859839935     
   16.0191800000000        2454.50823944880     
   16.0276500000000        2420.56414988543     
   16.0361200000000        2391.72338298245     
   16.0445800000000        2367.02408572753     
   16.0530300000000        2344.08137692191     
   16.0614900000000        2320.00986070636     
   16.0699400000000        2292.87250491091     
   16.0783900000000        2262.61610070187     
   16.0868300000000        2231.48894194549     
   16.0952800000000        2202.91981590332     
   16.1037100000000        2180.14077024946     
   16.1121500000000        2164.57475053002     
   16.1205800000000        2155.98425471486     
   16.1290100000000        2153.07281291357     
   16.1374400000000        2154.54239495813     
   16.1458600000000        2159.46197415988     
   16.1542800000000        2166.88688247555     
   16.1627000000000        2175.15580002384     
   16.1711100000000        2181.58526477201     
   16.1795200000000        2182.85049090072     
   16.1879300000000        2175.78365886994     
   16.1963300000000        2158.47421779964     
   16.2047300000000        2131.18649924713     
   16.2131300000000        2096.74752823446     
   16.2215200000000        2059.87642299246     
   16.2299100000000        2025.46642183282     
   16.2383000000000        1997.21440871102     
   16.2466900000000        1976.89682242502     
   16.2550700000000        1964.40510377153     
   16.2634500000000        1957.95375162587     
   16.2718200000000        1954.57845892141     
   16.2802000000000        1950.94918784176     
   16.2885600000000        1944.56810422740     
   16.2969300000000        1934.58913083153     
   16.3052900000000        1922.01210622717     
   16.3136500000000        1908.95185580054     
   16.3220100000000        1897.74554427538     
   16.3303600000000        1890.31952734793     
   16.3387100000000        1888.05232568502     
   16.3470600000000        1892.01526122997     
   16.3554000000000        1903.07850841260     
   16.3637400000000        1921.77434492059     
   16.3720800000000        1947.79652084533     
   16.3804200000000        1979.50865592072     
   16.3887500000000        2013.85078288598     
   16.3970700000000        2046.99110191561     
   16.4054000000000        2075.19013915143     
   16.4137200000000        2095.18312585501     
   16.4220400000000        2104.72886501222     
   16.4303500000000        2102.74864038903     
   16.4386700000000        2089.68046632949     
   16.4469700000000        2067.62466509210     
   16.4552800000000        2039.63807478371     
   16.4635800000000        2009.01763041841     
   16.4718800000000        1978.07375567823     
   16.4801800000000        1947.71749654404     
   16.4884700000000        1917.68236104171     
   16.4967600000000        1887.26435719127     
   16.5050500000000        1856.31892334474     
   16.5133300000000        1825.59355395070     
   16.5216100000000        1796.26595320496     
   16.5298900000000        1769.38336002351     
   16.5381600000000        1745.31113527110     
   16.5464300000000        1723.50630021286     
   16.5547000000000        1702.88632025196     
   16.5629700000000        1682.26966209541     
   16.5712300000000        1660.77995934664     
   16.5794900000000        1637.86433041157     
   16.5877400000000        1613.26816273518     
   16.5959900000000        1586.77426850028     
   16.6042400000000        1558.25231480330     
   16.6124900000000        1527.68838403662     
   16.6207300000000        1495.32129799764     
   16.6289700000000        1461.64606476693     
   16.6372000000000        1427.62814184359     
   16.6454400000000        1394.38686427373     
   16.6536700000000        1363.25196436234     
   16.6618900000000        1335.34171072283     
   16.6701200000000        1311.51591633800     
   16.6783400000000        1292.45230640400     
   16.6865500000000        1278.27907320588     
   16.6947700000000        1268.52977744737     
   16.7029800000000        1262.27934252010     
   16.7111900000000        1258.22307855905     
   16.7193900000000        1254.91376569750     
   16.7275900000000        1250.89357600798     
   16.7357900000000        1244.88348776930     
   16.7439800000000        1236.01119857558     
   16.7521800000000        1223.95663554049     
   16.7603600000000        1209.12194519720     
   16.7685500000000        1192.36191649388     
   16.7767300000000        1174.94725483561     
   16.7849100000000        1158.15985036392     
   16.7930900000000        1143.18668538327     
   16.8012600000000        1131.01403230891     
   16.8094300000000        1122.28887510303     
   16.8175900000000        1117.23475303819     
   16.8257600000000        1115.49862632659     
   16.8339200000000        1116.27592443725     
   16.8420700000000        1118.63889870253     
   16.8502300000000        1122.01194007478     
   16.8583800000000        1126.38769534745     
   16.8665300000000        1132.21406824165     
   16.8746700000000        1139.94926987678     
   16.8828100000000        1149.67631830262     
   16.8909500000000        1160.90469317241     
   16.8990800000000        1172.67827574756     
   16.9072100000000        1183.91216278726     
   16.9153400000000        1193.59366930003     
   16.9234700000000        1200.82880267812     
   16.9315900000000        1204.71147573742     
   16.9397100000000        1204.26463926233     
   16.9478200000000        1198.54254592089     
   16.9559400000000        1186.89473790478     
   16.9640500000000        1169.36026786864     
   16.9721500000000        1146.81101496508     
   16.9802600000000        1120.80114764866     
   16.9883600000000        1093.39236547410     
   16.9964500000000        1066.49224874651     
   17.0045500000000        1041.47113237048     
   17.0126400000000        1019.18158602321     
   17.0207200000000        999.764490654456     
   17.0288100000000        982.825394475787     
   17.0368900000000        967.794266830120     
   17.0449700000000        954.018186021545     
   17.0530400000000        941.040697646742     
   17.0611100000000        928.586437547178     
   17.0691800000000        916.538197447268     
