   7.15970000000000        71.1212319230792     
   7.17100000000000        72.2164162747321     
   7.18231000000000        74.0844334940891     
   7.19360000000000        74.1416055244503     
   7.20490000000000        73.9249427023243     
   7.21619000000000        73.9834140501073     
   7.22748000000000        71.5948824873684     
   7.23877000000000        70.3733325064967     
   7.25005000000000        69.3978265354897     
   7.26133000000000        70.8719706673159     
   7.27261000000000        72.2710499663987     
   7.28388000000000        73.1823348612463     
   7.29515000000000        76.2900438103178     
   7.30642000000000        80.7967990654475     
   7.31768000000000        84.6060569960664     
   7.32894000000000        87.2688760388395     
   7.34020000000000        89.1855643739596     
   7.35146000000000        92.4279960349237     
   7.36271000000000        95.0596510777739     
   7.37396000000000        97.6852259874088     
   7.38520000000000        96.7119963285381     
   7.39644000000000        92.3848837512791     
   7.40768000000000        89.9046786838120     
   7.41892000000000        87.9566007557708     
   7.43015000000000        88.4089252418489     
   7.44138000000000        89.9636231946331     
   7.45261000000000        90.4728946633104     
   7.46383000000000        88.9371987841965     
   7.47505000000000        87.8123571119853     
   7.48626000000000        87.4703170592508     
   7.49748000000000        90.5279879486609     
   7.50869000000000        93.4490110332960     
   7.51990000000000        94.1451417220981     
   7.53110000000000        90.9423509482929     
   7.54230000000000        89.3229093994331     
   7.55350000000000        89.2320407164926     
   7.56469000000000        90.0584208309873     
   7.57588000000000        91.2916319779199     
   7.58707000000000        90.3038711207452     
   7.59826000000000        88.2474312885044     
   7.60944000000000        88.9547634972706     
   7.62062000000000        92.3709066502660     
   7.63179000000000        96.7726832597350     
   7.64296000000000        97.8739576399139     
   7.65413000000000        94.0319692169211     
   7.66530000000000        86.5003640725746     
   7.67646000000000        79.9225431227828     
   7.68762000000000        77.2317114101224     
   7.69878000000000        76.8692347470508     
   7.70993000000000        76.8567700966889     
   7.72108000000000        75.5956854210509     
   7.73223000000000        74.1469663210406     
   7.74337000000000        72.4674725644254     
   7.75451000000000        72.4502935347756     
   7.76565000000000        74.0962975250643     
   7.77678000000000        75.3205527031235     
   7.78791000000000        75.0014474788141     
   7.79904000000000        74.0220995091833     
   7.81017000000000        73.4231335834404     
   7.82129000000000        74.1285076096828     
   7.83241000000000        75.9983081432873     
   7.84352000000000        78.8118058896319     
   7.85463000000000        78.8978002879239     
   7.86574000000000        74.3453078938966     
   7.87685000000000        68.3382358511858     
   7.88795000000000        64.7430198869435     
   7.89905000000000        63.6683332284298     
   7.91015000000000        63.9160765902518     
   7.92124000000000        62.2217869251006     
   7.93233000000000        61.2977726677628     
   7.94342000000000        60.6888497495611     
   7.95450000000000        59.6730072970503     
   7.96558000000000        58.5544941474084     
   7.97666000000000        57.8648501176030     
   7.98773000000000        56.6629700684292     
   7.99880000000000        54.6254842196973     
   8.00987000000000        51.8399798201457     
   8.02093000000000        51.2958301095034     
   8.03200000000000        53.5903106030083     
   8.04305000000000        58.0548802504005     
   8.05411000000000        61.0229147436083     
   8.06516000000000        63.3809794871699     
   8.07621000000000        66.3805232657544     
   8.08726000000000        68.6867189236158     
   8.09830000000000        71.3847882515288     
   8.10934000000000        73.7888418580071     
   8.12037000000000        77.2885144529683     
   8.13141000000000        79.7630535435765     
   8.14244000000000        79.7773942487474     
   8.15346000000000        79.8849696184550     
   8.16449000000000        79.2112271111805     
   8.17551000000000        76.4182936913904     
   8.18652000000000        71.0758853967212     
   8.19754000000000        66.0662087321294     
   8.20855000000000        60.6417158792511     
   8.21955000000000        54.4425349761541     
   8.23056000000000        50.2034073802952     
   8.24156000000000        50.7399477167988     
   8.25256000000000        54.2398112236108     
   8.26355000000000        58.3398092385022     
   8.27454000000000        62.9983185483879     
   8.28553000000000        67.6252145526391     
   8.29652000000000        73.2593520779160     
   8.30750000000000        81.2115618880692     
   8.31848000000000        88.7285247195146     
   8.32946000000000        95.7534340230096     
   8.34043000000000        99.3240833270127     
   8.35140000000000        101.070310395097     
   8.36236000000000        102.931025611674     
   8.37333000000000        105.869244141239     
   8.38429000000000        110.702876876637     
   8.39524000000000        117.249447951761     
   8.40620000000000        121.592489835334     
   8.41715000000000        123.391092471562     
   8.42810000000000        122.879654303380     
   8.43904000000000        123.166422319927     
   8.44998000000000        119.650640823225     
   8.46092000000000        112.070448024293     
   8.47185000000000        106.208209366790     
   8.48278000000000        104.780453848513     
   8.49371000000000        104.611656557364     
   8.50464000000000        105.234106066803     
   8.51556000000000        106.803074238436     
   8.52648000000000        108.642985627650     
   8.53739000000000        109.765601407664     
   8.54831000000000        111.173577172627     
   8.55922000000000        114.136713453575     
   8.57012000000000        121.124025841010     
   8.58103000000000        129.152146304051     
   8.59193000000000        136.438791419000     
   8.60282000000000        139.567593347235     
   8.61372000000000        140.432259882786     
   8.62461000000000        141.919181446501     
   8.63549000000000        143.871492842187     
   8.64638000000000        147.539835606788     
   8.65726000000000        153.499202566148     
   8.66814000000000        160.084292438915     
   8.67901000000000        166.360041386184     
   8.68988000000000        170.799622987198     
   8.70075000000000        172.399138392706     
   8.71161000000000        171.368799386942     
   8.72248000000000        171.265578572693     
   8.73333000000000        172.006351265263     
   8.74419000000000        171.205222381130     
   8.75504000000000        166.661275266813     
   8.76589000000000        160.521613403006     
   8.77674000000000        152.423487887349     
   8.78758000000000        144.642297890641     
   8.79842000000000        139.458792576765     
   8.80926000000000        137.207913211441     
   8.82009000000000        135.919083787359     
   8.83092000000000        133.550367118056     
   8.84175000000000        131.186340224392     
   8.85257000000000        126.570880451650     
   8.86339000000000        122.940105388303     
   8.87421000000000        119.662908712979     
   8.88502000000000        116.765025591199     
   8.89583000000000        116.303774524376     
   8.90664000000000        117.681765386583     
   8.91745000000000        119.433496618616     
   8.92825000000000        119.750708305925     
   8.93905000000000        119.259567427312     
   8.94984000000000        119.397216075826     
   8.96063000000000        120.435365248567     
   8.97142000000000        121.514642443648     
   8.98221000000000        121.732637917243     
   8.99299000000000        119.793620416031     
   9.00377000000000        116.810064874490     
   9.01455000000000        114.277011950883     
   9.02532000000000        110.141487445612     
   9.03609000000000        103.716659108626     
   9.04686000000000        99.1936699982749     
   9.05762000000000        97.6131807869315     
   9.06838000000000        97.6916527849212     
   9.07914000000000        97.5459302544983     
   9.08989000000000        95.1614819807508     
   9.10064000000000        91.0486320618804     
   9.11139000000000        87.7448578241363     
   9.12214000000000        83.5031524924786     
   9.13288000000000        77.6122098699285     
   9.14362000000000        71.8326406818526     
   9.15435000000000        67.4912247069869     
   9.16508000000000        64.2318256200220     
   9.17581000000000        61.6008167930852     
   9.18654000000000        59.8598377677133     
   9.19726000000000        57.7339101456614     
   9.20798000000000        54.5036382308844     
   9.21870000000000        51.3326885397234     
   9.22941000000000        48.6895969685873     
   9.24012000000000        47.8879929595751     
   9.25082000000000        48.1697359651442     
   9.26153000000000        49.2100993512485     
   9.27223000000000        51.1193733096946     
   9.28293000000000        52.7747391877221     
   9.29362000000000        53.8786281113685     
   9.30431000000000        54.5469035443891     
   9.31500000000000        53.9457259920767     
   9.32568000000000        52.3557404240472     
   9.33636000000000        51.8476776935330     
   9.34704000000000        52.3567087096428     
   9.35772000000000        53.0220355861941     
   9.36839000000000        53.7217450664684     
   9.37906000000000        54.3452278733903     
   9.38972000000000        54.5938600818530     
   9.40038000000000        54.0273999966484     
   9.41104000000000        53.1263624517934     
   9.42170000000000        51.1359546700281     
   9.43235000000000        48.5647225986449     
   9.44300000000000        46.5262124925042     
   9.45365000000000        44.9245170444577     
   9.46429000000000        42.9703745754568     
   9.47493000000000        41.3758949943529     
   9.48557000000000        40.8051427930907     
   9.49620000000000        40.6557157390605     
   9.50683000000000        40.5129812506556     
   9.51746000000000        40.2550946367714     
   9.52808000000000        40.2708172691166     
   9.53871000000000        40.1807357995817     
   9.54932000000000        39.9681445352071     
   9.55994000000000        39.8541876611709     
   9.57055000000000        39.5444625200450     
   9.58116000000000        39.3951349024562     
   9.59176000000000        39.5379014420083     
   9.60237000000000        39.9597079298803     
   9.61296000000000        40.6484680677396     
   9.62356000000000        42.1396544040119     
   9.63415000000000        44.0690051356305     
   9.64474000000000        45.7959542794506     
   9.65533000000000        47.1197965988166     
   9.66591000000000        47.8708685234455     
   9.67649000000000        48.0261461043928     
   9.68707000000000        47.8786118282308     
   9.69764000000000        47.4566487051153     
   9.70821000000000        47.5213228734299     
   9.71878000000000        48.2942301700074     
   9.72934000000000        49.7629669465300     
   9.73990000000000        51.7111218211732     
   9.75046000000000        54.1535807550935     
   9.76102000000000        56.8438216156920     
   9.77157000000000        58.7318185558435     
   9.78212000000000        59.9256553707798     
   9.79266000000000        61.0336937849514     
   9.80320000000000        61.4949033139146     
   9.81374000000000        61.1440445540623     
   9.82428000000000        60.5002922274075     
   9.83481000000000        60.0042794809092     
   9.84534000000000        60.1454819684499     
   9.85586000000000        61.5629792038485     
   9.86639000000000        63.3257628225057     
   9.87691000000000        64.0746887484521     
   9.88742000000000        63.7228930508580     
   9.89794000000000        62.7908026898175     
   9.90845000000000        61.7126994728799     
   9.91895000000000        60.3319355128420     
   9.92946000000000        58.6608481704099     
   9.93996000000000        58.0090120676508     
   9.95046000000000        59.1083074711625     
   9.96095000000000        61.7826882889237     
   9.97144000000000        64.9823996511442     
   9.98193000000000        67.4593387048481     
   9.99242000000000        69.1167899790277     
   10.0029000000000        70.1659829393208     
   10.0133800000000        70.1791871332801     
   10.0238500000000        68.8126452043631     
   10.0343200000000        66.2343190447363     
   10.0447900000000        63.2224234406194     
   10.0552600000000        60.8849119832542     
   10.0657200000000        59.7806465304601     
   10.0761800000000        59.8607016844902     
   10.0866400000000        61.1252889259586     
   10.0970900000000        63.1175783579984     
   10.1075400000000        65.1677400724968     
   10.1179900000000        67.3838966987606     
   10.1284300000000        69.8635113404555     
   10.1388700000000        72.2532842920231     
   10.1493100000000        73.7639365746978     
   10.1597400000000        73.9220000632368     
   10.1701700000000        73.9815486775772     
   10.1806000000000        75.0513572506130     
   10.1910300000000        76.2012560919331     
   10.2014500000000        76.8095423456062     
   10.2118700000000        76.8523273727065     
   10.2222800000000        76.4725346758106     
   10.2326900000000        75.8622242201338     
   10.2431000000000        74.8060767835432     
   10.2535100000000        72.5369527507926     
   10.2639100000000        69.9779322166098     
   10.2743100000000        68.5182986011185     
   10.2847100000000        68.1883087538837     
   10.2951000000000        68.2496971531004     
   10.3054900000000        68.2601714326934     
   10.3158800000000        68.2025004329571     
   10.3262600000000        68.4876323646215     
   10.3366400000000        68.7593879449111     
   10.3470200000000        68.5738620677912     
   10.3573900000000        68.0794714988619     
   10.3677600000000        67.0927173489408     
   10.3781300000000        65.2147976727599     
   10.3884900000000        62.4249658273465     
   10.3988600000000        59.0891108230857     
   10.4092100000000        55.9248686469451     
   10.4195700000000        53.5436917051058     
   10.4299200000000        52.1468168646494     
   10.4402700000000        51.6471953877532     
   10.4506100000000        51.7846359799601     
   10.4609600000000        52.0917629100731     
   10.4713000000000        52.5521390856002     
   10.4816300000000        53.5946750327423     
   10.4919600000000        55.0688266229541     
   10.5022900000000        56.3502828497538     
   10.5126200000000        57.0250957858799     
   10.5229400000000        57.2688123306915     
   10.5332600000000        57.6835523755722     
   10.5435800000000        58.6096116915412     
   10.5539000000000        59.9254763134665     
   10.5642100000000        61.1503246186214     
   10.5745100000000        61.9876387509825     
   10.5848200000000        62.5015197932110     
   10.5951200000000        62.6366288194414     
   10.6054200000000        62.4615881957937     
   10.6157100000000        61.9229798024047     
   10.6260000000000        60.7645288903381     
   10.6362900000000        59.2587512773425     
   10.6465800000000        57.6966115952974     
   10.6568600000000        56.2909396792839     
   10.6671400000000        55.5534249576993     
   10.6774100000000        55.6207412834726     
   10.6876900000000        56.2990358593205     
   10.6979600000000        57.3454553541705     
   10.7082200000000        58.4174607783453     
   10.7184900000000        59.8805749678550     
   10.7287500000000        61.8068765312990     
   10.7390000000000        63.5409526832809     
   10.7492600000000        64.6234000148702     
   10.7595100000000        65.2421684185821     
   10.7697500000000        65.8745921539264     
   10.7800000000000        66.7080492275022     
   10.7902400000000        67.1030541184211     
   10.8004800000000        67.0980733956957     
   10.8107100000000        67.4108599257728     
   10.8209400000000        68.2859411354361     
   10.8311700000000        69.4437716323800     
   10.8414000000000        71.0850123167329     
   10.8516200000000        73.7857339334654     
   10.8618400000000        77.0904440488174     
   10.8720500000000        79.7667622283235     
   10.8822700000000        81.8225543273595     
   10.8924800000000        83.9970938460452     
   10.9026800000000        87.0723472672739     
   10.9128800000000        91.0873677337334     
   10.9230800000000        95.1282338304174     
   10.9332800000000        98.3995447896987     
   10.9434700000000        100.450659975457     
   10.9536600000000        101.197179607031     
   10.9638500000000        100.793047743826     
   10.9740400000000        99.4315992528141     
   10.9842200000000        98.3525754793465     
   10.9943900000000        98.6495854861858     
   11.0045700000000        100.043702769529     
   11.0147400000000        101.937545931336     
   11.0249100000000        104.388837631658     
   11.0350700000000        107.238446345372     
   11.0452300000000        110.005155357083     
   11.0553900000000        112.084431012047     
   11.0655500000000        112.978502757293     
   11.0757000000000        112.892374397060     
   11.0858500000000        112.760702586050     
   11.0960000000000        113.306703417375     
   11.1061400000000        114.163833986718     
   11.1162800000000        114.402628828808     
   11.1264200000000        114.146105940527     
   11.1365500000000        114.433256593622     
   11.1466800000000        115.173325529157     
   11.1568100000000        115.489525027577     
   11.1669300000000        115.719412358789     
   11.1770500000000        116.581460231304     
   11.1871700000000        117.496463154346     
   11.1972800000000        118.273930504390     
   11.2073900000000        119.309820237757     
   11.2175000000000        120.270129770471     
   11.2276100000000        121.457816084177     
   11.2377100000000        123.638265479766     
   11.2478100000000        127.212876927547     
   11.2579000000000        131.603352464353     
   11.2679900000000        135.254566984427     
   11.2780800000000        137.372878194864     
   11.2881700000000        138.529300955261     
   11.2982500000000        139.143345890450     
   11.3083300000000        139.728085483375     
   11.3184100000000        141.043219462433     
   11.3284800000000        143.042725423020     
   11.3385500000000        145.175933459821     
   11.3486200000000        146.949145997468     
   11.3586800000000        148.097374885978     
   11.3687400000000        148.987546081609     
   11.3788000000000        150.026469605394     
   11.3888500000000        151.377349327455     
   11.3989000000000        153.052728397380     
   11.4089500000000        154.500893895000     
   11.4189900000000        155.058026343161     
   11.4290400000000        154.918272835240     
   11.4390700000000        154.828835041929     
   11.4491100000000        155.546378719228     
   11.4591400000000        157.491576144735     
   11.4691700000000        160.622081276467     
   11.4792000000000        164.275290527739     
   11.4892200000000        167.417675306117     
   11.4992400000000        169.761901796351     
   11.5092500000000        171.615160297212     
   11.5192700000000        173.236322448365     
   11.5292800000000        174.514558459058     
   11.5392800000000        175.529796946689     
   11.5492900000000        176.665521478964     
   11.5592900000000        177.973458757872     
   11.5692800000000        179.131529672548     
   11.5792800000000        180.119732306675     
   11.5892700000000        181.018163629621     
   11.5992600000000        181.354197937709     
   11.6092400000000        180.902878669039     
   11.6192200000000        180.048786255272     
   11.6292000000000        179.568555098597     
   11.6391700000000        180.020327694933     
   11.6491500000000        181.260751551815     
   11.6591200000000        182.974611766225     
   11.6690800000000        184.985749395890     
   11.6790400000000        187.087888997447     
   11.6890000000000        189.146696146865     
   11.6989600000000        191.181459075581     
   11.7089100000000        193.414367568850     
   11.7188600000000        195.772474511044     
   11.7288100000000        197.874258554467     
   11.7387500000000        199.530246804029     
   11.7486900000000        200.551101509036     
   11.7586300000000        201.028606097319     
   11.7685600000000        201.301015041679     
   11.7784900000000        201.420489273084     
   11.7884200000000        201.284316827693     
   11.7983400000000        201.035627785075     
   11.8082600000000        200.977779520605     
   11.8181800000000        200.796004262409     
   11.8281000000000        199.739459445057     
   11.8380100000000        197.554116915933     
   11.8479200000000        194.555726051386     
   11.8578200000000        191.614642366685     
   11.8677200000000        189.495292181052     
   11.8776200000000        188.219012525994     
   11.8875200000000        187.616161088065     
   11.8974100000000        187.409787547345     
   11.9073000000000        186.967311217135     
   11.9171900000000        185.960937056012     
   11.9270700000000        184.832437357481     
   11.9369500000000        184.184198273881     
   11.9468300000000        183.825027617645     
   11.9567000000000        182.821259611386     
   11.9665700000000        180.901354536379     
   11.9764400000000        178.803850222553     
   11.9863000000000        177.529117434385     
   11.9961600000000        177.664188916008     
   12.0060200000000        179.104771014330     
   12.0158700000000        181.515040127869     
   12.0257300000000        184.633046558473     
   12.0355700000000        188.271391642428     
   12.0454200000000        192.202293190252     
   12.0552600000000        196.070105613135     
   12.0651000000000        199.972358036926     
   12.0749400000000        203.947622505437     
   12.0847700000000        207.273544425828     
   12.0946000000000        209.648857769911     
   12.1044200000000        211.534130379964     
   12.1142500000000        213.343997940905     
   12.1240700000000        215.483012046649     
   12.1338800000000        217.830106492011     
   12.1437000000000        219.482695732476     
   12.1535100000000        220.267627599743     
   12.1633100000000        221.070954234753     
   12.1731200000000        222.525905781785     
   12.1829200000000        224.642684881283     
   12.1927200000000        227.559860467991     
   12.2025100000000        231.435028791117     
   12.2123000000000        235.687618041688     
   12.2220900000000        239.767367084056     
   12.2318700000000        243.942298367439     
   12.2416600000000        248.659059198633     
   12.2514300000000        253.636498530288     
   12.2612100000000        258.237886474609     
   12.2709800000000        262.014685131278     
   12.2807500000000        264.752545029434     
   12.2905200000000        266.691178636981     
   12.3002800000000        268.838163947676     
   12.3100400000000        271.929995059443     
   12.3198000000000        275.533877251331     
   12.3295500000000        278.269343782643     
   12.3393000000000        279.352423840790     
   12.3490500000000        279.354109176996     
   12.3587900000000        279.126439904541     
   12.3685300000000        279.086260780625     
   12.3782700000000        279.332962294632     
   12.3880000000000        279.732551228108     
   12.3977300000000        279.830676978886     
   12.4074600000000        279.372329159339     
   12.4171800000000        278.588151107453     
   12.4269100000000        278.224806042783     
   12.4366200000000        279.110267050612     
   12.4463400000000        281.046283419252     
   12.4560500000000        282.792752435607     
   12.4657600000000        283.113729814054     
   12.4754700000000        281.816525382915     
   12.4851700000000        279.793001134096     
   12.4948700000000        277.874923976605     
   12.5045600000000        276.153023944143     
   12.5142600000000        274.271828395694     
   12.5239500000000        272.230703649314     
   12.5336300000000        270.643344990334     
   12.5433200000000        270.015067329924     
   12.5530000000000        270.528580562871     
   12.5626800000000        272.053743031633     
   12.5723500000000        273.964480131513     
   12.5820200000000        275.847415936762     
   12.5916900000000        278.097718931712     
   12.6013500000000        281.213567438422     
   12.6110100000000        285.010524988504     
   12.6206700000000        288.911005636149     
   12.6303300000000        292.754244835270     
   12.6399800000000        296.810530836521     
   12.6496300000000        301.011689434028     
   12.6592700000000        304.903913685198     
   12.6689200000000        308.115838641259     
   12.6785500000000        310.688548215198     
   12.6881900000000        313.401763072188     
   12.6978200000000        317.306726772912     
   12.7074500000000        322.614692682253     
   12.7170800000000        328.473046154601     
   12.7267000000000        334.247817365350     
   12.7363200000000        340.015194936210     
   12.7459400000000        345.667599419676     
   12.7555500000000        350.749090736530     
   12.7651600000000        354.967931754381     
   12.7747700000000        358.374391580092     
   12.7843800000000        361.533932641469     
   12.7939800000000        365.188019830193     
   12.8035800000000        369.386504627647     
   12.8131700000000        373.507438910830     
   12.8227600000000        377.043201304474     
   12.8323500000000        380.100825667109     
   12.8419400000000        383.231179116684     
   12.8515200000000        386.634279461710     
   12.8611000000000        390.046122516685     
   12.8706700000000        393.390708592070     
   12.8802500000000        396.945241475853     
   12.8898100000000        400.929836211978     
   12.8993800000000        405.481988464081     
   12.9089400000000        410.839737230936     
   12.9185000000000        417.017366053252     
   12.9280600000000        423.376542978855     
   12.9376100000000        428.840858826408     
   12.9471700000000        432.501584642661     
   12.9567100000000        434.219494363475     
   12.9662600000000        434.595207934380     
   12.9758000000000        434.383127266404     
   12.9853400000000        434.294638954311     
   12.9948700000000        434.942293128625     
   13.0044000000000        436.587521313837     
   13.0139300000000        439.143545386225     
   13.0234600000000        442.291702705870     
   13.0329800000000        445.477693710392     
   13.0425000000000        448.053135730265     
   13.0520100000000        449.519386234592     
   13.0615200000000        449.958866472381     
   13.0710300000000        450.177824184931     
   13.0805400000000        451.029386034785     
   13.0900400000000        452.553476021356     
   13.0995400000000        454.084558212196     
   13.1090400000000        455.258289269836     
   13.1185300000000        456.445092569271     
   13.1280200000000        457.843110858321     
   13.1375100000000        458.854188115474     
   13.1469900000000        458.642264254919     
   13.1564700000000        456.708747079543     
   13.1659500000000        453.304162863444     
   13.1754300000000        449.586466999508     
   13.1849000000000        446.968550785516     
   13.1943700000000        446.208452553305     
   13.2038300000000        447.130330650946     
   13.2132900000000        448.843509384218     
   13.2227500000000        450.281028920158     
   13.2322100000000        450.681708721771     
   13.2416600000000        449.548687796233     
   13.2511100000000        446.857995372620     
   13.2605500000000        443.325438338897     
   13.2700000000000        440.051751443929     
   13.2794400000000        438.147857787594     
   13.2888700000000        438.350738816765     
   13.2983100000000        440.610486379666     
   13.3077400000000        444.046418433179     
   13.3171600000000        447.679012603743     
   13.3265900000000        451.061035255160     
   13.3360100000000        454.011822232398     
   13.3454300000000        456.150390485474     
   13.3548400000000        456.902462794395     
   13.3642500000000        456.016597371720     
   13.3736600000000        453.805627016020     
   13.3830600000000        450.693931906148     
   13.3924700000000        446.913358378448     
   13.4018600000000        442.847297190991     
   13.4112600000000        439.136514966757     
   13.4206500000000        436.340709181503     
   13.4300400000000        434.649269916294     
   13.4394300000000        434.107180156037     
   13.4488100000000        434.684162035061     
   13.4581900000000        436.055322933126     
   13.4675600000000        437.457687734570     
   13.4769400000000        438.111261025457     
   13.4863100000000        438.050465769104     
   13.4956700000000        438.199594056386     
   13.5050400000000        439.579476465507     
   13.5144000000000        442.515231750494     
   13.5237600000000        446.249895855389     
   13.5331100000000        449.255997324054     
   13.5424600000000        450.434470069241     
   13.5518100000000        450.095671939007     
   13.5611500000000        449.542791128199     
   13.5704900000000        449.897682076270     
   13.5798300000000        451.355038500081     
   13.5891700000000        453.248011277485     
   13.5985000000000        454.742484049080     
   13.6078300000000        455.518853452664     
   13.6171500000000        455.802563444662     
   13.6264800000000        455.954755191783     
   13.6358000000000        456.247820049787     
   13.6451100000000        456.801687850224     
   13.6544200000000        457.511885804609     
   13.6637300000000        458.296611179539     
   13.6730400000000        459.424776432167     
   13.6823400000000        461.372706586505     
   13.6916400000000        464.443022459834     
   13.7009400000000        468.428071772680     
   13.7102400000000        472.553907722740     
   13.7195300000000        476.041563488994     
   13.7288100000000        478.666184525166     
   13.7381000000000        480.469661656384     
   13.7473800000000        481.180385444184     
   13.7566600000000        480.288175929271     
   13.7659300000000        477.634697085760     
   13.7752000000000        473.749836421938     
   13.7844700000000        469.550021794101     
   13.7937400000000        465.626392319981     
   13.8030000000000        461.897344676593     
   13.8122600000000        458.066070000614     
   13.8215200000000        454.081212571608     
   13.8307700000000        450.069941991922     
   13.8400200000000        446.209060682255     
   13.8492600000000        442.648612613302     
   13.8585100000000        439.405044939760     
   13.8677500000000        436.343827949610     
   13.8769800000000        433.146972551231     
   13.8862200000000        429.536558463392     
   13.8954500000000        425.640128791963     
   13.9046800000000        422.001234179264     
   13.9139000000000        419.260213333401     
   13.9231200000000        417.669120088204     
   13.9323400000000        416.889669669610     
   13.9415500000000        416.244156514341     
   13.9507700000000        415.220883039837     
   13.9599700000000        413.791795713102     
   13.9691800000000        412.198320980068     
   13.9783800000000        410.490579413739     
   13.9875800000000        408.362800093309     
   13.9967800000000        405.563708275665     
   14.0059700000000        402.297161422965     
   14.0151600000000        399.084170330999     
   14.0243400000000        396.325058034203     
   14.0335300000000        394.035524457391     
   14.0427100000000        392.019399377502     
   14.0518800000000        390.052670388062     
   14.0610600000000        387.817261764248     
   14.0702300000000        384.855993610519     
   14.0794000000000        380.807829259408     
   14.0885600000000        375.681725623849     
   14.0977200000000        369.868890348665     
   14.1068800000000        364.051030826880     
   14.1160300000000        358.851224767485     
   14.1251800000000        354.401229020778     
   14.1343300000000        350.435164415126     
   14.1434800000000        346.726371996777     
   14.1526200000000        343.336118288938     
   14.1617600000000        340.478533143135     
   14.1708900000000        338.289981718691     
   14.1800300000000        336.674348917202     
   14.1891500000000        335.331774668502     
   14.1982800000000        333.844911068914     
   14.2074000000000        331.831213637125     
   14.2165200000000        329.050141884223     
   14.2256400000000        325.487120885230     
   14.2347500000000        321.346389849490     
   14.2438600000000        316.926798068963     
   14.2529700000000        312.571230054796     
   14.2620700000000        308.674267927546     
   14.2711800000000        305.603869239402     
   14.2802700000000        303.608836457037     
   14.2893700000000        302.725034579854     
   14.2984600000000        302.805125700425     
   14.3075500000000        303.511603089531     
   14.3166300000000        304.406014254311     
   14.3257100000000        305.097662218663     
   14.3347900000000        305.286915303834     
   14.3438700000000        304.755161027540     
   14.3529400000000        303.469117819572     
   14.3620100000000        301.674098977853     
   14.3710700000000        299.724808071643     
   14.3801400000000        297.805870121259     
   14.3892000000000        295.921508944423     
   14.3982500000000        294.015518888190     
   14.4073100000000        292.046202022730     
   14.4163600000000        290.047488309901     
   14.4254000000000        288.186609319810     
   14.4344500000000        286.742902575441     
   14.4434900000000        285.977295777210     
   14.4525200000000        285.974989056349     
   14.4615600000000        286.565569211047     
   14.4705900000000        287.368854963713     
   14.4796200000000        287.997405997612     
   14.4886400000000        288.189847906914     
   14.4976600000000        287.803356120051     
   14.5066800000000        286.790167885075     
   14.5157000000000        285.179892370408     
   14.5247100000000        283.040624296955     
   14.5337200000000        280.465542622326     
   14.5427200000000        277.591620358217     
   14.5517300000000        274.565152922007     
   14.5607300000000        271.596121021573     
   14.5697200000000        268.982351342255     
   14.5787100000000        267.011131806105     
   14.5877000000000        265.763477225030     
   14.5966900000000        265.027256497378     
   14.6056700000000        264.463513926747     
   14.6146600000000        263.890643848382     
   14.6236300000000        263.409577672898     
   14.6326100000000        263.238057590348     
   14.6415800000000        263.450226257855     
   14.6505400000000        263.859494681656     
   14.6595100000000        264.140586390856     
   14.6684700000000        264.001597985667     
   14.6774300000000        263.277819228113     
   14.6863800000000        262.004317316777     
   14.6953400000000        260.454143602624     
   14.7042800000000        259.031083564236     
   14.7132300000000        258.021700975018     
   14.7221700000000        257.488312264771     
   14.7311100000000        257.317336555213     
   14.7400500000000        257.322324415167     
   14.7489800000000        257.257254885268     
   14.7579100000000        256.821396979783     
   14.7668400000000        255.758300865167     
   14.7757600000000        253.985027028205     
   14.7846800000000        251.598484199131     
   14.7936000000000        248.797864534806     
   14.8025100000000        245.825386115922     
   14.8114200000000        242.909805021884     
   14.8203300000000        240.192407928323     
   14.8292300000000        237.667934357961     
   14.8381300000000        235.241611213760     
   14.8470300000000        232.878309456020     
   14.8559300000000        230.662069317103     
   14.8648200000000        228.713218904621     
   14.8737100000000        227.051757934128     
   14.8825900000000        225.585868780963     
   14.8914700000000        224.197582256076     
   14.9003500000000        222.816798563371     
   14.9092300000000        221.403660103655     
   14.9181000000000        219.928785218838     
   14.9269700000000        218.380396392655     
   14.9358400000000        216.783040432948     
   14.9447000000000        215.192748119166     
   14.9535600000000        213.655952908526     
   14.9624200000000        212.180163230736     
   14.9712700000000        210.744337223259     
   14.9801200000000        209.335257645651     
   14.9889700000000        207.990733097281     
   14.9978100000000        206.807405733970     
   15.0066500000000        205.883207592575     
   15.0154900000000        205.234559617636     
   15.0243300000000        204.753022077910     
   15.0331600000000        204.246052937545     
   15.0419900000000        203.542788998569     
   15.0508100000000        202.609166732624     
   15.0596300000000        201.551017556518     
   15.0684500000000        200.503642874938     
   15.0772700000000        199.533903406360     
   15.0860800000000        198.643803334174     
   15.0948900000000        197.818693067277     
   15.1037000000000        197.063436275880     
   15.1125000000000        196.405405839684     
   15.1213000000000        195.881291632002     
   15.1301000000000        195.521491327338     
   15.1388900000000        195.326879251184     
   15.1476800000000        195.259836959671     
   15.1564700000000        195.262467790714     
   15.1652500000000        195.281612180598     
   15.1740300000000        195.297383152135     
   15.1828100000000        195.353278835463     
   15.1915800000000        195.557924159672     
   15.2003500000000        196.042354742129     
   15.2091200000000        196.891084332058     
   15.2178900000000        198.079341079392     
   15.2266500000000        199.447929658505     
   15.2354100000000        200.754431457663     
   15.2441600000000        201.779015660879     
   15.2529200000000        202.437951878792     
   15.2616700000000        202.807778302579     
   15.2704100000000        203.081742455786     
   15.2791500000000        203.485109485877     
   15.2878900000000        204.205424362432     
   15.2966300000000        205.348971439160     
   15.3053600000000        206.912008591800     
   15.3140900000000        208.779408952955     
   15.3228200000000        210.761511816868     
   15.3315400000000        212.684867823852     
   15.3402600000000        214.487210275462     
   15.3489800000000        216.219491890517     
   15.3577000000000        217.964183175048     
   15.3664100000000        219.732824976680     
   15.3751200000000        221.430645845335     
   15.3838200000000        222.871893451371     
   15.3925200000000        223.852421141722     
   15.4012200000000        224.220562012868     
   15.4099200000000        223.927643787311     
   15.4186100000000        223.024984923749     
   15.4273000000000        221.618361236418     
   15.4359800000000        219.836968111559     
   15.4446700000000        217.827501520525     
   15.4533400000000        215.782165493264     
   15.4620200000000        213.878009677616     
   15.4706900000000        212.232592284291     
   15.4793600000000        210.863750912858     
   15.4880300000000        209.751210954345     
   15.4966900000000        208.890003216204     
   15.5053500000000        208.278570901547     
   15.5140100000000        207.866363305933     
   15.5226700000000        207.519144188923     
   15.5313200000000        207.065201052915     
   15.5399600000000        206.385907520546     
   15.5486100000000        205.452601158185     
   15.5572500000000        204.290057510378     
   15.5658900000000        202.911323619238     
   15.5745200000000        201.313830228510     
   15.5831600000000        199.508336409135     
   15.5917900000000        197.572182355519     
   15.6004100000000        195.636656378094     
   15.6090300000000        193.843009338786     
   15.6176500000000        192.298559908862     
   15.6262700000000        191.058448800529     
   15.6348800000000        190.129998857199     
   15.6434900000000        189.460860179924     
   15.6521000000000        188.928113733114     
   15.6607000000000        188.348138665006     
   15.6693000000000        187.527008718305     
   15.6779000000000        186.334476647735     
   15.6864900000000        184.756474335353     
   15.6950800000000        182.887769322822     
   15.7036700000000        180.886012177926     
   15.7122600000000        178.908049362584     
   15.7208400000000        177.074372573433     
   15.7294100000000        175.458360119438     
   15.7379900000000        174.093306713787     
   15.7465600000000        172.988628501854     
   15.7551300000000        172.125224608602     
   15.7637000000000        171.475804180529     
   15.7722600000000        171.014715188548     
   15.7808200000000        170.709371343742     
   15.7893700000000        170.496036695587     
   15.7979300000000        170.249887166583     
   15.8064700000000        169.791990081107     
   15.8150200000000        168.940944653961     
   15.8235600000000        167.597414268760     
   15.8321000000000        165.789997610487     
   15.8406400000000        163.674718266554     
   15.8491800000000        161.473083353350     
   15.8577100000000        159.390635744763     
   15.8662300000000        157.562736013175     
   15.8747600000000        156.061627778599     
   15.8832800000000        154.934061293502     
   15.8918000000000        154.197145484341     
   15.9003100000000        153.842100443046     
   15.9088200000000        153.831962128028     
   15.9173300000000        154.113630895140     
   15.9258400000000        154.629108112822     
   15.9343400000000        155.319123729053     
   15.9428400000000        156.114111323341     
   15.9513300000000        156.916343828875     
   15.9598300000000        157.612800682404     
   15.9683100000000        158.105289018762     
   15.9768000000000        158.355427766373     
   15.9852800000000        158.386796617133     
   15.9937600000000        158.266840549380     
   16.0022400000000        158.068316816744     
   16.0107100000000        157.839487897137     
   16.0191800000000        157.595058626247     
   16.0276500000000        157.329712860740     
   16.0361200000000        157.035480993352     
   16.0445800000000        156.705449902620     
   16.0530300000000        156.320500261707     
   16.0614900000000        155.841278270153     
   16.0699400000000        155.224453189311     
   16.0783900000000        154.438934880228     
   16.0868300000000        153.475474282108     
   16.0952800000000        152.333988661376     
   16.1037100000000        151.024614681749     
   16.1121500000000        149.547023094490     
   16.1205800000000        147.905762140728     
   16.1290100000000        146.097926665656     
   16.1374400000000        144.119126386656     
   16.1458600000000        141.964433586948     
   16.1542800000000        139.627772834484     
   16.1627000000000        137.122357126848     
   16.1711100000000        134.490556066436     
   16.1795200000000        131.790765965638     
   16.1879300000000        129.095553591347     
   16.1963300000000        126.482876334534     
   16.2047300000000        124.020408527164     
   16.2131300000000        121.767585316656     
   16.2215200000000        119.764608839092     
   16.2299100000000        118.017688480036     
   16.2383000000000        116.506980927555     
   16.2466900000000        115.189786638977     
   16.2550700000000        114.010038155423     
   16.2634500000000        112.905613147888     
   16.2718200000000        111.831539356444     
   16.2802000000000        110.769377683172     
   16.2885600000000        109.736396696848     
   16.2969300000000        108.748597734384     
   16.3052900000000        107.806653729948     
   16.3136500000000        106.877335480279     
   16.3220100000000        105.914166746162     
   16.3303600000000        104.884933793241     
   16.3387100000000        103.786861196558     
   16.3470600000000        102.648280374702     
   16.3554000000000        101.512220873080     
   16.3637400000000        100.415107624590     
   16.3720800000000        99.3786584672313     
   16.3804200000000        98.3979417717515     
   16.3887500000000        97.4378641048049     
   16.3970700000000        96.4422811423324     
   16.4054000000000        95.3556448574599     
   16.4137200000000        94.1471768501825     
   16.4220400000000        92.8050887791457     
   16.4303500000000        91.3447550223000     
   16.4386700000000        89.8076007311064     
   16.4469700000000        88.2778349848137     
   16.4552800000000        86.8461307652150     
   16.4635800000000        85.5972453195404     
   16.4718800000000        84.5660825772014     
   16.4801800000000        83.7377998859869     
   16.4884700000000        83.0676550756180     
   16.4967600000000        82.5114649936647     
   16.5050500000000        82.0496317105882     
   16.5133300000000        81.6860450819678     
   16.5216100000000        81.4322179312263     
   16.5298900000000        81.2924828587230     
   16.5381600000000        81.2525247480771     
   16.5464300000000        81.2778448279403     
   16.5547000000000        81.3217503164004     
   16.5629700000000        81.3352979572610     
   16.5712300000000        81.2737420512989     
   16.5794900000000        81.0994184345122     
   16.5877400000000        80.7863296326153     
   16.5959900000000        80.3251865482714     
   16.6042400000000        79.7265896978783     
   16.6124900000000        79.0156604426752     
   16.6207300000000        78.2234669889001     
   16.6289700000000        77.3770549520133     
   16.6372000000000        76.4998475422262     
   16.6454400000000        75.6041630545791     
   16.6536700000000        74.6984024592453     
   16.6618900000000        73.7853033579406     
   16.6701200000000        72.8702309864366     
   16.6783400000000        71.9750876000614     
   16.6865500000000        71.1332432195882     
   16.6947700000000        70.3844791028533     
   16.7029800000000        69.7698497134233     
   16.7111900000000        69.3134845068981     
   16.7193900000000        69.0182574604790     
   16.7275900000000        68.8593963926674     
   16.7357900000000        68.7867083218012     
   16.7439800000000        68.7316896894769     
   16.7521800000000        68.6225563633138     
   16.7603600000000        68.4044810337726     
   16.7685500000000        68.0543006634562     
   16.7767300000000        67.5908437982357     
   16.7849100000000        67.0670138432291     
   16.7930900000000        66.5542698672820     
   16.8012600000000        66.1201344225304     
   16.8094300000000        65.8072290418651     
   16.8175900000000        65.6263987061491     
   16.8257600000000        65.5573403722722     
   16.8339200000000        65.5581041627859     
   16.8420700000000        65.5739002386394     
   16.8502300000000        65.5489480464564     
   16.8583800000000        65.4408710190139     
   16.8665300000000        65.2346842509967     
   16.8746700000000        64.9485188062960     
   16.8828100000000        64.6239978938378     
   16.8909500000000        64.3079778827386     
   16.8990800000000        64.0311432674103     
   16.9072100000000        63.7915647519123     
   16.9153400000000        63.5536043553814     
   16.9234700000000        63.2605498098492     
   16.9315900000000        62.8574444605143     
   16.9397100000000        62.3088672821578     
   16.9478200000000        61.6076654010962     
   16.9559400000000        60.7660633737355     
   16.9640500000000        59.8131699315820     
   16.9721500000000        58.7829587501630     
   16.9802600000000        57.7096823553517     
   16.9883600000000        56.6333390042890     
   16.9964500000000        55.5890877150907     
   17.0045500000000        54.6046462014095     
   17.0126400000000        53.7046168233996     
   17.0207200000000        52.8996937033833     
   17.0288100000000        52.1876834868124     
   17.0368900000000        51.5637597738897     
   17.0449700000000        51.0210422439430     
   17.0530400000000        50.5582238526260     
   17.0611100000000        50.1735259252379     
   17.0691800000000        49.8587635544710     
