   7.15970000000000        326.831515779213     
   7.17100000000000        331.004509082185     
   7.18231000000000        339.760178884693     
   7.19360000000000        339.183978756169     
   7.20490000000000        338.954956684510     
   7.21619000000000        338.358771740331     
   7.22748000000000        326.822963473008     
   7.23877000000000        321.851205900734     
   7.25005000000000        316.334709639398     
   7.26133000000000        321.945072531568     
   7.27261000000000        325.469400652447     
   7.28388000000000        326.130136224766     
   7.29515000000000        341.305714592271     
   7.30642000000000        363.557874515219     
   7.31768000000000        381.474518121505     
   7.32894000000000        394.032860344302     
   7.34020000000000        401.455940671787     
   7.35146000000000        410.312965825067     
   7.36271000000000        414.049601920047     
   7.37396000000000        424.034262552574     
   7.38520000000000        424.110691757478     
   7.39644000000000        405.198711906484     
   7.40768000000000        394.283491538547     
   7.41892000000000        388.232461277659     
   7.43015000000000        394.967713601252     
   7.44138000000000        409.709483837468     
   7.45261000000000        422.305612664350     
   7.46383000000000        415.034513434395     
   7.47505000000000        403.911734634565     
   7.48626000000000        401.885992212838     
   7.49748000000000        421.971813773678     
   7.50869000000000        441.073022891304     
   7.51990000000000        449.575031805963     
   7.53110000000000        440.670948416637     
   7.54230000000000        430.505120251024     
   7.55350000000000        427.386899546295     
   7.56469000000000        434.571125152861     
   7.57588000000000        448.702302689623     
   7.58707000000000        458.340042707310     
   7.59826000000000        455.771415272512     
   7.60944000000000        459.819059751866     
   7.62062000000000        474.360347201732     
   7.63179000000000        495.794123632527     
   7.64296000000000        506.048183215457     
   7.65413000000000        495.637309457599     
   7.66530000000000        447.595709650587     
   7.67646000000000        403.011382702652     
   7.68762000000000        388.276880672986     
   7.69878000000000        392.330224927882     
   7.70993000000000        407.788971701473     
   7.72108000000000        419.761292805860     
   7.73223000000000        427.541468257883     
   7.74337000000000        422.034669756960     
   7.75451000000000        430.701716205080     
   7.76565000000000        451.268319312971     
   7.77678000000000        464.972864621728     
   7.78791000000000        462.760118015309     
   7.79904000000000        455.695929977232     
   7.81017000000000        455.791829261444     
   7.82129000000000        466.150649548713     
   7.83241000000000        484.702308341650     
   7.84352000000000        503.051555048160     
   7.85463000000000        504.041864095692     
   7.86574000000000        466.841639711714     
   7.87685000000000        418.339288654963     
   7.88795000000000        391.055970280248     
   7.89905000000000        388.090029988329     
   7.91015000000000        398.236412867987     
   7.92124000000000        398.834485284740     
   7.93233000000000        402.810879279500     
   7.94342000000000        405.101792441263     
   7.95450000000000        402.795254220802     
   7.96558000000000        404.510989979082     
   7.97666000000000        411.218010633656     
   7.98773000000000        410.201957212931     
   7.99880000000000        393.306432505075     
   8.00987000000000        366.255402501137     
   8.02093000000000        357.750705982398     
   8.03200000000000        368.362777572361     
   8.04305000000000        396.784306456646     
   8.05411000000000        420.348031916694     
   8.06516000000000        439.634086131318     
   8.07621000000000        457.575585153871     
   8.08726000000000        461.709870491936     
   8.09830000000000        467.311487071367     
   8.10934000000000        479.030869257583     
   8.12037000000000        501.537011395120     
   8.13141000000000        518.894790320725     
   8.14244000000000        521.543615601997     
   8.15346000000000        522.160574459051     
   8.16449000000000        517.605371598320     
   8.17551000000000        502.798288615345     
   8.18652000000000        479.465954811865     
   8.19754000000000        459.507260778292     
   8.20855000000000        427.381753916429     
   8.21955000000000        376.527452840891     
   8.23056000000000        331.811020449692     
   8.24156000000000        318.538717264536     
   8.25256000000000        327.872285743417     
   8.26355000000000        344.781431148793     
   8.27454000000000        367.203683495152     
   8.28553000000000        389.060448643864     
   8.29652000000000        409.382478912579     
   8.30750000000000        439.023660806901     
   8.31848000000000        469.466032641771     
   8.32946000000000        500.872043795099     
   8.34043000000000        521.952257445499     
   8.35140000000000        532.822433755838     
   8.36236000000000        535.125246341475     
   8.37333000000000        532.383787942318     
   8.38429000000000        541.022039973354     
   8.39524000000000        565.989778538329     
   8.40620000000000        591.189384141431     
   8.41715000000000        607.781805284730     
   8.42810000000000        619.742321392961     
   8.43904000000000        628.308360775961     
   8.44998000000000        609.911556418927     
   8.46092000000000        567.709824067822     
   8.47185000000000        539.475749773256     
   8.48278000000000        538.041337655816     
   8.49371000000000        549.286765577993     
   8.50464000000000        566.962347044510     
   8.51556000000000        583.905300820798     
   8.52648000000000        591.337955465235     
   8.53739000000000        582.533935067948     
   8.54831000000000        578.346475591682     
   8.55922000000000        586.873861218111     
   8.57012000000000        613.291192521241     
   8.58103000000000        643.812435701855     
   8.59193000000000        672.930231090474     
   8.60282000000000        681.770542418071     
   8.61372000000000        667.678694037026     
   8.62461000000000        648.602075713756     
   8.63549000000000        640.285575380137     
   8.64638000000000        650.783446915913     
   8.65726000000000        677.577706619976     
   8.66814000000000        714.532794250761     
   8.67901000000000        750.912849819424     
   8.68988000000000        772.772814372194     
   8.70075000000000        774.901871776172     
   8.71161000000000        768.611089291714     
   8.72248000000000        772.764252040339     
   8.73333000000000        786.455399030870     
   8.74419000000000        798.828310841640     
   8.75504000000000        795.610342207433     
   8.76589000000000        776.387884049184     
   8.77674000000000        740.809622490058     
   8.78758000000000        704.430132558048     
   8.79842000000000        677.926928334970     
   8.80926000000000        664.985726031032     
   8.82009000000000        660.913946308923     
   8.83092000000000        657.625237554775     
   8.84175000000000        654.577409179760     
   8.85257000000000        639.306230919127     
   8.86339000000000        618.360397013122     
   8.87421000000000        591.786310721141     
   8.88502000000000        566.679495799225     
   8.89583000000000        556.071662171347     
   8.90664000000000        557.644418634828     
   8.91745000000000        562.099996394392     
   8.92825000000000        564.408860446365     
   8.93905000000000        564.554532174624     
   8.94984000000000        564.955401074506     
   8.96063000000000        565.751122354255     
   8.97142000000000        565.036661283144     
   8.98221000000000        565.610008204120     
   8.99299000000000        563.600622911987     
   9.00377000000000        557.899772150748     
   9.01455000000000        553.050391665705     
   9.02532000000000        544.043002391347     
   9.03609000000000        522.946827496575     
   9.04686000000000        500.008931947011     
   9.05762000000000        480.893843424010     
   9.06838000000000        468.913149452469     
   9.07914000000000        460.813036693873     
   9.08989000000000        449.504659219604     
   9.10064000000000        437.991808432599     
   9.11139000000000        432.977397872059     
   9.12214000000000        426.548279879238     
   9.13288000000000        411.294306519631     
   9.14362000000000        392.751764749748     
   9.15435000000000        382.316357202920     
   9.16508000000000        375.829426894658     
   9.17581000000000        368.972157615816     
   9.18654000000000        364.199508877828     
   9.19726000000000        358.035206866782     
   9.20798000000000        353.166947211110     
   9.21870000000000        354.768692421690     
   9.22941000000000        360.092061114934     
   9.24012000000000        364.616274157431     
   9.25082000000000        365.225355593523     
   9.26153000000000        366.987821309847     
   9.27223000000000        373.685719780075     
   9.28293000000000        382.034127356289     
   9.29362000000000        386.332370319228     
   9.30431000000000        389.455343136014     
   9.31500000000000        387.971031383015     
   9.32568000000000        379.888765094160     
   9.33636000000000        375.484908136671     
   9.34704000000000        375.699277791685     
   9.35772000000000        375.288085380860     
   9.36839000000000        370.491869696516     
   9.37906000000000        365.527042846323     
   9.38972000000000        363.750481979959     
   9.40038000000000        362.936314076093     
   9.41104000000000        364.653923330802     
   9.42170000000000        365.268050702599     
   9.43235000000000        364.410575631974     
   9.44300000000000        366.212775963545     
   9.45365000000000        369.747931852626     
   9.46429000000000        372.940578434241     
   9.47493000000000        373.885491786497     
   9.48557000000000        371.301636996868     
   9.49620000000000        367.804041399166     
   9.50683000000000        367.275919053496     
   9.51746000000000        370.682361532116     
   9.52808000000000        373.020451791591     
   9.53871000000000        369.205304927235     
   9.54932000000000        362.508875408026     
   9.55994000000000        356.735702395785     
   9.57055000000000        353.796685730751     
   9.58116000000000        358.292681627100     
   9.59176000000000        369.075119293818     
   9.60237000000000        379.706597575306     
   9.61296000000000        388.534991354341     
   9.62356000000000        404.179629724881     
   9.63415000000000        421.991887746759     
   9.64474000000000        433.834520722104     
   9.65533000000000        441.113020271058     
   9.66591000000000        443.322509118104     
   9.67649000000000        440.044724757431     
   9.68707000000000        432.004789116029     
   9.69764000000000        417.965718865691     
   9.70821000000000        411.649248591089     
   9.71878000000000        417.081340306183     
   9.72934000000000        430.394939207721     
   9.73990000000000        447.195927190671     
   9.75046000000000        464.451230656050     
   9.76102000000000        485.722065009806     
   9.77157000000000        507.110633440531     
   9.78212000000000        523.711707362235     
   9.79266000000000        537.984112792728     
   9.80320000000000        545.582995624214     
   9.81374000000000        544.986525529539     
   9.82428000000000        543.342386605903     
   9.83481000000000        542.936131513339     
   9.84534000000000        545.767416256462     
   9.85586000000000        554.543300013260     
   9.86639000000000        557.709107369238     
   9.87691000000000        549.652851802578     
   9.88742000000000        534.791172203178     
   9.89794000000000        517.806342786295     
   9.90845000000000        502.841546685585     
   9.91895000000000        487.120402916347     
   9.92946000000000        467.818933586739     
   9.93996000000000        455.966928124652     
   9.95046000000000        458.363721249132     
   9.96095000000000        474.495251333687     
   9.97144000000000        495.142583427913     
   9.98193000000000        510.935681086111     
   9.99242000000000        521.615877349769     
   10.0029000000000        527.348741887624     
   10.0133800000000        524.912286656224     
   10.0238500000000        513.894980385994     
   10.0343200000000        496.030852425692     
   10.0447900000000        476.836104947474     
   10.0552600000000        463.132812348044     
   10.0657200000000        455.389601208078     
   10.0761800000000        452.931833250341     
   10.0866400000000        458.772966787877     
   10.0970900000000        470.532260980725     
   10.1075400000000        485.159594010789     
   10.1179900000000        503.238634177959     
   10.1284300000000        522.708499294735     
   10.1388700000000        540.036350733942     
   10.1493100000000        550.606478970404     
   10.1597400000000        554.034557610170     
   10.1701700000000        558.958618344053     
   10.1806000000000        569.953098046369     
   10.1910300000000        578.285538580369     
   10.2014500000000        579.984138105315     
   10.2118700000000        574.536239239900     
   10.2222800000000        564.578041578315     
   10.2326900000000        553.972188226261     
   10.2431000000000        543.940602800500     
   10.2535100000000        529.313188523669     
   10.2639100000000        512.979623262212     
   10.2743100000000        501.232950571836     
   10.2847100000000        494.507889643531     
   10.2951000000000        490.302503604624     
   10.3054900000000        486.940167251617     
   10.3158800000000        483.584985377882     
   10.3262600000000        480.907443306149     
   10.3366400000000        477.783751956701     
   10.3470200000000        473.501800648907     
   10.3573900000000        469.306865038317     
   10.3677600000000        463.141478511716     
   10.3781300000000        451.016196948114     
   10.3884900000000        431.681412203803     
   10.3988600000000        406.433776770921     
   10.4092100000000        381.724856061508     
   10.4195700000000        362.840650634836     
   10.4299200000000        351.334837282291     
   10.4402700000000        345.809555697793     
   10.4506100000000        344.060470916120     
   10.4609600000000        343.509842384981     
   10.4713000000000        346.047948864546     
   10.4816300000000        353.378449612726     
   10.4919600000000        363.113054029147     
   10.5022900000000        370.288843269536     
   10.5126200000000        372.978089295731     
   10.5229400000000        374.873584666019     
   10.5332600000000        378.964808783822     
   10.5435800000000        385.867577709095     
   10.5539000000000        394.380793586489     
   10.5642100000000        399.982076930033     
   10.5745100000000        399.001539701472     
   10.5848200000000        392.144997120174     
   10.5951200000000        380.872077947319     
   10.6054200000000        366.495808242294     
   10.6157100000000        350.919233037335     
   10.6260000000000        334.286268896674     
   10.6362900000000        315.717932329026     
   10.6465800000000        296.056113337514     
   10.6568600000000        278.715446112023     
   10.6671400000000        267.885498370287     
   10.6774100000000        263.759909022867     
   10.6876900000000        264.088286559284     
   10.6979600000000        267.603437494989     
   10.7082200000000        272.707536610883     
   10.7184900000000        280.230178798682     
   10.7287500000000        290.486362198095     
   10.7390000000000        300.465118461784     
   10.7492600000000        307.207814268477     
   10.7595100000000        310.798799006966     
   10.7697500000000        313.257366816361     
   10.7800000000000        316.600742508867     
   10.7902400000000        320.137876834590     
   10.8004800000000        322.919059155844     
   10.8107100000000        325.225605913360     
   10.8209400000000        327.476065702829     
   10.8311700000000        328.991296171177     
   10.8414000000000        330.213283432537     
   10.8516200000000        334.032707644755     
   10.8618400000000        340.543172819731     
   10.8720500000000        346.533570952060     
   10.8822700000000        351.381910647733     
   10.8924800000000        356.189707516690     
   10.9026800000000        362.822298765453     
   10.9128800000000        372.173366547775     
   10.9230800000000        383.187415773882     
   10.9332800000000        393.629424362224     
   10.9434700000000        400.922932903963     
   10.9536600000000        403.633272562666     
   10.9638500000000        401.424822341563     
   10.9740400000000        395.159440190070     
   10.9842200000000        389.191988944125     
   10.9943900000000        387.599239515557     
   11.0045700000000        390.188291496015     
   11.0147400000000        394.429673558150     
   11.0249100000000        399.186054017810     
   11.0350700000000        404.142828325569     
   11.0452300000000        408.419154682478     
   11.0553900000000        410.139564443383     
   11.0655500000000        408.628529335608     
   11.0757000000000        405.439058154935     
   11.0858500000000        403.238985729748     
   11.0960000000000        403.552860828661     
   11.1061400000000        405.233277158112     
   11.1162800000000        406.288786987342     
   11.1264200000000        407.731210429367     
   11.1365500000000        412.447976411503     
   11.1466800000000        419.637842604191     
   11.1568100000000        425.492324556805     
   11.1669300000000        429.821556355372     
   11.1770500000000        434.445610745432     
   11.1871700000000        438.688032591349     
   11.1972800000000        441.927708912133     
   11.2073900000000        444.585064889589     
   11.2175000000000        447.539828458089     
   11.2276100000000        453.012434660859     
   11.2377100000000        462.209564345366     
   11.2478100000000        475.050437163592     
   11.2579000000000        489.469164456972     
   11.2679900000000        501.281349268749     
   11.2780800000000        508.151051963621     
   11.2881700000000        511.713905100590     
   11.2982500000000        513.941715105946     
   11.3083300000000        516.781209242409     
   11.3184100000000        522.036059635812     
   11.3284800000000        529.078357317425     
   11.3385500000000        537.054301532585     
   11.3486200000000        545.589642731015     
   11.3586800000000        553.363908660707     
   11.3687400000000        559.599694361073     
   11.3788000000000        563.692087271258     
   11.3888500000000        565.739518100635     
   11.3989000000000        567.178905470865     
   11.4089500000000        568.205393553003     
   11.4189900000000        567.549592387301     
   11.4290400000000        564.858951482367     
   11.4390700000000        561.232953192498     
   11.4491100000000        558.879856459317     
   11.4591400000000        559.683215000156     
   11.4691700000000        564.372334260918     
   11.4792000000000        571.739447767165     
   11.4892200000000        578.971626449822     
   11.4992400000000        585.307134218818     
   11.5092500000000        591.091558326845     
   11.5192700000000        596.428524346889     
   11.5292800000000        601.323088373997     
   11.5392800000000        606.237972183856     
   11.5492900000000        611.635112602519     
   11.5592900000000        617.828171876253     
   11.5692800000000        625.079093675418     
   11.5792800000000        633.652736788343     
   11.5892700000000        643.086847672519     
   11.5992600000000        651.361395550873     
   11.6092400000000        657.291456146189     
   11.6192200000000        661.356416394425     
   11.6292000000000        665.699136956087     
   11.6391700000000        672.768188898647     
   11.6491500000000        683.135490266928     
   11.6591200000000        696.319397670628     
   11.6690800000000        710.801330410172     
   11.6790400000000        724.404332654389     
   11.6890000000000        736.502275175235     
   11.6989600000000        747.513322451143     
   11.7089100000000        757.451469100134     
   11.7188600000000        765.451346339931     
   11.7288100000000        770.973811773084     
   11.7387500000000        774.911487013113     
   11.7486900000000        778.192012220234     
   11.7586300000000        781.377174320989     
   11.7685600000000        784.632123667274     
   11.7784900000000        787.206916159876     
   11.7884200000000        788.329171964640     
   11.7983400000000        788.310551328258     
   11.8082600000000        788.256366382799     
   11.8181800000000        787.595304961814     
   11.8281000000000        784.247900846308     
   11.8380100000000        778.408938571524     
   11.8479200000000        772.334935900112     
   11.8578200000000        768.267370072676     
   11.8677200000000        766.831962004287     
   11.8776200000000        766.663374788846     
   11.8875200000000        766.069922510841     
   11.8974100000000        763.701907081725     
   11.9073000000000        758.371583548177     
   11.9171900000000        750.678559779852     
   11.9270700000000        743.896687435514     
   11.9369500000000        740.875174067509     
   11.9468300000000        741.207546584301     
   11.9567000000000        741.848352800122     
   11.9665700000000        740.658629294343     
   11.9764400000000        738.356153721601     
   11.9863000000000        737.746323350991     
   11.9961600000000        740.732580841757     
   12.0060200000000        746.577056694679     
   12.0158700000000        754.726177377701     
   12.0257300000000        765.914378733605     
   12.0355700000000        780.178922334130     
   12.0454200000000        795.978993354971     
   12.0552600000000        811.382955194279     
   12.0651000000000        826.815354856971     
   12.0749400000000        843.016784394038     
   12.0847700000000        858.224434777807     
   12.0946000000000        870.970675700797     
   12.1044200000000        881.040658927710     
   12.1142500000000        889.104608373782     
   12.1240700000000        897.137792266739     
   12.1338800000000        905.680754419085     
   12.1437000000000        912.505813437818     
   12.1535100000000        916.246291465750     
   12.1633100000000        918.530303317366     
   12.1731200000000        921.860909938053     
   12.1829200000000        927.356986639726     
   12.1927200000000        935.511561089243     
   12.2025100000000        946.573578343432     
   12.2123000000000        958.745453809595     
   12.2220900000000        969.751891330771     
   12.2318700000000        979.489633234660     
   12.2416600000000        988.971068383017     
   12.2514300000000        997.595012670852     
   12.2612100000000        1003.68742605099     
   12.2709800000000        1006.03269623195     
   12.2807500000000        1003.88147647133     
   12.2905200000000        998.363139793018     
   12.3002800000000        993.687793454885     
   12.3100400000000        993.384103575736     
   12.3198000000000        996.974800569149     
   12.3295500000000        1000.49740988699     
   12.3393000000000        1000.98603626767     
   12.3490500000000        999.525873810818     
   12.3587900000000        998.411621551783     
   12.3685300000000        998.210831305706     
   12.3782700000000        998.332712499516     
   12.3880000000000        998.875029150403     
   12.3977300000000        1000.43915951925     
   12.4074600000000        1003.02058757630     
   12.4171800000000        1005.88459588435     
   12.4269100000000        1009.14003286550     
   12.4366200000000        1013.17146800486     
   12.4463400000000        1016.68165482710     
   12.4560500000000        1017.53220951951     
   12.4657600000000        1014.47328020495     
   12.4754700000000        1008.15675061301     
   12.4851700000000        1000.73250582441     
   12.4948700000000        994.045984576895     
   12.5045600000000        989.058748994203     
   12.5142600000000        985.743379276023     
   12.5239500000000        984.274103029287     
   12.5336300000000        985.812546788585     
   12.5433200000000        991.028167952112     
   12.5530000000000        999.612159492339     
   12.5626800000000        1010.79943367710     
   12.5723500000000        1023.05310302435     
   12.5820200000000        1035.16960240283     
   12.5916900000000        1047.33494699431     
   12.6013500000000        1060.04495148624     
   12.6110100000000        1073.07041293781     
   12.6206700000000        1085.81902042864     
   12.6303300000000        1098.16219362970     
   12.6399800000000        1110.76522014335     
   12.6496300000000        1123.90811670166     
   12.6592700000000        1137.29678797563     
   12.6689200000000        1150.75255187856     
   12.6785500000000        1164.32596996785     
   12.6881900000000        1179.36194995905     
   12.6978200000000        1198.03773215134     
   12.7074500000000        1220.81824774085     
   12.7170800000000        1245.70193680406     
   12.7267000000000        1271.04033350494     
   12.7363200000000        1296.66300830677     
   12.7459400000000        1321.59435745102     
   12.7555500000000        1343.35572816736     
   12.7651600000000        1359.70473663753     
   12.7747700000000        1370.04542564580     
   12.7843800000000        1376.02668718598     
   12.7939800000000        1380.05725237190     
   12.8035800000000        1383.04744575542     
   12.8131700000000        1384.71095875069     
   12.8227600000000        1384.95643596186     
   12.8323500000000        1384.92071167580     
   12.8419400000000        1386.74404606603     
   12.8515200000000        1391.65613908854     
   12.8611000000000        1399.37306704724     
   12.8706700000000        1409.22923935150     
   12.8802500000000        1420.62805676249     
   12.8898100000000        1432.33428235777     
   12.8993800000000        1442.99502820692     
   12.9089400000000        1452.59219837011     
   12.9185000000000        1462.07395169416     
   12.9280600000000        1471.09680134917     
   12.9376100000000        1477.56794576727     
   12.9471700000000        1479.68081360617     
   12.9567100000000        1477.77893107307     
   12.9662600000000        1473.76095125790     
   12.9758000000000        1469.50947105059     
   12.9853400000000        1466.49329563097     
   12.9948700000000        1465.79823347802     
   13.0044000000000        1467.58736166814     
   13.0139300000000        1471.48085357322     
   13.0234600000000        1477.13619951625     
   13.0329800000000        1483.88578478961     
   13.0425000000000        1490.53342006233     
   13.0520100000000        1495.75331609720     
   13.0615200000000        1499.28163831848     
   13.0710300000000        1502.59073028173     
   13.0805400000000        1507.43233369042     
   13.0900400000000        1513.60347791186     
   13.0995400000000        1519.00606591574     
   13.1090400000000        1522.43801615929     
   13.1185300000000        1524.67553190220     
   13.1280200000000        1525.59331940040     
   13.1375100000000        1522.97137623856     
   13.1469900000000        1515.04292377903     
   13.1564700000000        1502.05406221665     
   13.1659500000000        1486.34362157423     
   13.1754300000000        1471.75515162931     
   13.1849000000000        1461.58231903862     
   13.1943700000000        1456.81278524900     
   13.2038300000000        1456.28177038647     
   13.2132900000000        1457.64812796168     
   13.2227500000000        1458.61806356887     
   13.2322100000000        1457.58481718353     
   13.2416600000000        1453.49113273217     
   13.2511100000000        1446.52191959534     
   13.2605500000000        1438.57603734750     
   13.2700000000000        1432.30118119529     
   13.2794400000000        1430.28618314787     
   13.2888700000000        1434.20611794509     
   13.2983100000000        1443.70530768708     
   13.3077400000000        1456.25048868118     
   13.3171600000000        1469.02601671954     
   13.3265900000000        1480.44518838878     
   13.3360100000000        1489.61946456987     
   13.3454300000000        1495.69849831424     
   13.3548400000000        1498.07087254101     
   13.3642500000000        1496.88757516650     
   13.3736600000000        1492.71164206482     
   13.3830600000000        1485.68218665235     
   13.3924700000000        1475.74332931579     
   13.4018600000000        1463.61488716586     
   13.4112600000000        1450.57613680923     
   13.4206500000000        1437.99705244390     
   13.4300400000000        1427.16441148991     
   13.4394300000000        1419.46453192737     
   13.4488100000000        1415.96830985255     
   13.4581900000000        1416.86915371855     
   13.4675600000000        1421.28964282811     
   13.4769400000000        1427.88286830196     
   13.4863100000000        1436.08054590424     
   13.4956700000000        1446.46629060309     
   13.5050400000000        1460.06624843138     
   13.5144000000000        1477.24714055955     
   13.5237600000000        1496.89736146420     
   13.5331100000000        1516.52532859929     
   13.5424600000000        1534.15749091678     
   13.5518100000000        1550.16448475945     
   13.5611500000000        1566.97355423847     
   13.5704900000000        1586.98510098753     
   13.5798300000000        1610.31351381756     
   13.5891700000000        1634.15331115689     
   13.5985000000000        1654.45551243147     
   13.6078300000000        1668.55168012822     
   13.6171500000000        1676.01253143613     
   13.6264800000000        1677.96295086293     
   13.6358000000000        1676.32774642181     
   13.6451100000000        1673.32323991923     
   13.6544200000000        1670.74882073456     
   13.6637300000000        1670.12132708427     
   13.6730400000000        1672.91620300627     
   13.6823400000000        1679.91000518609     
   13.6916400000000        1690.56655778835     
   13.7009400000000        1702.78534427986     
   13.7102400000000        1713.40149743882     
   13.7195300000000        1720.09163289737     
   13.7288100000000        1722.65693370452     
   13.7381000000000        1721.77230374467     
   13.7473800000000        1717.32378450723     
   13.7566600000000        1708.50373126289     
   13.7659300000000        1695.00623651428     
   13.7752000000000        1677.79898254749     
   13.7844700000000        1658.91686169122     
   13.7937400000000        1640.03571659885     
   13.8030000000000        1621.47108832498     
   13.8122600000000        1602.92520779612     
   13.8215200000000        1584.40455109914     
   13.8307700000000        1565.86030494951     
   13.8400200000000        1547.01808930741     
   13.8492600000000        1527.98065113845     
   13.8585100000000        1509.27269930009     
   13.8677500000000        1491.39123004403     
   13.8769800000000        1474.10380860566     
   13.8862200000000        1456.93936944605     
   13.8954500000000        1440.25016550733     
   13.9046800000000        1425.13368464243     
   13.9139000000000        1412.68484950215     
   13.9231200000000        1402.88217971642     
   13.9323400000000        1394.29179418893     
   13.9415500000000        1384.98290748155     
   13.9507700000000        1373.97144028055     
   13.9599700000000        1361.96500887262     
   13.9691800000000        1350.28687740397     
   13.9783800000000        1339.38229153960     
   13.9875800000000        1328.32745569716     
   13.9967800000000        1316.17135058625     
   14.0059700000000        1302.95282768664     
   14.0151600000000        1289.32836107952     
   14.0243400000000        1275.93853806434     
   14.0335300000000        1263.03936563365     
   14.0427100000000        1250.61510643480     
   14.0518800000000        1238.33516106646     
   14.0610600000000        1225.47943611637     
   14.0702300000000        1211.13400640959     
   14.0794000000000        1194.72230464304     
   14.0885600000000        1176.65154444216     
   14.0977200000000        1158.15320996626     
   14.1068800000000        1140.78116271346     
   14.1160300000000        1125.62111085155     
   14.1251800000000        1112.69372579867     
   14.1343300000000        1101.33976250430     
   14.1434800000000        1090.97483454618     
   14.1526200000000        1081.51942461188     
   14.1617600000000        1073.21186670033     
   14.1708900000000        1066.23794859273     
   14.1800300000000        1060.37853825281     
   14.1891500000000        1055.03402667040     
   14.1982800000000        1049.43220148919     
   14.2074000000000        1043.00707186401     
   14.2165200000000        1035.47551031315     
   14.2256400000000        1026.94128651632     
   14.2347500000000        1017.93251259912     
   14.2438600000000        1009.17945842634     
   14.2529700000000        1001.44518290207     
   14.2620700000000        995.512794368856     
   14.2711800000000        992.082151723934     
   14.2802700000000        991.467060468174     
   14.2893700000000        993.281979376554     
   14.2984600000000        996.594681575243     
   14.3075500000000        1000.32285502131     
   14.3166300000000        1003.62977651869     
   14.3257100000000        1006.15456998079     
   14.3347900000000        1007.74834071633     
   14.3438700000000        1008.05349076892     
   14.3529400000000        1006.66501050544     
   14.3620100000000        1003.66554280139     
   14.3710700000000        999.530748348977     
   14.3801400000000        994.585143699807     
   14.3892000000000        989.010251829094     
   14.3982500000000        983.009057993667     
   14.4073100000000        976.657580560163     
   14.4163600000000        969.905482796225     
   14.4254000000000        962.898277942233     
   14.4344500000000        956.144213907703     
   14.4434900000000        950.257722878617     
   14.4525200000000        945.530896417967     
   14.4615600000000        941.752220334148     
   14.4705900000000        938.326201437422     
   14.4796200000000        934.541848059245     
   14.4886400000000        929.807229825543     
   14.4976600000000        923.752551040656     
   14.5066800000000        916.405930347584     
   14.5157000000000        908.211591281360     
   14.5247100000000        899.788684149643     
   14.5337200000000        891.588281218954     
   14.5427200000000        883.753622797450     
   14.5517300000000        876.085144435082     
   14.5607300000000        868.417960477794     
   14.5697200000000        860.980695053203     
   14.5787100000000        854.361720189983     
   14.5877000000000        849.000417046731     
   14.5966900000000        844.760800592873     
   14.6056700000000        841.135240194308     
   14.6146600000000        837.846373141761     
   14.6236300000000        835.156803594073     
   14.6326100000000        833.440226521883     
   14.6415800000000        832.647332617321     
   14.6505400000000        832.175819036273     
   14.6595100000000        831.296199487531     
   14.6684700000000        829.597829662358     
   14.6774300000000        827.078239349671     
   14.6863800000000        824.073889325510     
   14.6953400000000        821.141472701986     
   14.7042800000000        818.836729933470     
   14.7132300000000        817.392378815393     
   14.7221700000000        816.668598786495     
   14.7311100000000        816.291247711715     
   14.7400500000000        815.796926754679     
   14.7489800000000        814.580994548493     
   14.7579100000000        811.910375123083     
   14.7668400000000        807.282964939354     
   14.7757600000000        800.793202085456     
   14.7846800000000        792.974316716990     
   14.7936000000000        784.418050477096     
   14.8025100000000        775.648036945107     
   14.8114200000000        767.174436530243     
   14.8203300000000        759.447270365856     
   14.8292300000000        752.673413696182     
   14.8381300000000        746.857443634946     
   14.8470300000000        742.048225531698     
   14.8559300000000        738.346090218219     
   14.8648200000000        735.672656579321     
   14.8737100000000        733.566876144918     
   14.8825900000000        731.315423033092     
   14.8914700000000        728.295157706137     
   14.9003500000000        724.207513446609     
   14.9092300000000        719.047492183837     
   14.9181000000000        713.005327958313     
   14.9269700000000        706.356832320951     
   14.9358400000000        699.405847511645     
   14.9447000000000        692.435488336915     
   14.9535600000000        685.636733052700     
   14.9624200000000        679.134960228839     
   14.9712700000000        673.073046636888     
   14.9801200000000        667.646770580846     
   14.9889700000000        663.099821611993     
   14.9978100000000        659.664697534518     
   15.0066500000000        657.456432745365     
   15.0154900000000        656.357501558805     
   15.0243300000000        655.975174642476     
   15.0331600000000        655.787750100388     
   15.0419900000000        655.423939579446     
   15.0508100000000        654.899902821401     
   15.0596300000000        654.578534651308     
   15.0684500000000        654.868254150990     
   15.0772700000000        655.969284837738     
   15.0860800000000        657.841017451567     
   15.0948900000000        660.260108597682     
   15.1037000000000        662.853332784681     
   15.1125000000000        665.207938464238     
   15.1213000000000        667.089312659584     
   15.1301000000000        668.563898515965     
   15.1388900000000        669.900470246674     
   15.1476800000000        671.352910781362     
   15.1564700000000        673.048641854247     
   15.1652500000000        675.041368841727     
   15.1740300000000        677.425083754585     
   15.1828100000000        680.385093105866     
   15.1915800000000        684.159716867534     
   15.2003500000000        688.970541323154     
   15.2091200000000        694.947304507962     
   15.2178900000000        702.092262528905     
   15.2266500000000        710.236321001815     
   15.2354100000000        719.088159765566     
   15.2441600000000        728.358916333917     
   15.2529200000000        738.023781740171     
   15.2616700000000        748.309260870455     
   15.2704100000000        759.642282808723     
   15.2791500000000        772.496271035537     
   15.2878900000000        787.252535530080     
   15.2966300000000        804.097054045018     
   15.3053600000000        822.879533058563     
   15.3140900000000        843.141128462952     
   15.3228200000000        864.212787565254     
   15.3315400000000        885.530410351669     
   15.3402600000000        906.975473458141     
   15.3489800000000        928.764322954888     
   15.3577000000000        951.123686532602     
   15.3664100000000        973.884695959390     
   15.3751200000000        996.364480786162     
   15.3838200000000        1017.27979007376     
   15.3925200000000        1035.11720682334     
   15.4012200000000        1048.50574151347     
   15.4099200000000        1056.60558973329     
   15.4186100000000        1059.19609382384     
   15.4273000000000        1056.57823276163     
   15.4359800000000        1049.45853069519     
   15.4446700000000        1038.91226778897     
   15.4533400000000        1026.38945648649     
   15.4620200000000        1013.26572469939     
   15.4706900000000        1000.59048067453     
   15.4793600000000        988.859059820815     
   15.4880300000000        978.326219847662     
   15.4966900000000        969.274834802624     
   15.5053500000000        961.967219737243     
   15.5140100000000        956.419258478524     
   15.5226700000000        952.167308634398     
   15.5313200000000        948.373454230501     
   15.5399600000000        944.218715247936     
   15.5486100000000        939.236794132492     
   15.5572500000000        933.360196624332     
   15.5658900000000        926.688580587178     
   15.5745200000000        919.381337650577     
   15.5831600000000        911.614595262336     
   15.5917900000000        903.664743932037     
   15.6004100000000        895.785800124729     
   15.6090300000000        888.068386887368     
   15.6176500000000        880.393540632551     
   15.6262700000000        872.543083821662     
   15.6348800000000        864.377486305214     
   15.6434900000000        855.824667765070     
   15.6521000000000        846.779174218839     
   15.6607000000000        837.007704021820     
   15.6693000000000        826.171690027370     
   15.6779000000000        814.025988761894     
   15.6864900000000        800.581211786218     
   15.6950800000000        786.122352415132     
   15.7036700000000        771.208136899986     
   15.7122600000000        756.520375534180     
   15.7208400000000        742.708881324462     
   15.7294100000000        730.222111222172     
   15.7379900000000        719.239099467014     
   15.7465600000000        709.754576954085     
   15.7551300000000        701.550645305445     
   15.7637000000000        694.364654492107     
   15.7722600000000        687.992912934084     
   15.7808200000000        682.297587063379     
   15.7893700000000        677.173912725234     
   15.7979300000000        672.430185842386     
   15.8064700000000        667.811184137509     
   15.8150200000000        663.009537964955     
   15.8235600000000        657.834235241745     
   15.8321000000000        652.250584039713     
   15.8406400000000        646.444917378218     
   15.8491800000000        640.771879392714     
   15.8577100000000        635.616620909501     
   15.8662300000000        631.266554673190     
   15.8747600000000        627.916628606533     
   15.8832800000000        625.736845168678     
   15.8918000000000        624.829955912916     
   15.9003100000000        625.206839458922     
   15.9088200000000        626.770282298471     
   15.9173300000000        629.346657928810     
   15.9258400000000        632.747280166059     
   15.9343400000000        636.821454806351     
   15.9428400000000        641.463329799711     
   15.9513300000000        646.534796507171     
   15.9598300000000        651.884216660630     
   15.9683100000000        657.387918541770     
   15.9768000000000        663.138031276609     
   15.9852800000000        669.409072306912     
   15.9937600000000        676.622764339439     
   16.0022400000000        685.143181955771     
   16.0107100000000        695.091535489213     
   16.0191800000000        706.284226820867     
   16.0276500000000        718.222317394958     
   16.0361200000000        730.223267030750     
   16.0445800000000        741.561102098236     
   16.0530300000000        751.600369160718     
   16.0614900000000        759.850176903006     
   16.0699400000000        765.941944779306     
   16.0783900000000        769.715900787845     
   16.0868300000000        771.115364568895     
   16.0952800000000        770.086012893387     
   16.1037100000000        766.513564886706     
   16.1121500000000        760.260429885179     
   16.1205800000000        751.342103903924     
   16.1290100000000        739.977204665501     
   16.1374400000000        726.582879136744     
   16.1458600000000        711.672213623065     
   16.1542800000000        695.709752429132     
   16.1627000000000        679.150093846137     
   16.1711100000000        662.469289520621     
   16.1795200000000        646.102644714877     
   16.1879300000000        630.469532744778     
   16.1963300000000        615.939778607575     
   16.2047300000000        602.775370908272     
   16.2131300000000        591.186643838883     
   16.2215200000000        581.292414043732     
   16.2299100000000        573.020010572562     
   16.2383000000000        566.100498495973     
   16.2466900000000        560.072086190105     
   16.2550700000000        554.366628020596     
   16.2634500000000        548.406044677615     
   16.2718200000000        541.760565844373     
   16.2802000000000        534.212984255080     
   16.2885600000000        525.838263760261     
   16.2969300000000        516.793778225239     
   16.3052900000000        507.278796841468     
   16.3136500000000        497.379259281295     
   16.3220100000000        487.143037767042     
   16.3303600000000        476.660572473602     
   16.3387100000000        466.074555277507     
   16.3470600000000        455.603019473008     
   16.3554000000000        445.487876064235     
   16.3637400000000        435.906393332693     
   16.3720800000000        426.965333211606     
   16.3804200000000        418.646184544768     
   16.3887500000000        410.798388462844     
   16.3970700000000        403.171258955319     
   16.4054000000000        395.513471066098     
   16.4137200000000        387.717967767349     
   16.4220400000000        379.781973871020     
   16.4303500000000        371.833078334821     
   16.4386700000000        364.058801695633     
   16.4469700000000        356.753675363731     
   16.4552800000000        350.161551268110     
   16.4635800000000        344.489806837312     
   16.4718800000000        339.776850104375     
   16.4801800000000        335.928826310909     
   16.4884700000000        332.794168987993     
   16.4967600000000        330.246050821086     
   16.5050500000000        328.227957920939     
   16.5133300000000        326.711084235965     
   16.5216100000000        325.634331601434     
   16.5298900000000        324.891206485795     
   16.5381600000000        324.343102521227     
   16.5464300000000        323.846386692584     
   16.5547000000000        323.279298262867     
   16.5629700000000        322.549402521006     
   16.5712300000000        321.584656313045     
   16.5794900000000        320.316120269109     
   16.5877400000000        318.684452067920     
   16.5959900000000        316.652287239174     
   16.6042400000000        314.224941279597     
   16.6124900000000        311.444335656633     
   16.6207300000000        308.373662146150     
   16.6289700000000        305.070850462125     
   16.6372000000000        301.594783085402     
   16.6454400000000        297.977170128733     
   16.6536700000000        294.250989446910     
   16.6618900000000        290.438265266825     
   16.6701200000000        286.571572056131     
   16.6783400000000        282.740561374772     
   16.6865500000000        279.066908428064     
   16.6947700000000        275.688926776121     
   16.7029800000000        272.754608296380     
   16.7111900000000        270.356988891336     
   16.7193900000000        268.528923764426     
   16.7275900000000        267.222894973721     
   16.7357900000000        266.324260163440     
   16.7439800000000        265.665271451279     
   16.7521800000000        265.049096128128     
   16.7603600000000        264.293006270304     
   16.7685500000000        263.264253895154     
   16.7767300000000        261.935086120286     
   16.7849100000000        260.397292005218     
   16.7930900000000        258.847597064408     
   16.8012600000000        257.524640007460     
   16.8094300000000        256.619526249173     
   16.8175900000000        256.213284727995     
   16.8257600000000        256.245590715691     
   16.8339200000000        256.533110082622     
   16.8420700000000        256.816591846529     
   16.8502300000000        256.831947592572     
   16.8583800000000        256.385233883529     
   16.8665300000000        255.410001334297     
   16.8746700000000        253.975643978988     
   16.8828100000000        252.235113552053     
   16.8909500000000        250.354133744329     
   16.8990800000000        248.443838277177     
   16.9072100000000        246.512719231720     
   16.9153400000000        244.473014461857     
   16.9234700000000        242.181180630288     
   16.9315900000000        239.511024384564     
   16.9397100000000        236.405202295915     
   16.9478200000000        232.912221732815     
   16.9559400000000        229.152518020282     
   16.9640500000000        225.316804156028     
   16.9721500000000        221.604020633017     
   16.9802600000000        218.188206418839     
   16.9883600000000        215.213723528523     
   16.9964500000000        212.744233245814     
   17.0045500000000        210.759996674992     
   17.0126400000000        209.180581427918     
   17.0207200000000        207.868220077612     
   17.0288100000000        206.665299696717     
   17.0368900000000        205.444886641012     
   17.0449700000000        204.134540136306     
   17.0530400000000        202.730865460382     
   17.0611100000000        201.267389815529     
   17.0691800000000        199.778716149475     
