   7.15970000000000        125.876373931058     
   7.17100000000000        127.529091043085     
   7.18231000000000        129.912989562247     
   7.19360000000000        129.451596534990     
   7.20490000000000        128.351447249180     
   7.21619000000000        128.193802706749     
   7.22748000000000        124.854162930670     
   7.23877000000000        123.606797990194     
   7.25005000000000        122.884939320357     
   7.26133000000000        124.342812108990     
   7.27261000000000        125.031817198836     
   7.28388000000000        125.838324221399     
   7.29515000000000        129.276894248142     
   7.30642000000000        135.588045467513     
   7.31768000000000        140.787405691813     
   7.32894000000000        144.537511068497     
   7.34020000000000        147.875998454910     
   7.35146000000000        154.493507950327     
   7.36271000000000        159.990419323479     
   7.37396000000000        165.041504692297     
   7.38520000000000        163.179840201211     
   7.39644000000000        156.089172253334     
   7.40768000000000        152.233977489091     
   7.41892000000000        149.165262536208     
   7.43015000000000        148.731581805892     
   7.44138000000000        150.291090366462     
   7.45261000000000        148.855653924538     
   7.46383000000000        145.624912304633     
   7.47505000000000        144.426708411572     
   7.48626000000000        143.607352159091     
   7.49748000000000        147.808082430013     
   7.50869000000000        151.657791918127     
   7.51990000000000        151.683132190669     
   7.53110000000000        147.402382879521     
   7.54230000000000        146.963021913910     
   7.55350000000000        148.191702463682     
   7.56469000000000        149.196431483966     
   7.57588000000000        150.016782804504     
   7.58707000000000        147.747921720160     
   7.59826000000000        145.695933345232     
   7.60944000000000        147.316947637752     
   7.62062000000000        152.951732681374     
   7.63179000000000        159.638138641955     
   7.64296000000000        160.045067108163     
   7.65413000000000        153.475674002158     
   7.66530000000000        144.286237059982     
   7.67646000000000        136.742398446546     
   7.68762000000000        134.532615044336     
   7.69878000000000        134.187098421786     
   7.70993000000000        131.600935762729     
   7.72108000000000        126.829860920259     
   7.73223000000000        123.397230302679     
   7.74337000000000        121.470081246304     
   7.75451000000000        120.160551221170     
   7.76565000000000        120.172111372155     
   7.77678000000000        120.000234454732     
   7.78791000000000        119.087565028428     
   7.79904000000000        118.097257689102     
   7.81017000000000        117.653241048695     
   7.82129000000000        118.458993500984     
   7.83241000000000        120.706693759194     
   7.84352000000000        124.264163970345     
   7.85463000000000        124.213449704852     
   7.86574000000000        119.551388690995     
   7.87685000000000        112.911752293017     
   7.88795000000000        108.734705467641     
   7.89905000000000        107.426044071119     
   7.91015000000000        106.634445989587     
   7.92124000000000        101.653653002097     
   7.93233000000000        98.2546891565262     
   7.94342000000000        96.3187563601034     
   7.95450000000000        94.0746366010042     
   7.96558000000000        90.8348383680000     
   7.97666000000000        86.9229365614539     
   7.98773000000000        82.6532632637609     
   7.99880000000000        79.0096190908425     
   8.00987000000000        74.9706572436173     
   8.02093000000000        73.2018252419490     
   8.03200000000000        75.9087471656877     
   8.04305000000000        80.7865510508019     
   8.05411000000000        83.1523966676270     
   8.06516000000000        85.4573424189129     
   8.07621000000000        89.5431446423708     
   8.08726000000000        93.4845971828140     
   8.09830000000000        97.3212451986338     
   8.10934000000000        100.317603558310     
   8.12037000000000        103.680248983432     
   8.13141000000000        105.600377269916     
   8.14244000000000        104.354409618817     
   8.15346000000000        103.351074582390     
   8.16449000000000        101.793363352176     
   8.17551000000000        97.9395786532934     
   8.18652000000000        90.2136481934699     
   8.19754000000000        82.2752643966088     
   8.20855000000000        75.3223682028320     
   8.21955000000000        69.1428543470937     
   8.23056000000000        65.7820968496569     
   8.24156000000000        67.3891567563545     
   8.25256000000000        71.6993161854840     
   8.26355000000000        76.0448814434402     
   8.27454000000000        80.7266834868810     
   8.28553000000000        85.6604874633840     
   8.29652000000000        93.0520956701357     
   8.30750000000000        104.057682574726     
   8.31848000000000        114.300400737961     
   8.32946000000000        123.415045554950     
   8.34043000000000        127.715042582966     
   8.35140000000000        130.235620808953     
   8.36236000000000        133.316752200156     
   8.37333000000000        138.314829484938     
   8.38429000000000        145.502140780695     
   8.39524000000000        154.390807451024     
   8.40620000000000        159.238398263802     
   8.41715000000000        160.565272848607     
   8.42810000000000        158.562563328527     
   8.43904000000000        158.134384229492     
   8.44998000000000        153.784497860550     
   8.46092000000000        145.153370597536     
   8.47185000000000        138.208557107883     
   8.48278000000000        135.976105972444     
   8.49371000000000        134.604165193707     
   8.50464000000000        133.674268383381     
   8.51556000000000        134.166031525203     
   8.52648000000000        136.004577935426     
   8.53739000000000        138.388436981284     
   8.54831000000000        140.867500920604     
   8.55922000000000        144.643333980331     
   8.57012000000000        153.269003391243     
   8.58103000000000        163.110792512219     
   8.59193000000000        171.756636442681     
   8.60282000000000        175.829608467608     
   8.61372000000000        178.645810112672     
   8.62461000000000        183.245568785600     
   8.63549000000000        187.719673502205     
   8.64638000000000        192.969953924416     
   8.65726000000000        199.942412065293     
   8.66814000000000        206.880489064084     
   8.67901000000000        213.562092375754     
   8.68988000000000        218.798570647369     
   8.70075000000000        221.313209853335     
   8.71161000000000        220.408883516696     
   8.72248000000000        220.081997276854     
   8.73333000000000        219.950288065510     
   8.74419000000000        217.189372499434     
   8.75504000000000        209.862723835509     
   8.76589000000000        201.614492588084     
   8.77674000000000        191.944787874663     
   8.78758000000000        182.856196505336     
   8.79842000000000        176.990879326310     
   8.80926000000000        174.587660213817     
   8.82009000000000        172.899663794855     
   8.83092000000000        169.482008764113     
   8.84175000000000        166.175928221825     
   8.85257000000000        160.339656992144     
   8.86339000000000        156.697486239031     
   8.87421000000000        154.342426964849     
   8.88502000000000        152.403424354105     
   8.89583000000000        152.871004708568     
   8.90664000000000        155.044785684784     
   8.91745000000000        157.372932376302     
   8.92825000000000        157.545700366104     
   8.93905000000000        156.671028832410     
   8.94984000000000        156.761815776773     
   8.96063000000000        158.261893297098     
   8.97142000000000        160.056189016632     
   8.98221000000000        160.638194562186     
   8.99299000000000        158.193671094843     
   9.00377000000000        154.171925824572     
   9.01455000000000        150.517195823825     
   9.02532000000000        144.965649420983     
   9.03609000000000        137.099997474388     
   9.04686000000000        132.636599187372     
   9.05762000000000        132.479155118707     
   9.06838000000000        134.127588741601     
   9.07914000000000        135.060370755403     
   9.08989000000000        132.433168739284     
   9.10064000000000        126.866171834212     
   9.11139000000000        122.159007734222     
   9.12214000000000        116.345013782945     
   9.13288000000000        108.709100324881     
   9.14362000000000        101.450972537887     
   9.15435000000000        95.7349318018732     
   9.16508000000000        91.1147179539300     
   9.17581000000000        87.4804275873807     
   9.18654000000000        85.3426131756152     
   9.19726000000000        82.4712372448397     
   9.20798000000000        77.6309533444773     
   9.21870000000000        72.8094096798910     
   9.22941000000000        68.8053842972766     
   9.24012000000000        67.1752762041869     
   9.25082000000000        67.0034649558907     
   9.26153000000000        67.9859900688859     
   9.27223000000000        70.1293275926932     
   9.28293000000000        72.1518809016654     
   9.29362000000000        73.7253883871156     
   9.30431000000000        74.6595624074284     
   9.31500000000000        73.5202289170123     
   9.32568000000000        71.3343719121036     
   9.33636000000000        71.3334014690074     
   9.34704000000000        73.1904919417332     
   9.35772000000000        75.3973281775365     
   9.36839000000000        77.3921796728216     
   9.37906000000000        78.6132285400222     
   9.38972000000000        79.0335110597320     
   9.40038000000000        78.4957565093104     
   9.41104000000000        77.6016045239225     
   9.42170000000000        75.1785767702510     
   9.43235000000000        71.8221571313409     
   9.44300000000000        69.1775312183556     
   9.45365000000000        67.4475999911831     
   9.46429000000000        65.3691270967264     
   9.47493000000000        63.5246745511309     
   9.48557000000000        63.0902893115764     
   9.49620000000000        62.8278514327422     
   9.50683000000000        62.4034429032806     
   9.51746000000000        61.6825461645276     
   9.52808000000000        61.5571866004642     
   9.53871000000000        61.9022155117853     
   9.54932000000000        62.3201665061425     
   9.55994000000000        63.3207569138748     
   9.57055000000000        63.6958631741136     
   9.58116000000000        63.2357747094429     
   9.59176000000000        62.6480599513261     
   9.60237000000000        62.5119841779501     
   9.61296000000000        62.6603716357336     
   9.62356000000000        64.0767589537570     
   9.63415000000000        66.1047551785728     
   9.64474000000000        67.4487585343099     
   9.65533000000000        68.0762151814807     
   9.66591000000000        68.6293615917186     
   9.67649000000000        69.1775390567735     
   9.68707000000000        69.6049761308013     
   9.69764000000000        69.8772718448453     
   9.70821000000000        70.7557349258534     
   9.71878000000000        73.0831690600361     
   9.72934000000000        76.5094006666762     
   9.73990000000000        79.5545068783754     
   9.75046000000000        81.9232107065866     
   9.76102000000000        83.9925666862327     
   9.77157000000000        85.5559119240956     
   9.78212000000000        86.5715905782256     
   9.79266000000000        87.1249187759263     
   9.80320000000000        87.1473577733768     
   9.81374000000000        86.5571844732952     
   9.82428000000000        85.8222407337019     
   9.83481000000000        85.6037060428222     
   9.84534000000000        85.9988387117248     
   9.85586000000000        87.3841221150542     
   9.86639000000000        88.7671431222512     
   9.87691000000000        88.0238334049996     
   9.88742000000000        86.4269601804301     
   9.89794000000000        86.1616854177555     
   9.90845000000000        86.3865947188615     
   9.91895000000000        85.5898045407514     
   9.92946000000000        84.0072046711854     
   9.93996000000000        82.5630367251103     
   9.95046000000000        82.0357572384522     
   9.96095000000000        82.6585255275721     
   9.97144000000000        83.8318929055646     
   9.98193000000000        84.5949048477361     
   9.99242000000000        85.3961053386102     
   10.0029000000000        86.6383482104111     
   10.0133800000000        87.4007086592669     
   10.0238500000000        86.9439260441942     
   10.0343200000000        84.9498548779409     
   10.0447900000000        82.2997006783840     
   10.0552600000000        80.4198872963691     
   10.0657200000000        79.7529268435645     
   10.0761800000000        80.0157524185991     
   10.0866400000000        81.1780342316603     
   10.0970900000000        82.9897008890377     
   10.1075400000000        84.8983923312556     
   10.1179900000000        86.7777523231858     
   10.1284300000000        88.8556409618530     
   10.1388700000000        91.7351998248085     
   10.1493100000000        94.4497853424641     
   10.1597400000000        94.8552195875203     
   10.1701700000000        94.5324939446515     
   10.1806000000000        95.7699212648276     
   10.1910300000000        97.1686697879708     
   10.2014500000000        97.9006181942264     
   10.2118700000000        99.0496219431032     
   10.2222800000000        100.677602107818     
   10.2326900000000        101.797453121381     
   10.2431000000000        101.838613411198     
   10.2535100000000        100.319912554873     
   10.2639100000000        98.2611823471652     
   10.2743100000000        97.1396512200153     
   10.2847100000000        97.6081764122066     
   10.2951000000000        99.0949792209655     
   10.3054900000000        100.074393911594     
   10.3158800000000        100.311884784515     
   10.3262600000000        100.928175427862     
   10.3366400000000        101.193261606410     
   10.3470200000000        100.777957302428     
   10.3573900000000        100.560302964897     
   10.3677600000000        100.303193749313     
   10.3781300000000        99.0390661740077     
   10.3884900000000        96.6204946410382     
   10.3988600000000        93.9866564202158     
   10.4092100000000        91.7856185942165     
   10.4195700000000        90.4992433759196     
   10.4299200000000        90.0133769989153     
   10.4402700000000        90.1631985139231     
   10.4506100000000        90.8698714389112     
   10.4609600000000        91.6094423837185     
   10.4713000000000        92.2789420079626     
   10.4816300000000        93.7625831788612     
   10.4919600000000        96.1887317197269     
   10.5022900000000        98.7127717698010     
   10.5126200000000        100.561783178448     
   10.5229400000000        101.697319141524     
   10.5332600000000        102.371849120608     
   10.5435800000000        103.151491435000     
   10.5539000000000        104.217950821855     
   10.5642100000000        105.048917922944     
   10.5745100000000        105.702553371743     
   10.5848200000000        106.503046985890     
   10.5951200000000        107.110263512189     
   10.6054200000000        107.756950909153     
   10.6157100000000        108.312484427396     
   10.6260000000000        108.224242349943     
   10.6362900000000        108.539355430138     
   10.6465800000000        109.207237657993     
   10.6568600000000        109.522107206033     
   10.6671400000000        109.878157582804     
   10.6774100000000        110.714299662839     
   10.6876900000000        112.276257512658     
   10.6979600000000        114.490033828246     
   10.7082200000000        117.023566398454     
   10.7184900000000        120.555686926115     
   10.7287500000000        124.800566414133     
   10.7390000000000        128.483378600017     
   10.7492600000000        131.189081982282     
   10.7595100000000        133.259668711738     
   10.7697500000000        135.499582657893     
   10.7800000000000        138.329353056808     
   10.7902400000000        140.042279002483     
   10.8004800000000        140.434917757177     
   10.8107100000000        141.188972671800     
   10.8209400000000        142.983843478588     
   10.8311700000000        145.339765066528     
   10.8414000000000        148.828398458691     
   10.8516200000000        154.518779142658     
   10.8618400000000        161.459497696019     
   10.8720500000000        166.983747726742     
   10.8822700000000        171.043361614616     
   10.8924800000000        175.069035628461     
   10.9026800000000        180.477197182146     
   10.9128800000000        187.663687027761     
   10.9230800000000        195.478205481893     
   10.9332800000000        202.478653132483     
   10.9434700000000        207.673479323482     
   10.9536600000000        210.834134945340     
   10.9638500000000        211.856607225507     
   10.9740400000000        210.156804212455     
   10.9842200000000        207.912247259766     
   10.9943900000000        207.877612541795     
   11.0045700000000        210.085794933979     
   11.0147400000000        213.764624180498     
   11.0249100000000        218.977944428479     
   11.0350700000000        224.729486564180     
   11.0452300000000        229.677548593935     
   11.0553900000000        233.398110986370     
   11.0655500000000        235.688754874406     
   11.0757000000000        237.163992606473     
   11.0858500000000        238.992102398738     
   11.0960000000000        241.610930245203     
   11.1061400000000        243.935224195807     
   11.1162800000000        244.506284326916     
   11.1264200000000        243.874505345303     
   11.1365500000000        244.228444339138     
   11.1466800000000        245.507747208451     
   11.1568100000000        246.105964146372     
   11.1669300000000        246.669322321979     
   11.1770500000000        248.211795968093     
   11.1871700000000        249.349631040544     
   11.1972800000000        249.950172687483     
   11.2073900000000        251.200569723398     
   11.2175000000000        252.265213057984     
   11.2276100000000        253.627327836102     
   11.2377100000000        257.125951870722     
   11.2478100000000        263.635205725911     
   11.2579000000000        271.626959720490     
   11.2679900000000        277.729232064573     
   11.2780800000000        280.627751412718     
   11.2881700000000        281.874731292045     
   11.2982500000000        282.541500978167     
   11.3083300000000        283.710856830440     
   11.3184100000000        286.536280871684     
   11.3284800000000        290.390094317799     
   11.3385500000000        294.128931309579     
   11.3486200000000        297.258039390997     
   11.3586800000000        299.708267629683     
   11.3687400000000        302.122282938597     
   11.3788000000000        304.666557406465     
   11.3888500000000        307.202699792257     
   11.3989000000000        309.925982640015     
   11.4089500000000        312.186667822943     
   11.4189900000000        313.027117824998     
   11.4290400000000        313.174280628194     
   11.4390700000000        314.023237729528     
   11.4491100000000        316.234800829554     
   11.4591400000000        320.210599547347     
   11.4691700000000        325.960098314014     
   11.4792000000000        332.241857375303     
   11.4892200000000        337.316191227551     
   11.4992400000000        340.900136634786     
   11.5092500000000        343.485527660353     
   11.5192700000000        345.573089709972     
   11.5292800000000        347.374580679764     
   11.5392800000000        349.119046308752     
   11.5492900000000        351.077928455661     
   11.5592900000000        353.011442863236     
   11.5692800000000        354.374124844381     
   11.5792800000000        355.589201985333     
   11.5892700000000        357.156502141659     
   11.5992600000000        358.035912099805     
   11.6092400000000        357.603476045533     
   11.6192200000000        356.603861068722     
   11.6292000000000        356.281878662784     
   11.6391700000000        357.279555760243     
   11.6491500000000        359.177146473211     
   11.6591200000000        361.767262154022     
   11.6690800000000        365.078609893856     
   11.6790400000000        368.524693752376     
   11.6890000000000        371.431623561672     
   11.6989600000000        373.748940824896     
   11.7089100000000        376.157668433182     
   11.7188600000000        378.777397351403     
   11.7288100000000        380.792574697495     
   11.7387500000000        381.725974836930     
   11.7486900000000        381.474584211912     
   11.7586300000000        380.124041064707     
   11.7685600000000        378.041516500446     
   11.7784900000000        375.436577049865     
   11.7884200000000        372.197223187399     
   11.7983400000000        369.195025717278     
   11.8082600000000        367.749852030274     
   11.8181800000000        367.380652620244     
   11.8281000000000        366.331676789963     
   11.8380100000000        363.368112649155     
   11.8479200000000        358.535568059851     
   11.8578200000000        353.251631877309     
   11.8677200000000        348.971078666293     
   11.8776200000000        346.022953196703     
   11.8875200000000        344.244102081755     
   11.8974100000000        343.311661797396     
   11.9073000000000        342.339080947108     
   11.9171900000000        340.579957142623     
   11.9270700000000        338.283864407605     
   11.9369500000000        336.349750856410     
   11.9468300000000        334.761446181608     
   11.9567000000000        332.079244075093     
   11.9665700000000        327.645941443364     
   11.9764400000000        322.357336071444     
   11.9863000000000        317.720416461125     
   11.9961600000000        315.126717079646     
   12.0060200000000        315.103894461396     
   12.0158700000000        317.305749071424     
   12.0257300000000        321.105498847893     
   12.0355700000000        326.105607139582     
   12.0454200000000        331.853123447057     
   12.0552600000000        337.680132411144     
   12.0651000000000        343.696443155362     
   12.0749400000000        349.976132960761     
   12.0847700000000        355.264147679416     
   12.0946000000000        358.778353176822     
   12.1044200000000        360.931196879205     
   12.1142500000000        362.261474271808     
   12.1240700000000        363.717477940450     
   12.1338800000000        365.745486893489     
   12.1437000000000        367.666124404536     
   12.1535100000000        369.468737289460     
   12.1633100000000        371.874584417424     
   12.1731200000000        375.151696128926     
   12.1829200000000        379.217899096919     
   12.1927200000000        384.211046860121     
   12.2025100000000        390.253933115820     
   12.2123000000000        396.453683308413     
   12.2220900000000        401.915316210928     
   12.2318700000000        407.203808552812     
   12.2416600000000        413.244747427395     
   12.2514300000000        419.563971610060     
   12.2612100000000        425.111991740346     
   12.2709800000000        429.518562186904     
   12.2807500000000        432.871496008826     
   12.2905200000000        435.351756364330     
   12.3002800000000        437.997051496783     
   12.3100400000000        441.793410131304     
   12.3198000000000        446.005655945588     
   12.3295500000000        448.412149163003     
   12.3393000000000        448.103282869124     
   12.3490500000000        446.474296389522     
   12.3587900000000        445.038655805332     
   12.3685300000000        444.349271517009     
   12.3782700000000        444.423260269855     
   12.3880000000000        445.123828920190     
   12.3977300000000        446.010423177305     
   12.4074600000000        446.599405126351     
   12.4171800000000        446.764420947912     
   12.4269100000000        447.013824544381     
   12.4366200000000        448.085051745639     
   12.4463400000000        449.686221453221     
   12.4560500000000        450.330972899055     
   12.4657600000000        448.525256625926     
   12.4754700000000        444.196817979542     
   12.4851700000000        438.935575697474     
   12.4948700000000        434.272620820733     
   12.5045600000000        430.615484964554     
   12.5142600000000        427.571068185221     
   12.5239500000000        424.891841938123     
   12.5336300000000        422.806715796833     
   12.5433200000000        421.434339891576     
   12.5530000000000        420.889219268620     
   12.5626800000000        421.231445255012     
   12.5723500000000        421.950120454195     
   12.5820200000000        422.755568039629     
   12.5916900000000        424.367503793415     
   12.6013500000000        427.500420190483     
   12.6110100000000        431.893598964345     
   12.6206700000000        436.790351590378     
   12.6303300000000        441.766248474139     
   12.6399800000000        446.853322064057     
   12.6496300000000        451.741138172433     
   12.6592700000000        455.524085226796     
   12.6689200000000        457.533485600652     
   12.6785500000000        458.230266069182     
   12.6881900000000        459.313358679630     
   12.6978200000000        462.692496072276     
   12.7074500000000        468.991923532243     
   12.7170800000000        477.111705622383     
   12.7267000000000        485.787016590235     
   12.7363200000000        494.473601853706     
   12.7459400000000        502.468043833934     
   12.7555500000000        508.759308624602     
   12.7651600000000        512.821102718904     
   12.7747700000000        514.976228945434     
   12.7843800000000        516.530261677302     
   12.7939800000000        519.153195626520     
   12.8035800000000        523.418612793870     
   12.8131700000000        528.574338741683     
   12.8227600000000        533.671872217708     
   12.8323500000000        538.487265111562     
   12.8419400000000        543.457761540706     
   12.8515200000000        548.622095737038     
   12.8611000000000        553.431627017233     
   12.8706700000000        557.725558757727     
   12.8802500000000        562.047336124998     
   12.8898100000000        566.998769327349     
   12.8993800000000        573.022535658949     
   12.9089400000000        580.547181861702     
   12.9185000000000        589.501973084173     
   12.9280600000000        598.849407686131     
   12.9376100000000        606.937968756705     
   12.9471700000000        612.304972173012     
   12.9567100000000        614.665770761837     
   12.9662600000000        615.038073704117     
   12.9758000000000        614.713207500651     
   12.9853400000000        614.653592383735     
   12.9948700000000        615.486765985236     
   13.0044000000000        617.348691034606     
   13.0139300000000        619.965368753105     
   13.0234600000000        622.963525895249     
   13.0329800000000        625.891298541557     
   13.0425000000000        628.135408510671     
   13.0520100000000        629.184760284640     
   13.0615200000000        629.261259770751     
   13.0710300000000        629.475841157328     
   13.0805400000000        630.962287819451     
   13.0900400000000        633.880469983434     
   13.0995400000000        637.558207763479     
   13.1090400000000        641.516276028038     
   13.1185300000000        645.853754356068     
   13.1280200000000        650.352053569272     
   13.1375100000000        653.963390996276     
   13.1469900000000        655.489386475782     
   13.1564700000000        654.286484339108     
   13.1659500000000        650.823132212682     
   13.1754300000000        646.773961269270     
   13.1849000000000        644.020309506986     
   13.1943700000000        643.509728449831     
   13.2038300000000        645.158809734993     
   13.2132900000000        648.139343047021     
   13.2227500000000        651.095665727757     
   13.2322100000000        652.629757740019     
   13.2416600000000        651.685028406102     
   13.2511100000000        648.123496198618     
   13.2605500000000        643.045139980623     
   13.2700000000000        638.175426868888     
   13.2794400000000        635.215618451120     
   13.2888700000000        635.220723866687     
   13.2983100000000        638.041430247128     
   13.3077400000000        642.304849493694     
   13.3171600000000        646.598287310701     
   13.3265900000000        650.503917153973     
   13.3360100000000        654.043367455694     
   13.3454300000000        656.709885842263     
   13.3548400000000        657.456976001984     
   13.3642500000000        655.665036175217     
   13.3736600000000        651.728431233598     
   13.3830600000000        646.441653750747     
   13.3924700000000        640.460241507417     
   13.4018600000000        634.669354931161     
   13.4112600000000        630.017603425197     
   13.4206500000000        626.893533743542     
   13.4300400000000        625.133548536435     
   13.4394300000000        624.696980938273     
   13.4488100000000        625.605152482770     
   13.4581900000000        627.425666132130     
   13.4675600000000        629.150121127758     
   13.4769400000000        629.830609901938     
   13.4863100000000        629.644894977076     
   13.4956700000000        629.968724475390     
   13.5050400000000        632.192657900967     
   13.5144000000000        636.503627131430     
   13.5237600000000        641.444152796804     
   13.5331100000000        644.600993086384     
   13.5424600000000        644.439437095602     
   13.5518100000000        641.575910491315     
   13.5611500000000        638.078703705736     
   13.5704900000000        635.793050134490     
   13.5798300000000        635.297394066443     
   13.5891700000000        635.977500143722     
   13.5985000000000        636.890980158299     
   13.6078300000000        637.617050141090     
   13.6171500000000        638.388510446681     
   13.6264800000000        639.591130208260     
   13.6358000000000        641.338852435498     
   13.6451100000000        643.378663270732     
   13.6544200000000        645.199835847415     
   13.6637300000000        646.514368448519     
   13.6730400000000        647.712084772931     
   13.6823400000000        649.589818927665     
   13.6916400000000        652.735169721143     
   13.7009400000000        657.079919602446     
   13.7102400000000        661.798053672429     
   13.7195300000000        665.931573905565     
   13.7288100000000        669.137633189939     
   13.7381000000000        671.452567049381     
   13.7473800000000        672.529226234083     
   13.7566600000000        671.603709982217     
   13.7659300000000        668.319670417047     
   13.7752000000000        663.376509923045     
   13.7844700000000        658.192091699413     
   13.7937400000000        653.873658380791     
   13.8030000000000        650.598320930235     
   13.8122600000000        648.041056096890     
   13.8215200000000        645.946789465076     
   13.8307700000000        644.172276011914     
   13.8400200000000        642.653630492599     
   13.8492600000000        641.334402040366     
   13.8585100000000        640.019934088225     
   13.8677500000000        638.344223144868     
   13.8769800000000        635.836284441199     
   13.8862200000000        632.220675591626     
   13.8954500000000        627.831443260725     
   13.9046800000000        623.582967582036     
   13.9139000000000        620.489348928612     
   13.9231200000000        618.991134278293     
   13.9323400000000        618.687175760280     
   13.9415500000000        618.715737850965     
   13.9507700000000        618.490570979467     
   13.9599700000000        618.047363174701     
   13.9691800000000        617.615165292868     
   13.9783800000000        617.009514936619     
   13.9875800000000        615.618498299616     
   13.9967800000000        613.028691848119     
   14.0059700000000        609.570197806340     
   14.0151600000000        606.131944626443     
   14.0243400000000        603.438174778745     
   14.0335300000000        601.558358057882     
   14.0427100000000        600.145290738092     
   14.0518800000000        598.761497364552     
   14.0610600000000        596.814611281377     
   14.0702300000000        593.489093897603     
   14.0794000000000        588.147149835010     
   14.0885600000000        580.830122065212     
   14.0977200000000        572.273801672735     
   14.1068800000000        563.655796507133     
   14.1160300000000        556.037400778655     
   14.1251800000000        549.712257396065     
   14.1343300000000        544.275358049442     
   14.1434800000000        539.270536136050     
   14.1526200000000        534.672398478241     
   14.1617600000000        530.729396713317     
   14.1708900000000        527.551182523569     
   14.1800300000000        524.925452348407     
   14.1891500000000        522.519597672115     
   14.1982800000000        519.998971907463     
   14.2074000000000        517.060000786913     
   14.2165200000000        513.427293016525     
   14.2256400000000        508.996374391821     
   14.2347500000000        503.962068326138     
   14.2438600000000        498.744631479602     
   14.2529700000000        493.890657064588     
   14.2620700000000        489.995396193890     
   14.2711800000000        487.563737843989     
   14.2802700000000        486.899066525208     
   14.2893700000000        488.000224246504     
   14.2984600000000        490.515224876489     
   14.3075500000000        493.745015616814     
   14.3166300000000        496.890442328165     
   14.3257100000000        499.415738773865     
   14.3347900000000        501.045981379923     
   14.3438700000000        501.539266838127     
   14.3529400000000        500.730606936129     
   14.3620100000000        498.776374425941     
   14.3710700000000        496.072659124857     
   14.3801400000000        492.886822998759     
   14.3892000000000        489.262084872397     
   14.3982500000000        485.166426560449     
   14.4073100000000        480.645826898379     
   14.4163600000000        475.937193931330     
   14.4254000000000        471.495087849079     
   14.4344500000000        467.898953844813     
   14.4434900000000        465.640954835111     
   14.4525200000000        464.889942565153     
   14.4615600000000        465.391688925290     
   14.4705900000000        466.554985292608     
   14.4796200000000        467.779628025566     
   14.4886400000000        468.662113290029     
   14.4976600000000        468.944652385257     
   14.5066800000000        468.450455610287     
   14.5157000000000        467.072140598102     
   14.5247100000000        464.747760130664     
   14.5337200000000        461.498555860819     
   14.5427200000000        457.532120169528     
   14.5517300000000        453.241051378756     
   14.5607300000000        449.222758645044     
   14.5697200000000        446.144282823209     
   14.5787100000000        444.423652628018     
   14.5877000000000        443.921610576451     
   14.5966900000000        443.964065943144     
   14.6056700000000        443.790130616022     
   14.6146600000000        443.112861847321     
   14.6236300000000        442.276027267405     
   14.6326100000000        441.841514676145     
   14.6415800000000        442.066579964345     
   14.6505400000000        442.742391941126     
   14.6595100000000        443.438708102297     
   14.6684700000000        443.718806549803     
   14.6774300000000        443.197518425574     
   14.6863800000000        441.706000090217     
   14.6953400000000        439.536038096383     
   14.7042800000000        437.356086940018     
   14.7132300000000        435.741032894465     
   14.7221700000000        434.892957438459     
   14.7311100000000        434.676735842561     
   14.7400500000000        434.809373165518     
   14.7489800000000        434.912109817009     
   14.7579100000000        434.465158691702     
   14.7668400000000        432.901548544988     
   14.7757600000000        429.881046812189     
   14.7846800000000        425.437667747159     
   14.7936000000000        419.923357928894     
   14.8025100000000        413.882146157418     
   14.8114200000000        407.885062853586     
   14.8203300000000        402.392645599405     
   14.8292300000000        397.646279145618     
   14.8381300000000        393.656080422097     
   14.8470300000000        390.334920622829     
   14.8559300000000        387.625347877478     
   14.8648200000000        385.516646451243     
   14.8737100000000        383.940644117659     
   14.8825900000000        382.721441458965     
   14.8914700000000        381.626674649005     
   14.9003500000000        380.463474355366     
   14.9092300000000        379.093656161523     
   14.9181000000000        377.408294949598     
   14.9269700000000        375.315796287418     
   14.9358400000000        372.775487696605     
   14.9447000000000        369.838634571759     
   14.9535600000000        366.623982338816     
   14.9624200000000        363.266562645964     
   14.9712700000000        359.884576613861     
   14.9801200000000        356.583129822025     
   14.9889700000000        353.516800624293     
   14.9978100000000        350.914957399148     
   15.0066500000000        348.999745767074     
   15.0154900000000        347.860416486298     
   15.0243300000000        347.352018831202     
   15.0331600000000        347.101455893227     
   15.0419900000000        346.655804340720     
   15.0508100000000        345.716250060734     
   15.0596300000000        344.246263316902     
   15.0684500000000        342.368326270586     
   15.0772700000000        340.191694296904     
   15.0860800000000        337.745179617031     
   15.0948900000000        335.030493403585     
   15.1037000000000        332.145079915526     
   15.1125000000000        329.328433583606     
   15.1213000000000        326.856493198815     
   15.1301000000000        324.897294148180     
   15.1388900000000        323.449942293384     
   15.1476800000000        322.411236385333     
   15.1564700000000        321.675233809029     
   15.1652500000000        321.162818602108     
   15.1740300000000        320.833548302108     
   15.1828100000000        320.724939581412     
   15.1915800000000        320.957512413851     
   15.2003500000000        321.664331913343     
   15.2091200000000        322.871074838629     
   15.2178900000000        324.402542110628     
   15.2266500000000        325.889156037772     
   15.2354100000000        326.892340144511     
   15.2441600000000        327.055604925003     
   15.2529200000000        326.204528727381     
   15.2616700000000        324.370782243965     
   15.2704100000000        321.779030034576     
   15.2791500000000        318.808306893933     
   15.2878900000000        315.924742257594     
   15.2966300000000        313.550534959859     
   15.3053600000000        311.928786289069     
   15.3140900000000        311.061258080405     
   15.3228200000000        310.778385066893     
   15.3315400000000        310.877039584800     
   15.3402600000000        311.258449019200     
   15.3489800000000        311.958629562567     
   15.3577000000000        313.033899990634     
   15.3664100000000        314.400977333370     
   15.3751200000000        315.785913021715     
   15.3838200000000        316.816474364746     
   15.3925200000000        317.192700881321     
   15.4012200000000        316.780171342226     
   15.4099200000000        315.604975852525     
   15.4186100000000        313.799784104249     
   15.4273000000000        311.543278298700     
   15.4359800000000        309.039892591866     
   15.4446700000000        306.509577483621     
   15.4533400000000        304.209749234567     
   15.4620200000000        302.352796991364     
   15.4706900000000        301.048596471781     
   15.4793600000000        300.247559571684     
   15.4880300000000        299.801585753105     
   15.4966900000000        299.550577880683     
   15.5053500000000        299.376599280311     
   15.5140100000000        299.202149820817     
   15.5226700000000        298.965603078892     
   15.5313200000000        298.627003629573     
   15.5399600000000        298.178604190880     
   15.5486100000000        297.607093219222     
   15.5572500000000        296.843116914742     
   15.5658900000000        295.751184410433     
   15.5745200000000        294.185597855704     
   15.5831600000000        292.056532577848     
   15.5917900000000        289.407168850476     
   15.6004100000000        286.424350140288     
   15.6090300000000        283.398828589976     
   15.6176500000000        280.644648586371     
   15.6262700000000        278.404791401242     
   15.6348800000000        276.793921950647     
   15.6434900000000        275.770393678766     
   15.6521000000000        275.157378232376     
   15.6607000000000        274.691206502000     
   15.6693000000000        274.101114230881     
   15.6779000000000        273.201382151747     
   15.6864900000000        271.954455915566     
   15.6950800000000        270.452416457414     
   15.7036700000000        268.827216492686     
   15.7122600000000        267.155651993360     
   15.7208400000000        265.451526880419     
   15.7294100000000        263.728789823128     
   15.7379900000000        262.060983779455     
   15.7465600000000        260.590897532163     
   15.7551300000000        259.460506522616     
   15.7637000000000        258.756993086835     
   15.7722600000000        258.478339962541     
   15.7808200000000        258.528317715487     
   15.7893700000000        258.718293877942     
   15.7979300000000        258.759878129700     
   15.8064700000000        258.287685519205     
   15.8150200000000        256.956025540945     
   15.8235600000000        254.594932532438     
   15.8321000000000        251.311934109749     
   15.8406400000000        247.480347914301     
   15.8491800000000        243.587976347128     
   15.8577100000000        240.056379577577     
   15.8662300000000        237.135484243776     
   15.8747600000000        234.923585555326     
   15.8832800000000        233.443935754530     
   15.8918000000000        232.664105534470     
   15.9003100000000        232.528010368787     
   15.9088200000000        232.969081770521     
   15.9173300000000        233.919415572837     
   15.9258400000000        235.300227486217     
   15.9343400000000        236.999610427543     
   15.9428400000000        238.852342865695     
   15.9513300000000        240.621149929050     
   15.9598300000000        242.039398673231     
   15.9683100000000        242.872777166314     
   15.9768000000000        243.008881992756     
   15.9852800000000        242.470825379046     
   15.9937600000000        241.389556828792     
   16.0022400000000        239.935188786940     
   16.0107100000000        238.261385350008     
   16.0191800000000        236.483466188572     
   16.0276500000000        234.701394663586     
   16.0361200000000        233.005514636858     
   16.0445800000000        231.449152498924     
   16.0530300000000        230.007014137149     
   16.0614900000000        228.580027854622     
   16.0699400000000        227.063659333497     
   16.0783900000000        225.402365711307     
   16.0868300000000        223.625303817896     
   16.0952800000000        221.815704844450     
   16.1037100000000        220.078253866122     
   16.1121500000000        218.461027305311     
   16.1205800000000        216.944154080218     
   16.1290100000000        215.428109254708     
   16.1374400000000        213.776582519097     
   16.1458600000000        211.859443704364     
   16.1542800000000        209.578200863162     
   16.1627000000000        206.889748215054     
   16.1711100000000        203.812040488974     
   16.1795200000000        200.400820035717     
   16.1879300000000        196.742049511332     
   16.1963300000000        192.947429504233     
   16.2047300000000        189.145045516650     
   16.2131300000000        185.491637679489     
   16.2215200000000        182.154812760459     
   16.2299100000000        179.271735808106     
   16.2383000000000        176.933806437219     
   16.2466900000000        175.160100877944     
   16.2550700000000        173.886719834953     
   16.2634500000000        172.972422406945     
   16.2718200000000        172.247902230765     
   16.2802000000000        171.570870393093     
   16.2885600000000        170.873154282092     
   16.2969300000000        170.144422186281     
   16.3052900000000        169.400516671676     
   16.3136500000000        168.639028507152     
   16.3220100000000        167.835055682980     
   16.3303600000000        166.964291768440     
   16.3387100000000        166.028948318446     
   16.3470600000000        165.068659995768     
   16.3554000000000        164.145241028024     
   16.3637400000000        163.315696637255     
   16.3720800000000        162.611668848352     
   16.3804200000000        162.015644546970     
   16.3887500000000        161.454387821600     
   16.3970700000000        160.817992678195     
   16.4054000000000        159.989477240327     
   16.4137200000000        158.864933418052     
   16.4220400000000        157.350994006571     
   16.4303500000000        155.392625695075     
   16.4386700000000        153.004014034475     
   16.4469700000000        150.315013925620     
   16.4552800000000        147.515960581191     
   16.4635800000000        144.826851406489     
   16.4718800000000        142.400435371200     
   16.4801800000000        140.296301259847     
   16.4884700000000        138.489760543694     
   16.4967600000000        136.913349187752     
   16.5050500000000        135.516380538472     
   16.5133300000000        134.289605985127     
   16.5216100000000        133.251237730534     
   16.5298900000000        132.418840153421     
   16.5381600000000        131.774526735602     
   16.5464300000000        131.250419800578     
   16.5547000000000        130.747433257008     
   16.5629700000000        130.164459007428     
   16.5712300000000        129.423306840368     
   16.5794900000000        128.474402445882     
   16.5877400000000        127.298475433722     
   16.5959900000000        125.898931884895     
   16.6042400000000        124.303251585282     
   16.6124900000000        122.556606542933     
   16.6207300000000        120.715983149296     
   16.6289700000000        118.836839877406     
   16.6372000000000        116.975931021878     
   16.6454400000000        115.171817321941     
   16.6536700000000        113.454718470823     
   16.6618900000000        111.837793325557     
   16.6701200000000        110.331676993301     
   16.6783400000000        108.966628268436     
   16.6865500000000        107.780932784290     
   16.6947700000000        106.812232915750     
   16.7029800000000        106.089435886123     
   16.7111900000000        105.610296796710     
   16.7193900000000        105.338337537666     
   16.7275900000000        105.196724829003     
   16.7357900000000        105.072673338398     
   16.7439800000000        104.833620116402     
   16.7521800000000        104.358378006316     
   16.7603600000000        103.578889645862     
   16.7685500000000        102.497096751596     
   16.7767300000000        101.192206422580     
   16.7849100000000        99.7850421954631     
   16.7930900000000        98.4064415347933     
   16.8012600000000        97.1671700093303     
   16.8094300000000        96.1367480736603     
   16.8175900000000        95.3466522693196     
   16.8257600000000        94.7912506319864     
   16.8339200000000        94.4438196798313     
   16.8420700000000        94.2614318582681     
   16.8502300000000        94.1982102325328     
   16.8583800000000        94.2182859623462     
   16.8665300000000        94.3058081501784     
   16.8746700000000        94.4685348171200     
   16.8828100000000        94.7308860915733     
   16.8909500000000        95.1173189641689     
   16.8990800000000        95.6314736769137     
   16.9072100000000        96.2414544560001     
   16.9153400000000        96.8737870052016     
   16.9234700000000        97.4254583311049     
   16.9315900000000        97.7869260240968     
   16.9397100000000        97.8672181857255     
   16.9478200000000        97.6055719049389     
   16.9559400000000        96.9723522437658     
   16.9640500000000        95.9697223053413     
   16.9721500000000        94.6279746432150     
   16.9802600000000        93.0005508716842     
   16.9883600000000        91.1720121304034     
   16.9964500000000        89.2395307788818     
   17.0045500000000        87.3004209729575     
   17.0126400000000        85.4530610395518     
   17.0207200000000        83.7667587275138     
   17.0288100000000        82.2741331734078     
   17.0368900000000        80.9866343751115     
   17.0449700000000        79.8951553725727     
   17.0530400000000        78.9916512054799     
   17.0611100000000        78.2658049155386     
   17.0691800000000        77.6996095094465     
