   7.15970000000000        44.6777106165167     
   7.17100000000000        45.4701878659069     
   7.18231000000000        46.8808980471689     
   7.19360000000000        46.9856730433176     
   7.20490000000000        47.0219008652236     
   7.21619000000000        47.0444540992632     
   7.22748000000000        45.3734926652533     
   7.23877000000000        44.5253200877238     
   7.25005000000000        43.7293735151374     
   7.26133000000000        44.9102480763989     
   7.27261000000000        46.0522228801273     
   7.28388000000000        46.6536540668956     
   7.29515000000000        49.0974329881580     
   7.30642000000000        52.4208141279626     
   7.31768000000000        55.2486132248610     
   7.32894000000000        57.2453824213583     
   7.34020000000000        58.5149884522736     
   7.35146000000000        60.1152040408649     
   7.36271000000000        61.1629639434125     
   7.37396000000000        62.6600404159927     
   7.38520000000000        62.3520482970678     
   7.39644000000000        59.5915173360148     
   7.40768000000000        58.0069090570373     
   7.41892000000000        56.8718174523318     
   7.43015000000000        57.6571969309403     
   7.44138000000000        59.3625785201433     
   7.45261000000000        60.8052619863907     
   7.46383000000000        59.9686678112417     
   7.47505000000000        58.7725043304717     
   7.48626000000000        58.6050730938252     
   7.49748000000000        61.2562813759097     
   7.50869000000000        63.8408994996568     
   7.51990000000000        64.9392226984651     
   7.53110000000000        63.0333860987399     
   7.54230000000000        61.4086359404387     
   7.55350000000000        60.9605396645984     
   7.56469000000000        61.8269127013913     
   7.57588000000000        63.5004666604276     
   7.58707000000000        63.9685098918835     
   7.59826000000000        62.8807184306600     
   7.60944000000000        63.4104883419379     
   7.62062000000000        65.6685903670742     
   7.63179000000000        68.8633807748358     
   7.64296000000000        70.2628262934434     
   7.65413000000000        68.2018348735228     
   7.66530000000000        61.6414356222955     
   7.67646000000000        55.6366292282143     
   7.68762000000000        53.2484362149373     
   7.69878000000000        53.3659610479010     
   7.70993000000000        54.9503802231449     
   7.72108000000000        55.8334479966395     
   7.73223000000000        56.0170967216054     
   7.74337000000000        54.9349180225565     
   7.75451000000000        55.8252844475444     
   7.76565000000000        58.3702757469503     
   7.77678000000000        60.2108213005546     
   7.78791000000000        60.0764179337621     
   7.79904000000000        59.1886227856826     
   7.81017000000000        59.0007776343923     
   7.82129000000000        60.1606996412373     
   7.83241000000000        62.3585183710705     
   7.84352000000000        64.9218984703723     
   7.85463000000000        65.0967661563264     
   7.86574000000000        60.3533795682629     
   7.87685000000000        54.2425487982342     
   7.88795000000000        50.7648751426062     
   7.89905000000000        50.1624778383344     
   7.91015000000000        51.2910430893945     
   7.92124000000000        51.1691528490882     
   7.93233000000000        51.4234781536242     
   7.94342000000000        51.5410503035860     
   7.95450000000000        51.1685302616067     
   7.96558000000000        51.1333600761982     
   7.97666000000000        51.8046805576874     
   7.98773000000000        51.6511270605655     
   7.99880000000000        49.7092337612674     
   8.00987000000000        46.6715610640884     
   8.02093000000000        46.1324383953210     
   8.03200000000000        48.0805420116828     
   8.04305000000000        52.3942027844676     
   8.05411000000000        55.7520482005344     
   8.06516000000000        58.3232884588294     
   8.07621000000000        60.9161138666627     
   8.08726000000000        62.1756732600714     
   8.09830000000000        63.8952224739115     
   8.10934000000000        65.9399734805889     
   8.12037000000000        69.4444591301844     
   8.13141000000000        72.1153256496768     
   8.14244000000000        72.6052741551647     
   8.15346000000000        72.9858341255169     
   8.16449000000000        72.5403935604642     
   8.17551000000000        70.2380848313035     
   8.18652000000000        66.2092057642742     
   8.19754000000000        62.6842683061675     
   8.20855000000000        57.7508223524562     
   8.21955000000000        50.9146090724299     
   8.23056000000000        45.4689894634634     
   8.24156000000000        44.7669193218837     
   8.25256000000000        47.3085988933936     
   8.26355000000000        50.7601912827230     
   8.27454000000000        54.9216051728769     
   8.28553000000000        58.9576399363552     
   8.29652000000000        63.0958469780340     
   8.30750000000000        68.8365695545360     
   8.31848000000000        74.4815612718197     
   8.32946000000000        80.0355604599021     
   8.34043000000000        83.2009936485319     
   8.35140000000000        84.5919000088159     
   8.36236000000000        85.4323536713782     
   8.37333000000000        86.3861923253004     
   8.38429000000000        89.1409462738278     
   8.39524000000000        93.8918456705292     
   8.40620000000000        97.9646058110656     
   8.41715000000000        100.398938669273     
   8.42810000000000        101.414529686078     
   8.43904000000000        102.441789311337     
   8.44998000000000        99.4691677853276     
   8.46092000000000        92.5595176686010     
   8.47185000000000        87.5734250394135     
   8.48278000000000        86.8692284034765     
   8.49371000000000        87.8523168744591     
   8.50464000000000        89.7899964893513     
   8.51556000000000        92.0870944875927     
   8.52648000000000        93.6773597786165     
   8.53739000000000        93.4225027676053     
   8.54831000000000        93.6595194163720     
   8.55922000000000        95.7537302513069     
   8.57012000000000        101.222273400816     
   8.58103000000000        107.628417786044     
   8.59193000000000        113.720152491703     
   8.60282000000000        116.004627030373     
   8.61372000000000        115.011815304001     
   8.62461000000000        113.641519411906     
   8.63549000000000        113.393999584893     
   8.64638000000000        115.729154739364     
   8.65726000000000        120.800444888488     
   8.66814000000000        127.128670454186     
   8.67901000000000        133.185243855594     
   8.68988000000000        137.027485527740     
   8.70075000000000        137.795974395611     
   8.71161000000000        136.613889931571     
   8.72248000000000        136.795338016324     
   8.73333000000000        138.391676828372     
   8.74419000000000        139.384080129146     
   8.75504000000000        137.331579418629     
   8.76589000000000        132.994631963999     
   8.77674000000000        126.172157090532     
   8.78758000000000        119.395100969817     
   8.79842000000000        114.658298757018     
   8.80926000000000        112.431275962594     
   8.82009000000000        111.409612770291     
   8.83092000000000        109.876637882750     
   8.84175000000000        108.309156440542     
   8.85257000000000        104.664795384517     
   8.86339000000000        100.875634464492     
   8.87421000000000        96.5839264056054     
   8.88502000000000        92.6425175754710     
   8.89583000000000        91.2316144465187     
   8.90664000000000        91.8454308617444     
   8.91745000000000        93.0119474070959     
   8.92825000000000        93.3903036184349     
   8.93905000000000        93.1900458667314     
   8.94984000000000        93.3191793173241     
   8.96063000000000        93.9072654105762     
   8.97142000000000        94.3623096266730     
   8.98221000000000        94.3753822331312     
   8.99299000000000        93.1655564227372     
   9.00377000000000        91.3923485178522     
   9.01455000000000        90.0480175001677     
   9.02532000000000        87.3978705023020     
   9.03609000000000        82.5315307945373     
   9.04686000000000        78.3258296953099     
   9.05762000000000        75.8404110059638     
   9.06838000000000        74.8974881024892     
   9.07914000000000        74.2261857398434     
   9.08989000000000        72.2949020832313     
   9.10064000000000        69.4865277201273     
   9.11139000000000        67.4670977683373     
   9.12214000000000        64.8177700942001     
   9.13288000000000        60.7252894031800     
   9.14362000000000        56.5018778729716     
   9.15435000000000        53.3889221822278     
   9.16508000000000        51.0584834172041     
   9.17581000000000        49.2049162373753     
   9.18654000000000        48.0993731232577     
   9.19726000000000        46.8283243699592     
   9.20798000000000        44.9862362562752     
   9.21870000000000        43.3343994223314     
   9.22941000000000        42.0741231983254     
   9.24012000000000        41.9573247188540     
   9.25082000000000        42.3402951555453     
   9.26153000000000        43.1817942979569     
   9.27223000000000        44.7182279578920     
   9.28293000000000        46.1527470232947     
   9.29362000000000        47.1363474253731     
   9.30431000000000        47.8582228939006     
   9.31500000000000        47.6456080693260     
   9.32568000000000        46.4627375764592     
   9.33636000000000        45.9426714681308     
   9.34704000000000        46.1433527012234     
   9.35772000000000        46.2648877593714     
   9.36839000000000        46.1652750932428     
   9.37906000000000        46.1884233545742     
   9.38972000000000        46.3143642958163     
   9.40038000000000        46.1073668736233     
   9.41104000000000        45.8472373082984     
   9.42170000000000        44.9047567975323     
   9.43235000000000        43.6067348231761     
   9.44300000000000        42.7276434717430     
   9.45365000000000        42.0534357772249     
   9.46429000000000        40.9549544279361     
   9.47493000000000        40.0279388929606     
   9.48557000000000        39.6585231791517     
   9.49620000000000        39.6248812136605     
   9.50683000000000        39.7002849570943     
   9.51746000000000        39.7369107341656     
   9.52808000000000        39.9572968418483     
   9.53871000000000        39.9744619359760     
   9.54932000000000        39.7975777704760     
   9.55994000000000        39.4813073212465     
   9.57055000000000        39.0617989316892     
   9.58116000000000        39.2589523681825     
   9.59176000000000        40.0920160978674     
   9.60237000000000        41.2323619597717     
   9.61296000000000        42.6454951633159     
   9.62356000000000        44.8740241223811     
   9.63415000000000        47.5261538260181     
   9.64474000000000        49.9013516055324     
   9.65533000000000        51.7420970786578     
   9.66591000000000        52.6692011601292     
   9.67649000000000        52.7583921627351     
   9.68707000000000        52.3988012483051     
   9.69764000000000        51.5039503434757     
   9.70821000000000        51.2633111686566     
   9.71878000000000        52.0049954149513     
   9.72934000000000        53.7204993847450     
   9.73990000000000        56.2495937716857     
   9.75046000000000        59.4511208698437     
   9.76102000000000        63.0387285668339     
   9.77157000000000        65.7834234315967     
   9.78212000000000        67.6767057555036     
   9.79266000000000        69.4651109120526     
   9.80320000000000        70.3206110491240     
   9.81374000000000        70.0053159302402     
   9.82428000000000        69.3557311251570     
   9.83481000000000        68.8542984252765     
   9.84534000000000        69.0835603963067     
   9.85586000000000        70.8415459139485     
   9.86639000000000        72.9465416725169     
   9.87691000000000        73.9368989825185     
   9.88742000000000        73.4532831046595     
   9.89794000000000        71.8552976513154     
   9.90845000000000        70.0513318159799     
   9.91895000000000        68.1416318483666     
   9.92946000000000        66.0178837113024     
   9.93996000000000        65.3995666526350     
   9.95046000000000        67.1967988581770     
   9.96095000000000        71.0843568983888     
   9.97144000000000        75.5426859775685     
   9.98193000000000        78.9842020308994     
   9.99242000000000        81.2359785342568     
   10.0029000000000        82.5047587242346     
   10.0133800000000        82.3060826315183     
   10.0238500000000        80.3541682775795     
   10.0343200000000        77.0187955201961     
   10.0447900000000        73.2703002672483     
   10.0552600000000        70.3608699672841     
   10.0657200000000        68.8669094113070     
   10.0761800000000        68.7981216753687     
   10.0866400000000        70.2957009100539     
   10.0970900000000        72.8018570176225     
   10.1075400000000        75.4946368122768     
   10.1179900000000        78.4608146765666     
   10.1284300000000        81.6538235576270     
   10.1388700000000        84.3833337768754     
   10.1493100000000        85.8295384490181     
   10.1597400000000        85.9990887938197     
   10.1701700000000        86.3101135416654     
   10.1806000000000        87.6557891180668     
   10.1910300000000        88.9479243571078     
   10.2014500000000        89.5107827989003     
   10.2118700000000        89.0108670533264     
   10.2222800000000        87.6727886909116     
   10.2326900000000        86.0972132634159     
   10.2431000000000        84.2444742842536     
   10.2535100000000        81.1817982753935     
   10.2639100000000        77.8928130345541     
   10.2743100000000        75.8872196880012     
   10.2847100000000        75.0833473546224     
   10.2951000000000        74.6487195210147     
   10.3054900000000        74.3209634484287     
   10.3158800000000        74.0369467645323     
   10.3262600000000        74.0415543831310     
   10.3366400000000        74.0632154802375     
   10.3470200000000        73.6042424109480     
   10.3573900000000        72.7944472190388     
   10.3677600000000        71.4564267957558     
   10.3781300000000        69.0785708529510     
   10.3884900000000        65.5203426748060     
   10.3988600000000        60.9190473304918     
   10.4092100000000        56.2822537603439     
   10.4195700000000        52.5687285051898     
   10.4299200000000        50.2026866796695     
   10.4402700000000        49.0211274954101     
   10.4506100000000        48.5638401764716     
   10.4609600000000        48.3482697922806     
   10.4713000000000        48.5056179191852     
   10.4816300000000        49.2946739231604     
   10.4919600000000        50.4635458582008     
   10.5022900000000        51.3765906803408     
   10.5126200000000        51.6651671434050     
   10.5229400000000        51.6640093402138     
   10.5332600000000        52.0197694342821     
   10.5435800000000        52.9411373714928     
   10.5539000000000        54.2713133120053     
   10.5642100000000        55.5385983331433     
   10.5745100000000        56.1990554332059     
   10.5848200000000        56.2040973809848     
   10.5951200000000        55.6459454108690     
   10.6054200000000        54.5362790818481     
   10.6157100000000        52.9249197086890     
   10.6260000000000        50.7697140302471     
   10.6362900000000        48.0166145094014     
   10.6465800000000        45.0162779708743     
   10.6568600000000        42.4275126087669     
   10.6671400000000        40.9550850807869     
   10.6774100000000        40.5765816279050     
   10.6876900000000        40.8243280736736     
   10.6979600000000        41.4076495647290     
   10.7082200000000        42.0283094647847     
   10.7184900000000        42.9136421708507     
   10.7287500000000        44.1510741025883     
   10.7390000000000        45.2422566371544     
   10.7492600000000        45.7226221351002     
   10.7595100000000        45.7284465955763     
   10.7697500000000        45.6482798556455     
   10.7800000000000        45.7157375785772     
   10.7902400000000        45.7399458459696     
   10.8004800000000        45.7260789101347     
   10.8107100000000        45.8856187504695     
   10.8209400000000        46.2541211307921     
   10.8311700000000        46.6548705157258     
   10.8414000000000        47.2211188074402     
   10.8516200000000        48.4116516644618     
   10.8618400000000        50.0154385759030     
   10.8720500000000        51.3701815173331     
   10.8822700000000        52.4599329773418     
   10.8924800000000        53.6879575272216     
   10.9026800000000        55.5269039273345     
   10.9128800000000        57.9491672353823     
   10.9230800000000        60.3201595184071     
   10.9332800000000        62.1027167924654     
   10.9434700000000        62.9668646932858     
   10.9536600000000        62.8316341672343     
   10.9638500000000        61.8925259844766     
   10.9740400000000        60.5127570318873     
   10.9842200000000        59.5379832935376     
   10.9943900000000        59.5071427825588     
   11.0045700000000        60.0825344741841     
   11.0147400000000        60.7935467105085     
   11.0249100000000        61.6627740381781     
   11.0350700000000        62.7771380457730     
   11.0452300000000        63.9814142125452     
   11.0553900000000        64.7741178578018     
   11.0655500000000        64.7995454600963     
   11.0757000000000        64.1506570406263     
   11.0858500000000        63.4521256952721     
   11.0960000000000        63.2930884384835     
   11.1061400000000        63.5417370661614     
   11.1162800000000        63.6012861866263     
   11.1264200000000        63.4973740660153     
   11.1365500000000        63.8139032206272     
   11.1466800000000        64.4666181287267     
   11.1568100000000        64.8520169918405     
   11.1669300000000        65.1090529013346     
   11.1770500000000        65.7657317257676     
   11.1871700000000        66.6009552635308     
   11.1972800000000        67.3763819199447     
   11.2073900000000        68.1061857896302     
   11.2175000000000        68.7326866002027     
   11.2276100000000        69.6044412708098     
   11.2377100000000        71.1112930729415     
   11.2478100000000        73.4277569088307     
   11.2579000000000        76.2741769557537     
   11.2679900000000        78.7892433747668     
   11.2780800000000        80.4412384466787     
   11.2881700000000        81.4785122037475     
   11.2982500000000        82.0983667501499     
   11.3083300000000        82.5869342864173     
   11.3184100000000        83.4307445677308     
   11.3284800000000        84.6903528623335     
   11.3385500000000        86.1093934645979     
   11.3486200000000        87.3668065159663     
   11.3586800000000        88.2258974494454     
   11.3687400000000        88.8507739188291     
   11.3788000000000        89.4954836338564     
   11.3888500000000        90.3028851033380     
   11.3989000000000        91.3017418156098     
   11.4089500000000        92.1759769965134     
   11.4189900000000        92.5122871635944     
   11.4290400000000        92.2469328704007     
   11.4390700000000        91.7301622009550     
   11.4491100000000        91.6488619903363     
   11.4591400000000        92.4650498683161     
   11.4691700000000        94.1767047506227     
   11.4792000000000        96.3569247833742     
   11.4892200000000        98.3197546569726     
   11.4992400000000        99.8502393338482     
   11.5092500000000        101.159475749414     
   11.5192700000000        102.391493577909     
   11.5292800000000        103.383401446661     
   11.5392800000000        104.145659988753     
   11.5492900000000        104.979953520408     
   11.5592900000000        106.013110079417     
   11.5692800000000        107.100011501316     
   11.5792800000000        108.143581469372     
   11.5892700000000        109.065542115643     
   11.5992600000000        109.575784391714     
   11.6092400000000        109.565074019659     
   11.6192200000000        109.213944760613     
   11.6292000000000        109.016721091428     
   11.6391700000000        109.440051850287     
   11.6491500000000        110.473939003736     
   11.6591200000000        111.860822583944     
   11.6690800000000        113.375075826096     
   11.6790400000000        114.894634025627     
   11.6890000000000        116.459905716681     
   11.6989600000000        118.134913804151     
   11.7089100000000        119.984051788965     
   11.7188600000000        121.889829217604     
   11.7288100000000        123.672504183387     
   11.7387500000000        125.322745110120     
   11.7486900000000        126.719190598068     
   11.7586300000000        127.873355808885     
   11.7685600000000        128.936155627153     
   11.7784900000000        129.868002054399     
   11.7884200000000        130.598807601218     
   11.7983400000000        131.101572819536     
   11.8082600000000        131.431044550615     
   11.8181800000000        131.401900695961     
   11.8281000000000        130.616899104787     
   11.8380100000000        129.092085285356     
   11.8479200000000        127.194290368309     
   11.8578200000000        125.529765966906     
   11.8677200000000        124.492992817480     
   11.8776200000000        123.923465785351     
   11.8875200000000        123.619793972628     
   11.8974100000000        123.412759194147     
   11.9073000000000        122.952992785346     
   11.9171900000000        122.149205577679     
   11.9270700000000        121.442928994638     
   11.9369500000000        121.254101925791     
   11.9468300000000        121.387590634618     
   11.9567000000000        121.194480446941     
   11.9665700000000        120.476928854425     
   11.9764400000000        119.741325622119     
   11.9863000000000        119.693066346920     
   11.9961600000000        120.647149007617     
   12.0060200000000        122.349309376241     
   12.0158700000000        124.516744762151     
   12.0257300000000        127.076312271550     
   12.0355700000000        129.978996108224     
   12.0454200000000        133.100396781940     
   12.0552600000000        136.213240674575     
   12.0651000000000        139.388374835657     
   12.0749400000000        142.642725565192     
   12.0847700000000        145.489456153382     
   12.0946000000000        147.744910830175     
   12.1044200000000        149.727818608277     
   12.1142500000000        151.751394627029     
   12.1240700000000        154.084868894595     
   12.1338800000000        156.522663321972     
   12.1437000000000        158.220965565424     
   12.1535100000000        158.901811276353     
   12.1633100000000        159.288929906124     
   12.1731200000000        160.061150301996     
   12.1829200000000        161.332891014799     
   12.1927200000000        163.216352473958     
   12.2025100000000        165.861511350758     
   12.2123000000000        168.912143843419     
   12.2220900000000        171.950057552198     
   12.2318700000000        175.038758661259     
   12.2416600000000        178.432217193280     
   12.2514300000000        181.999275289865     
   12.2612100000000        185.356936035514     
   12.2709800000000        188.135057099294     
   12.2807500000000        190.041844058860     
   12.2905200000000        191.246486523581     
   12.3002800000000        192.618651918167     
   12.3100400000000        194.783066071644     
   12.3198000000000        197.480726394550     
   12.3295500000000        199.746544123882     
   12.3393000000000        200.934996161826     
   12.3490500000000        201.350591741617     
   12.3587900000000        201.568717914971     
   12.3685300000000        201.839138380693     
   12.3782700000000        202.144196311408     
   12.3880000000000        202.354815535596     
   12.3977300000000        202.224878994641     
   12.4074600000000        201.699561571028     
   12.4171800000000        200.994226964192     
   12.4269100000000        200.641868948538     
   12.4366200000000        201.238972284057     
   12.4463400000000        202.623417595892     
   12.4560500000000        203.904110889774     
   12.4657600000000        204.238464837281     
   12.4754700000000        203.527962299868     
   12.4851700000000        202.384920148802     
   12.4948700000000        201.340049592051     
   12.5045600000000        200.413111793626     
   12.5142600000000        199.340773121902     
   12.5239500000000        198.154931437698     
   12.5336300000000        197.385665606665     
   12.5433200000000        197.488365463038     
   12.5530000000000        198.593557196118     
   12.5626800000000        200.541483647478     
   12.5723500000000        202.807710779028     
   12.5820200000000        205.023244775064     
   12.5916900000000        207.405325781872     
   12.6013500000000        210.273439521225     
   12.6110100000000        213.505170577879     
   12.6206700000000        216.729513651323     
   12.6303300000000        219.890439038828     
   12.6399800000000        223.230134330938     
   12.6496300000000        226.738183538751     
   12.6592700000000        230.179147486269     
   12.6689200000000        233.366078180578     
   12.6785500000000        236.272076249078     
   12.6881900000000        239.307934571803     
   12.6978200000000        243.054749671368     
   12.7074500000000        247.550988707873     
   12.7170800000000        252.228338998445     
   12.7267000000000        256.799685520100     
   12.7363200000000        261.469474633817     
   12.7459400000000        266.185942862241     
   12.7555500000000        270.573920255646     
   12.7651600000000        274.395994048959     
   12.7747700000000        277.654756100385     
   12.7843800000000        280.662724295559     
   12.7939800000000        283.804816254035     
   12.8035800000000        287.009974135743     
   12.8131700000000        289.857106033060     
   12.8227600000000        292.088906834778     
   12.8323500000000        293.901775258027     
   12.8419400000000        295.807269911400     
   12.8515200000000        298.066667768521     
   12.8611000000000        300.593743925101     
   12.8706700000000        303.338786807289     
   12.8802500000000        306.370015981119     
   12.8898100000000        309.627665346988     
   12.8993800000000        313.020864777616     
   12.9089400000000        316.688562369017     
   12.9185000000000        320.781616503302     
   12.9280600000000        324.991724406651     
   12.9376100000000        328.618808564440     
   12.9471700000000        331.062810278632     
   12.9567100000000        332.248093217125     
   12.9662600000000        332.542357294917     
   12.9758000000000        332.390252302931     
   12.9853400000000        332.294199629142     
   12.9948700000000        332.770565258850     
   13.0044000000000        334.068408192368     
   13.0139300000000        336.147463084896     
   13.0234600000000        338.759613878956     
   13.0329800000000        341.428957395492     
   13.0425000000000        343.611038059297     
   13.0520100000000        344.912890416796     
   13.0615200000000        345.393545686017     
   13.0710300000000        345.651587741389     
   13.0805400000000        346.312919986541     
   13.0900400000000        347.350357837761     
   13.0995400000000        348.167612712332     
   13.1090400000000        348.487432491520     
   13.1185300000000        348.725085105495     
   13.1280200000000        349.150979786490     
   13.1375100000000        349.342608025026     
   13.1469900000000        348.682868740643     
   13.1564700000000        346.825035211966     
   13.1659500000000        343.961096839184     
   13.1754300000000        340.934129187010     
   13.1849000000000        338.785182050318     
   13.1943700000000        338.073968223999     
   13.2038300000000        338.612122301733     
   13.2132900000000        339.642150743583     
   13.2227500000000        340.359077605846     
   13.2322100000000        340.283055476653     
   13.2416600000000        339.133279433468     
   13.2511100000000        336.941911851693     
   13.2605500000000        334.252688432839     
   13.2700000000000        331.858430646841     
   13.2794400000000        330.540707305266     
   13.2888700000000        330.803574233428     
   13.2983100000000        332.577113148586     
   13.3077400000000        335.215386650648     
   13.3171600000000        338.018928357922     
   13.3265900000000        340.616406258154     
   13.3360100000000        342.794956811199     
   13.3454300000000        344.285765224740     
   13.3548400000000        344.796615468803     
   13.3642500000000        344.272836474680     
   13.3736600000000        342.948613665170     
   13.3830600000000        341.017408709460     
   13.3924700000000        338.506898814082     
   13.4018600000000        335.585172732009     
   13.4112600000000        332.684200730466     
   13.4206500000000        330.299101184382     
   13.4300400000000        328.712717762997     
   13.4394300000000        328.037682374729     
   13.4488100000000        328.262878768270     
   13.4581900000000        329.173060779007     
   13.4675600000000        330.258938210152     
   13.4769400000000        330.983749562875     
   13.4863100000000        331.359687973284     
   13.4956700000000        332.004667461128     
   13.5050400000000        333.617186660804     
   13.5144000000000        336.447426394150     
   13.5237600000000        340.018145854755     
   13.5331100000000        343.303854779137     
   13.5424600000000        345.537246574998     
   13.5518100000000        346.891008004228     
   13.5611500000000        348.207727779927     
   13.5704900000000        350.207052304501     
   13.5798300000000        352.952466909995     
   13.5891700000000        355.860280939608     
   13.5985000000000        358.199209150000     
   13.6078300000000        359.642869768057     
   13.6171500000000        360.313611757655     
   13.6264800000000        360.488705477972     
   13.6358000000000        360.461062491085     
   13.6451100000000        360.504100394525     
   13.6544200000000        360.752924103907     
   13.6637300000000        361.299040431147     
   13.6730400000000        362.373038774635     
   13.6823400000000        364.253509402018     
   13.6916400000000        367.054134909970     
   13.7009400000000        370.501559024361     
   13.7102400000000        373.914530684432     
   13.7195300000000        376.679789130387     
   13.7288100000000        378.675869600672     
   13.7381000000000        379.983620864727     
   13.7473800000000        380.421204885817     
   13.7566600000000        379.629184657592     
   13.7659300000000        377.491780549505     
   13.7752000000000        374.356176824236     
   13.7844700000000        370.841754495274     
   13.7937400000000        367.340739554503     
   13.8030000000000        363.774186184108     
   13.8122600000000        359.951682358494     
   13.8215200000000        355.904550943828     
   13.8307700000000        351.792006970867     
   13.8400200000000        347.793265397470     
   13.8492600000000        344.088580928218     
   13.8585100000000        340.775077229903     
   13.8677500000000        337.808781197754     
   13.8769800000000        334.930134216621     
   13.8862200000000        331.864286091835     
   13.8954500000000        328.645821788405     
   13.9046800000000        325.629382561775     
   13.9139000000000        323.251178395011     
   13.9231200000000        321.665262946518     
   13.9323400000000        320.591347934485     
   13.9415500000000        319.512719327069     
   13.9507700000000        318.065785317420     
   13.9599700000000        316.292935051172     
   13.9691800000000        314.458635062399     
   13.9783800000000        312.655055521412     
   13.9875800000000        310.640987880485     
   13.9967800000000        308.188055474531     
   14.0059700000000        305.399447795222     
   14.0151600000000        302.603825443631     
   14.0243400000000        300.074156717727     
   14.0335300000000        297.853769706088     
   14.0427100000000        295.843813829734     
   14.0518800000000        293.901905621275     
   14.0610600000000        291.812446048637     
   14.0702300000000        289.277173640457     
   14.0794000000000        286.059053074223     
   14.0885600000000        282.146285478080     
   14.0977200000000        277.770810946786     
   14.1068800000000        273.378774894253     
   14.1160300000000        269.390254137854     
   14.1251800000000        265.892545189152     
   14.1343300000000        262.718392219376     
   14.1434800000000        259.741457402598     
   14.1526200000000        257.020595872393     
   14.1617600000000        254.706981033502     
   14.1708900000000        252.919238486826     
   14.1800300000000        251.625565983914     
   14.1891500000000        250.611825610639     
   14.1982800000000        249.529858491615     
   14.2074000000000        248.048546833508     
   14.2165200000000        245.969137772286     
   14.2256400000000        243.293618245380     
   14.2347500000000        240.196959707572     
   14.2438600000000        236.912328961317     
   14.2529700000000        233.693662516411     
   14.2620700000000        230.838491809203     
   14.2711800000000        228.637166511067     
   14.2802700000000        227.281259959468     
   14.2893700000000        226.778730635777     
   14.2984600000000        226.998575002237     
   14.3075500000000        227.691836722220     
   14.3166300000000        228.544028159712     
   14.3257100000000        229.265096298223     
   14.3347900000000        229.628520333356     
   14.3438700000000        229.477499360256     
   14.3529400000000        228.798408675062     
   14.3620100000000        227.782048159690     
   14.3710700000000        226.684067468881     
   14.3801400000000        225.628418750438     
   14.3892000000000        224.636189536599     
   14.3982500000000        223.712463634246     
   14.4073100000000        222.837683005363     
   14.4163600000000        221.976466836348     
   14.4254000000000        221.160491877290     
   14.4344500000000        220.523220809126     
   14.4434900000000        220.221147368549     
   14.4525200000000        220.314576540496     
   14.4615600000000        220.697129110173     
   14.4705900000000        221.121603657208     
   14.4796200000000        221.325524518417     
   14.4886400000000        221.118034904490     
   14.4976600000000        220.403987533551     
   14.5066800000000        219.197702327830     
   14.5157000000000        217.599444821589     
   14.5247100000000        215.736912901074     
   14.5337200000000        213.726174735874     
   14.5427200000000        211.661433480504     
   14.5517300000000        209.571416880275     
   14.5607300000000        207.474664842490     
   14.5697200000000        205.474048154784     
   14.5787100000000        203.769499307283     
   14.5877000000000        202.518842850616     
   14.5966900000000        201.700869400008     
   14.6056700000000        201.161101656600     
   14.6146600000000        200.788410845172     
   14.6236300000000        200.620805592594     
   14.6326100000000        200.753998387742     
   14.6415800000000        201.169349312183     
   14.6505400000000        201.663935009750     
   14.6595100000000        201.962184077967     
   14.6684700000000        201.873200723873     
   14.6774300000000        201.368152429987     
   14.6863800000000        200.577972848209     
   14.6953400000000        199.739989690954     
   14.7042800000000        199.098514256055     
   14.7132300000000        198.786144537584     
   14.7221700000000        198.797933447415     
   14.7311100000000        199.032812545274     
   14.7400500000000        199.333813913874     
   14.7489800000000        199.479965410150     
   14.7579100000000        199.225499445003     
   14.7668400000000        198.425472402320     
   14.7757600000000        197.127233602874     
   14.7846800000000        195.503884036074     
   14.7936000000000        193.731014730091     
   14.8025100000000        191.945145276732     
   14.8114200000000        190.258203288094     
   14.8203300000000        188.733461312307     
   14.8292300000000        187.336367162567     
   14.8381300000000        185.985730637688     
   14.8470300000000        184.674373554930     
   14.8559300000000        183.488955454736     
   14.8648200000000        182.508701971205     
   14.8737100000000        181.698935027070     
   14.8825900000000        180.932183039730     
   14.8914700000000        180.088028421442     
   14.9003500000000        179.109093111347     
   14.9092300000000        177.974562835195     
   14.9181000000000        176.687871811206     
   14.9269700000000        175.289724915026     
   14.9358400000000        173.861577350834     
   14.9447000000000        172.493749427370     
   14.9535600000000        171.233994050294     
   14.9624200000000        170.075210843114     
   14.9712700000000        168.990409468832     
   14.9801200000000        167.974459267790     
   14.9889700000000        167.064291778335     
   14.9978100000000        166.325677512195     
   15.0066500000000        165.804698927600     
   15.0154900000000        165.472497199866     
   15.0243300000000        165.214599326911     
   15.0331600000000        164.891584332985     
   15.0419900000000        164.431477242247     
   15.0508100000000        163.895031450174     
   15.0596300000000        163.439173789857     
   15.0684500000000        163.206561730988     
   15.0772700000000        163.255665672989     
   15.0860800000000        163.579043218667     
   15.0948900000000        164.134817613176     
   15.1037000000000        164.843578815974     
   15.1125000000000        165.595185077600     
   15.1213000000000        166.301586650032     
   15.1301000000000        166.940884848440     
   15.1388900000000        167.542101294248     
   15.1476800000000        168.132918495170     
   15.1564700000000        168.712253431936     
   15.1652500000000        169.265490198353     
   15.1740300000000        169.794134003370     
   15.1828100000000        170.334509863488     
   15.1915800000000        170.957200915240     
   15.2003500000000        171.748401522523     
   15.2091200000000        172.779394652783     
   15.2178900000000        174.073043088047     
   15.2266500000000        175.568671536052     
   15.2354100000000        177.133929366875     
   15.2441600000000        178.638108539272     
   15.2529200000000        180.060223801172     
   15.2616700000000        181.503318209674     
   15.2704100000000        183.141180697222     
   15.2791500000000        185.132279876093     
   15.2878900000000        187.566509262375     
   15.2966300000000        190.453224457474     
   15.3053600000000        193.709731551083     
   15.3140900000000        197.165443960693     
   15.3228200000000        200.588740466355     
   15.3315400000000        203.783325256440     
   15.3402600000000        206.692421817534     
   15.3489800000000        209.392176034845     
   15.3577000000000        212.007838707095     
   15.3664100000000        214.612274344651     
   15.3751200000000        217.181180118896     
   15.3838200000000        219.563280253045     
   15.3925200000000        221.519784570482     
   15.4012200000000        222.802520187716     
   15.4099200000000        223.255936003126     
   15.4186100000000        222.860537664155     
   15.4273000000000        221.704048858677     
   15.4359800000000        219.935519916226     
   15.4446700000000        217.742455855997     
   15.4533400000000        215.368690818201     
   15.4620200000000        213.041908720975     
   15.4706900000000        210.922639492159     
   15.4793600000000        209.058572711868     
   15.4880300000000        207.456428872812     
   15.4966900000000        206.141335397306     
   15.5053500000000        205.136884469329     
   15.5140100000000        204.401027711182     
   15.5226700000000        203.779719976547     
   15.5313200000000        203.056460160406     
   15.5399600000000        202.071437284830     
   15.5486100000000        200.796245097768     
   15.5572500000000        199.307958841000     
   15.5658900000000        197.692636569875     
   15.5745200000000        196.010268834136     
   15.5831600000000        194.307893327721     
   15.5917900000000        192.666052102574     
   15.6004100000000        191.174384822587     
   15.6090300000000        189.882983177366     
   15.6176500000000        188.778385823787     
   15.6262700000000        187.810772454983     
   15.6348800000000        186.936433554786     
   15.6434900000000        186.112615393576     
   15.6521000000000        185.264767460632     
   15.6607000000000        184.270437582591     
   15.6693000000000        182.990597145144     
   15.6779000000000        181.336360014097     
   15.6864900000000        179.317519795580     
   15.6950800000000        177.038886751285     
   15.7036700000000        174.673214196610     
   15.7122600000000        172.409694022960     
   15.7208400000000        170.407675220080     
   15.7294100000000        168.756522659670     
   15.7379900000000        167.463890165931     
   15.7465600000000        166.478751531297     
   15.7551300000000        165.714770583158     
   15.7637000000000        165.098684924405     
   15.7722600000000        164.593895807147     
   15.7808200000000        164.188923236558     
   15.7893700000000        163.864631477158     
   15.7979300000000        163.559463008271     
   15.8064700000000        163.172524318941     
   15.8150200000000        162.596687236741     
   15.8235600000000        161.767569391580     
   15.8321000000000        160.682529415086     
   15.8406400000000        159.406254880988     
   15.8491800000000        158.049896323583     
   15.8577100000000        156.729631752766     
   15.8662300000000        155.530718322944     
   15.8747600000000        154.509669804659     
   15.8832800000000        153.717065367214     
   15.8918000000000        153.187377180963     
   15.9003100000000        152.930925275019     
   15.9088200000000        152.924674927411     
   15.9173300000000        153.121639981396     
   15.9258400000000        153.470620903972     
   15.9343400000000        153.934328563432     
   15.9428400000000        154.487850285357     
   15.9513300000000        155.095781143099     
   15.9598300000000        155.706918366674     
   15.9683100000000        156.267919063000     
   15.9768000000000        156.759781135511     
   15.9852800000000        157.203490968134     
   15.9937600000000        157.653853118592     
   16.0022400000000        158.168673800276     
   16.0107100000000        158.778276901028     
   16.0191800000000        159.469863412849     
   16.0276500000000        160.187659178205     
   16.0361200000000        160.854424200486     
   16.0445800000000        161.395252862958     
   16.0530300000000        161.748459601848     
   16.0614900000000        161.862570184172     
   16.0699400000000        161.697826415702     
   16.0783900000000        161.233286778325     
   16.0868300000000        160.461350037373     
   16.0952800000000        159.369961959727     
   16.1037100000000        157.946927145668     
   16.1121500000000        156.177071669472     
   16.1205800000000        154.080048036504     
   16.1290100000000        151.703753438161     
   16.1374400000000        149.117505744185     
   16.1458600000000        146.388850118287     
   16.1542800000000        143.562625296705     
   16.1627000000000        140.678401348846     
   16.1711100000000        137.783328657539     
   16.1795200000000        134.925492241115     
   16.1879300000000        132.161162362428     
   16.1963300000000        129.549728475831     
   16.2047300000000        127.137936816402     
   16.2131300000000        124.960153744142     
   16.2215200000000        123.025301078792     
   16.2299100000000        121.302117996442     
   16.2383000000000        119.731024977644     
   16.2466900000000        118.237735978269     
   16.2550700000000        116.754958846301     
   16.2634500000000        115.233321684243     
   16.2718200000000        113.659264791929     
   16.2802000000000        112.048172368197     
   16.2885600000000        110.446341622912     
   16.2969300000000        108.882101089375     
   16.3052900000000        107.363004011418     
   16.3136500000000        105.860756215675     
   16.3220100000000        104.341375903107     
   16.3303600000000        102.791260894268     
   16.3387100000000        101.223007788352     
   16.3470600000000        99.6732103885178     
   16.3554000000000        98.1851444008800     
   16.3637400000000        96.7886659319954     
   16.3720800000000        95.4961954014619     
   16.3804200000000        94.2916752725324     
   16.3887500000000        93.1276757129031     
   16.3970700000000        91.9363178611231     
   16.4054000000000        90.6582933609381     
   16.4137200000000        89.2777472357060     
   16.4220400000000        87.8160745093092     
   16.4303500000000        86.3287543692796     
   16.4386700000000        84.8848783201179     
   16.4469700000000        83.5696813910700     
   16.4552800000000        82.4483269360803     
   16.4635800000000        81.5601109062773     
   16.4718800000000        80.8910472450798     
   16.4801800000000        80.3874602090440     
   16.4884700000000        79.9869278785433     
   16.4967600000000        79.6511148064845     
   16.5050500000000        79.3783305526651     
   16.5133300000000        79.1877475745655     
   16.5216100000000        79.0961115177602     
   16.5298900000000        79.1058486006033     
   16.5381600000000        79.2029778421717     
   16.5464300000000        79.3620079516301     
   16.5547000000000        79.5517893746889     
   16.5629700000000        79.7385383988188     
   16.5712300000000        79.8846131936035     
   16.5794900000000        79.9491591493924     
   16.5877400000000        79.8942791429190     
   16.5959900000000        79.6964057555646     
   16.6042400000000        79.3524642388169     
   16.6124900000000        78.8757182687284     
   16.6207300000000        78.2862155770329     
   16.6289700000000        77.6013271330108     
   16.6372000000000        76.8363064398693     
   16.6454400000000        75.9993850238150     
   16.6536700000000        75.0993020636656     
   16.6618900000000        74.1438074244350     
   16.6701200000000        73.1454361366305     
   16.6783400000000        72.1340687909378     
   16.6865500000000        71.1506203148831     
   16.6947700000000        70.2418278865144     
   16.7029800000000        69.4569690183037     
   16.7111900000000        68.8291713842639     
   16.7193900000000        68.3731376559228     
   16.7275900000000        68.0794752260316     
   16.7357900000000        67.9182894065018     
   16.7439800000000        67.8432737708398     
   16.7521800000000        67.7993790804010     
   16.7603600000000        67.7344656825947     
   16.7685500000000        67.6125061598109     
   16.7767300000000        67.4282811812799     
   16.7849100000000        67.2120681779803     
   16.7930900000000        67.0207833005463     
   16.8012600000000        66.9152785019017     
   16.8094300000000        66.9346478953905     
   16.8175900000000        67.0811366588070     
   16.8257600000000        67.3193080887480     
   16.8339200000000        67.5833655219557     
   16.8420700000000        67.7920605256079     
   16.8502300000000        67.8654584155514     
   16.8583800000000        67.7447724584792     
   16.8665300000000        67.4121416452790     
   16.8746700000000        66.8961208886236     
   16.8828100000000        66.2564965930373     
   16.8909500000000        65.5599726829312     
   16.8990800000000        64.8548660514199     
   16.9072100000000        64.1522572340634     
   16.9153400000000        63.4279055573788     
   16.9234700000000        62.6368499197759     
   16.9315900000000        61.7389886186182     
   16.9397100000000        60.7159478286132     
   16.9478200000000        59.5816105578934     
   16.9559400000000        58.3688195994801     
   16.9640500000000        57.1280419235517     
   16.9721500000000        55.9091818396808     
   16.9802600000000        54.7548206561235     
   16.9883600000000        53.7035771593708     
   16.9964500000000        52.7767677698483     
   17.0045500000000        51.9779794770367     
   17.0126400000000        51.3002605620562     
   17.0207200000000        50.7231625156909     
   17.0288100000000        50.2204235380603     
   17.0368900000000        49.7716391773499     
   17.0449700000000        49.3636926006122     
   17.0530400000000        48.9937865782408     
   17.0611100000000        48.6610790245635     
   17.0691800000000        48.3596180203597     
