   7.15970000000000        10.9092936179621     
   7.17100000000000        11.1958088201003     
   7.18231000000000        11.6658385459424     
   7.19360000000000        11.7158604663136     
   7.20490000000000        11.8149214826702     
   7.21619000000000        11.8119710381979     
   7.22748000000000        11.3654981837914     
   7.23877000000000        11.1961225634439     
   7.25005000000000        11.0015472347826     
   7.26133000000000        11.4233364511337     
   7.27261000000000        11.7727989318485     
   7.28388000000000        11.9011745082902     
   7.29515000000000        12.7388070611915     
   7.30642000000000        13.8375673710596     
   7.31768000000000        14.7840427704916     
   7.32894000000000        15.4849324925466     
   7.34020000000000        15.8792791109777     
   7.35146000000000        16.0169882961036     
   7.36271000000000        15.8463150817160     
   7.37396000000000        16.1312359644720     
   7.38520000000000        16.2911453605780     
   7.39644000000000        15.6348177620145     
   7.40768000000000        15.3027598621998     
   7.41892000000000        15.1669895849038     
   7.43015000000000        15.6714851111656     
   7.44138000000000        16.6157527041865     
   7.45261000000000        17.7047005872123     
   7.46383000000000        17.5640252716010     
   7.47505000000000        16.9509059360824     
   7.48626000000000        16.9588885161547     
   7.49748000000000        18.1785368258036     
   7.50869000000000        19.3721049272157     
   7.51990000000000        20.1205183926599     
   7.53110000000000        19.9344551895272     
   7.54230000000000        19.3135056215795     
   7.55350000000000        19.0450630826320     
   7.56469000000000        19.5490148154044     
   7.57588000000000        20.6571566489573     
   7.58707000000000        21.7450925941408     
   7.59826000000000        21.9004652770586     
   7.60944000000000        22.1958990775384     
   7.62062000000000        22.8519265497437     
   7.63179000000000        23.9340419669125     
   7.64296000000000        24.7410671528901     
   7.65413000000000        24.5545721305295     
   7.66530000000000        21.7229448833220     
   7.67646000000000        18.9928076852499     
   7.68762000000000        18.0819851676128     
   7.69878000000000        18.4876266618196     
   7.70993000000000        20.0433257775788     
   7.72108000000000        21.4926246015335     
   7.73223000000000        22.4482203738339     
   7.74337000000000        22.3034240777152     
   7.75451000000000        23.2169778519792     
   7.76565000000000        24.9018406753802     
   7.77678000000000        26.0719567934923     
   7.78791000000000        26.0614376659292     
   7.79904000000000        25.7012810865686     
   7.81017000000000        25.9513714659359     
   7.82129000000000        26.8988630028957     
   7.83241000000000        28.3129029805204     
   7.84352000000000        29.5526822405934     
   7.85463000000000        29.6956712311173     
   7.86574000000000        27.1710036253763     
   7.87685000000000        23.9572861143504     
   7.88795000000000        22.2322592400150     
   7.89905000000000        22.2676089085791     
   7.91015000000000        23.3471846508514     
   7.92124000000000        23.9332004227178     
   7.93233000000000        24.5317903975856     
   7.94342000000000        24.9243739847263     
   7.95450000000000        25.0343324502692     
   7.96558000000000        25.4889352689831     
   7.97666000000000        26.3356327820224     
   7.98773000000000        26.5514136921396     
   7.99880000000000        25.3823233059125     
   8.00987000000000        23.4796859517192     
   8.02093000000000        23.0577879036380     
   8.03200000000000        23.8936806601836     
   8.04305000000000        26.0803817596778     
   8.05411000000000        27.9990553038531     
   8.06516000000000        29.4600458280527     
   8.07621000000000        30.6759434641436     
   8.08726000000000        30.8626284481374     
   8.09830000000000        31.2688609963952     
   8.10934000000000        32.1895500813999     
   8.12037000000000        34.0179299635820     
   8.13141000000000        35.4859032610255     
   8.14244000000000        35.9141383495820     
   8.15346000000000        36.1624667085702     
   8.16449000000000        35.9831109233147     
   8.17551000000000        34.9987315100932     
   8.18652000000000        33.5038039044980     
   8.19754000000000        32.2955877752935     
   8.20855000000000        29.8444246917798     
   8.21955000000000        25.8476491505365     
   8.23056000000000        22.3040048953135     
   8.24156000000000        21.2354310301574     
   8.25256000000000        22.0210957897184     
   8.26355000000000        23.4173761676959     
   8.27454000000000        25.2539957942522     
   8.28553000000000        26.9902303532908     
   8.29652000000000        28.3399654728324     
   8.30750000000000        30.2024914425865     
   8.31848000000000        32.2275528440106     
   8.32946000000000        34.4069199418179     
   8.34043000000000        35.8828483618986     
   8.35140000000000        36.4664879230789     
   8.36236000000000        36.3647070698833     
   8.37333000000000        35.7448238300610     
   8.38429000000000        36.0425230103561     
   8.39524000000000        37.5857925089758     
   8.40620000000000        39.6280511310578     
   8.41715000000000        41.3499585311764     
   8.42810000000000        42.8128757253586     
   8.43904000000000        43.8257947698605     
   8.44998000000000        42.5625955511080     
   8.46092000000000        39.2587302899635     
   8.47185000000000        37.1182532237595     
   8.48278000000000        37.1810131882185     
   8.49371000000000        38.3884226708247     
   8.50464000000000        40.1559376156240     
   8.51556000000000        41.7513504474980     
   8.52648000000000        42.4288151391450     
   8.53739000000000        41.4856915932072     
   8.54831000000000        40.9337447528935     
   8.55922000000000        41.5532441684464     
   8.57012000000000        43.6154481853894     
   8.58103000000000        46.1474885298024     
   8.59193000000000        48.7808851794399     
   8.60282000000000        49.5619418024062     
   8.61372000000000        47.9704885087925     
   8.62461000000000        45.5922543719733     
   8.63549000000000        44.2049778120868     
   8.64638000000000        44.7125677259706     
   8.65726000000000        46.9440187222083     
   8.66814000000000        50.2271870898248     
   8.67901000000000        53.3993040840995     
   8.68988000000000        55.1412808719671     
   8.70075000000000        55.0769196792660     
   8.71161000000000        54.3560390463163     
   8.72248000000000        54.6323487572475     
   8.73333000000000        55.9890505730806     
   8.74419000000000        57.5585838792165     
   8.75504000000000        57.8728953659888     
   8.76589000000000        56.5493342085451     
   8.77674000000000        53.5747192511293     
   8.78758000000000        50.4700443103586     
   8.79842000000000        48.1424475634396     
   8.80926000000000        46.9285359814788     
   8.82009000000000        46.4999349043809     
   8.83092000000000        46.1134790595525     
   8.84175000000000        45.6975189986203     
   8.85257000000000        44.2609593220655     
   8.86339000000000        42.0678517527974     
   8.87421000000000        39.0901394383023     
   8.88502000000000        36.3175125806238     
   8.89583000000000        34.9901327244484     
   8.90664000000000        34.8543854554665     
   8.91745000000000        35.1097905220731     
   8.92825000000000        35.3363323611409     
   8.93905000000000        35.4015230900811     
   8.94984000000000        35.4703760362452     
   8.96063000000000        35.5387791686083     
   8.97142000000000        35.4655792038068     
   8.98221000000000        35.3974327855906     
   8.99299000000000        35.2255006203428     
   9.00377000000000        35.0463268001701     
   9.01455000000000        35.0592237770828     
   9.02532000000000        34.5108698049773     
   9.03609000000000        32.8137108654457     
   9.04686000000000        30.7584066951010     
   9.05762000000000        28.9057155153413     
   9.06838000000000        27.8183484134668     
   9.07914000000000        27.1808344219575     
   9.08989000000000        26.4194948565291     
   9.10064000000000        25.6711145486787     
   9.11139000000000        25.3732986850896     
   9.12214000000000        24.9330945927140     
   9.13288000000000        23.8217623359181     
   9.14362000000000        22.4948385630539     
   9.15435000000000        21.5909249760634     
   9.16508000000000        20.9168541869687     
   9.17581000000000        20.3959032727702     
   9.18654000000000        20.2016337684092     
   9.19726000000000        19.9996372325633     
   9.20798000000000        19.7843815472297     
   9.21870000000000        19.7845854534963     
   9.22941000000000        19.9554537620239     
   9.24012000000000        20.2982602201220     
   9.25082000000000        20.5151701195820     
   9.26153000000000        20.8289657640915     
   9.27223000000000        21.4283582916651     
   9.28293000000000        22.0908897469324     
   9.29362000000000        22.5996120255582     
   9.30431000000000        23.1125730023683     
   9.31500000000000        23.2950310818785     
   9.32568000000000        22.9077967404744     
   9.33636000000000        22.6818669891656     
   9.34704000000000        22.7118055550367     
   9.35772000000000        22.5398033410387     
   9.36839000000000        22.0518787525347     
   9.37906000000000        21.7270100305953     
   9.38972000000000        21.8158797408033     
   9.40038000000000        22.0719207268470     
   9.41104000000000        22.4889278481409     
   9.42170000000000        22.7715664109121     
   9.43235000000000        22.9821705951661     
   9.44300000000000        23.3738534966556     
   9.45365000000000        23.7557789341381     
   9.46429000000000        23.8529269875553     
   9.47493000000000        23.8748592409531     
   9.48557000000000        23.8449135520408     
   9.49620000000000        23.9016025071196     
   9.50683000000000        24.1072149303347     
   9.51746000000000        24.3673246041970     
   9.52808000000000        24.6633829717174     
   9.53871000000000        24.7802941273452     
   9.54932000000000        24.7163476352174     
   9.55994000000000        24.4460507099907     
   9.57055000000000        24.2009135624829     
   9.58116000000000        24.6002008087669     
   9.59176000000000        25.5898423158673     
   9.60237000000000        26.7637385080982     
   9.61296000000000        28.0698575525439     
   9.62356000000000        29.9184678880854     
   9.63415000000000        32.0256077758537     
   9.64474000000000        33.8515416215491     
   9.65533000000000        35.2282886019283     
   9.66591000000000        35.8657463730677     
   9.67649000000000        35.9182366372714     
   9.68707000000000        35.6141082737864     
   9.69764000000000        34.7809746811153     
   9.70821000000000        34.4868835728247     
   9.71878000000000        35.0844354601757     
   9.72934000000000        36.5279395422680     
   9.73990000000000        38.6257056831555     
   9.75046000000000        41.1089045903070     
   9.76102000000000        43.8692259418699     
   9.77157000000000        46.1577743835386     
   9.78212000000000        47.8487629172346     
   9.79266000000000        49.4416815667940     
   9.80320000000000        50.2945582514235     
   9.81374000000000        50.1988351357477     
   9.82428000000000        49.8863757540487     
   9.83481000000000        49.6725094104625     
   9.84534000000000        49.9322819335558     
   9.85586000000000        51.2254598975369     
   9.86639000000000        52.6473376443058     
   9.87691000000000        53.2183685020881     
   9.88742000000000        52.6732434697385     
   9.89794000000000        51.2675053310733     
   9.90845000000000        49.7871521378998     
   9.91895000000000        48.3516455518161     
   9.92946000000000        46.7947695032856     
   9.93996000000000        46.3939251271630     
   9.95046000000000        47.8520571259349     
   9.96095000000000        50.9018701377927     
   9.97144000000000        54.3011576984702     
   9.98193000000000        56.8830070001028     
   9.99242000000000        58.5707534426563     
   10.0029000000000        59.5304796062085     
   10.0133800000000        59.3650529590376     
   10.0238500000000        57.9008799893927     
   10.0343200000000        55.4715332775177     
   10.0447900000000        52.8018726758771     
   10.0552600000000        50.7659231875904     
   10.0657200000000        49.6907357730241     
   10.0761800000000        49.5879032038484     
   10.0866400000000        50.6631319261136     
   10.0970900000000        52.5509509733512     
   10.1075400000000        54.6831591369945     
   10.1179900000000        57.0653972134912     
   10.1284300000000        59.5594580545277     
   10.1388700000000        61.5995911278859     
   10.1493100000000        62.6361988347210     
   10.1597400000000        62.8668698127032     
   10.1701700000000        63.3032535392980     
   10.1806000000000        64.4265599832430     
   10.1910300000000        65.3848046233736     
   10.2014500000000        65.7240862814608     
   10.2118700000000        65.1456971888640     
   10.2222800000000        63.8619204924534     
   10.2326900000000        62.4309391607003     
   10.2431000000000        60.9216455178333     
   10.2535100000000        58.6542063257194     
   10.2639100000000        56.2557832269264     
   10.2743100000000        54.7384223302266     
   10.2847100000000        54.0241354644053     
   10.2951000000000        53.5521451675764     
   10.3054900000000        53.1867851975333     
   10.3158800000000        52.8544205144901     
   10.3262600000000        52.6552118712248     
   10.3366400000000        52.4424926161664     
   10.3470200000000        51.9132164069787     
   10.3573900000000        51.2194775803096     
   10.3677600000000        50.2302068910250     
   10.3781300000000        48.4991220629359     
   10.3884900000000        45.8579836764251     
   10.3988600000000        42.2782822663310     
   10.4092100000000        38.5674243791624     
   10.4195700000000        35.5288643525338     
   10.4299200000000        33.5203773844445     
   10.4402700000000        32.3910047744112     
   10.4506100000000        31.7776918266354     
   10.4609600000000        31.3853344985667     
   10.4713000000000        31.3818556842857     
   10.4816300000000        31.8481333127897     
   10.4919600000000        32.5677709456817     
   10.5022900000000        33.1034132838519     
   10.5126200000000        33.2263786873127     
   10.5229400000000        33.2420634447356     
   10.5332600000000        33.5351818600194     
   10.5435800000000        34.1498127134717     
   10.5539000000000        35.0028045522266     
   10.5642100000000        35.8000367860337     
   10.5745100000000        36.0442043917667     
   10.5848200000000        35.6507969185750     
   10.5951200000000        34.7682508237665     
   10.6054200000000        33.4058833366677     
   10.6157100000000        31.6798213405637     
   10.6260000000000        29.6810176801973     
   10.6362900000000        27.2248439482812     
   10.6465800000000        24.5278771971285     
   10.6568600000000        22.2137931412070     
   10.6671400000000        20.8452227096929     
   10.6774100000000        20.3259698070723     
   10.6876900000000        20.2182367096055     
   10.6979600000000        20.3343030191225     
   10.7082200000000        20.5379976867492     
   10.7184900000000        20.9114721281206     
   10.7287500000000        21.4443908131640     
   10.7390000000000        21.8536116504961     
   10.7492600000000        21.8780668356292     
   10.7595100000000        21.5880138636098     
   10.7697500000000        21.1830448817405     
   10.7800000000000        20.8640459231391     
   10.7902400000000        20.7157894671000     
   10.8004800000000        20.6861415178091     
   10.8107100000000        20.6523113359314     
   10.8209400000000        20.5634047055595     
   10.8311700000000        20.3475506492675     
   10.8414000000000        20.0603391334876     
   10.8516200000000        19.9759549456081     
   10.8618400000000        20.0869437476942     
   10.8720500000000        20.2286192371410     
   10.8822700000000        20.3765028077121     
   10.8924800000000        20.6269881342402     
   10.9026800000000        21.1251910331864     
   10.9128800000000        21.8379943266573     
   10.9230800000000        22.5429202356205     
   10.9332800000000        23.0171951557184     
   10.9434700000000        23.0800094484345     
   10.9536600000000        22.6573728652148     
   10.9638500000000        21.8828684189346     
   10.9740400000000        21.0187716645147     
   10.9842200000000        20.4023400486105     
   10.9943900000000        20.1413094407694     
   11.0045700000000        19.9939633371473     
   11.0147400000000        19.7496961271305     
   11.0249100000000        19.4482828796054     
   11.0350700000000        19.2144259637805     
   11.0452300000000        19.0424711838549     
   11.0553900000000        18.7371246132130     
   11.0655500000000        18.2535064733284     
   11.0757000000000        17.6339289567690     
   11.0858500000000        17.0495536543970     
   11.0960000000000        16.7032936321694     
   11.1061400000000        16.6016932046599     
   11.1162800000000        16.5608592492497     
   11.1264200000000        16.5549996400625     
   11.1365500000000        16.7383288050851     
   11.1466800000000        17.0868258800043     
   11.1568100000000        17.3766302989422     
   11.1669300000000        17.5885857725670     
   11.1770500000000        17.9121605810203     
   11.1871700000000        18.3564817763705     
   11.1972800000000        18.7727536012712     
   11.2073900000000        19.0202166313728     
   11.2175000000000        19.1910592880044     
   11.2276100000000        19.5158761100712     
   11.2377100000000        20.0794911716209     
   11.2478100000000        20.8936607053155     
   11.2579000000000        21.8968215428565     
   11.2679900000000        22.8379796299379     
   11.2780800000000        23.5327656533797     
   11.2881700000000        24.0590991177344     
   11.2982500000000        24.4490054970846     
   11.3083300000000        24.7447508282534     
   11.3184100000000        25.0721962856524     
   11.3284800000000        25.4788667799601     
   11.3385500000000        25.9690288505756     
   11.3486200000000        26.4891278751989     
   11.3586800000000        26.9537456160999     
   11.3687400000000        27.3451500724948     
   11.3788000000000        27.6381524690851     
   11.3888500000000        27.8236211283811     
   11.3989000000000        27.9757783958158     
   11.4089500000000        28.1099201545754     
   11.4189900000000        28.1203218841809     
   11.4290400000000        27.8374935868188     
   11.4390700000000        27.2773418169799     
   11.4491100000000        26.8087734013403     
   11.4591400000000        26.7340210482683     
   11.4691700000000        27.0558749570005     
   11.4792000000000        27.5833404161927     
   11.4892200000000        28.0860384721159     
   11.4992400000000        28.5085634204351     
   11.5092500000000        28.9302581425533     
   11.5192700000000        29.4210191197129     
   11.5292800000000        29.9020891896524     
   11.5392800000000        30.3073618991528     
   11.5492900000000        30.7167503496779     
   11.5592900000000        31.2319694141608     
   11.5692800000000        31.8791183417844     
   11.5792800000000        32.6074565438512     
   11.5892700000000        33.3122979485730     
   11.5992600000000        33.8737113663055     
   11.6092400000000        34.2381911365442     
   11.6192200000000        34.4068409173358     
   11.6292000000000        34.5454633395258     
   11.6391700000000        34.8774844142660     
   11.6491500000000        35.4549269279305     
   11.6591200000000        36.1857740695418     
   11.6690800000000        36.9142644753600     
   11.6790400000000        37.5518349617824     
   11.6890000000000        38.1812588009192     
   11.6989600000000        38.8934234837636     
   11.7089100000000        39.6945354663476     
   11.7188600000000        40.5197241528575     
   11.7288100000000        41.3537228124577     
   11.7387500000000        42.2789226989645     
   11.7486900000000        43.2860458266918     
   11.7586300000000        44.3206244090455     
   11.7685600000000        45.3058021720487     
   11.7784900000000        46.1525229854960     
   11.7884200000000        46.8620977619930     
   11.7983400000000        47.3864752109728     
   11.8082600000000        47.6887103252881     
   11.8181800000000        47.7305720776790     
   11.8281000000000        47.4011265399865     
   11.8380100000000        46.7765187864913     
   11.8479200000000        46.1025898646290     
   11.8578200000000        45.6546793224925     
   11.8677200000000        45.4931434754818     
   11.8776200000000        45.4091822789175     
   11.8875200000000        45.2417462582709     
   11.8974100000000        44.9790378370442     
   11.9073000000000        44.6103551846606     
   11.9171900000000        44.1729117811664     
   11.9270700000000        43.8576329267080     
   11.9369500000000        43.8145842835512     
   11.9468300000000        43.9891382826468     
   11.9567000000000        44.1775016290150     
   11.9665700000000        44.2671340139163     
   11.9764400000000        44.3883463471405     
   11.9863000000000        44.7880169405573     
   11.9961600000000        45.5534611877411     
   12.0060200000000        46.5156455290264     
   12.0158700000000        47.5591883708729     
   12.0257300000000        48.7481239171242     
   12.0355700000000        50.1256181308771     
   12.0454200000000        51.6497341478921     
   12.0552600000000        53.2397294119410     
   12.0651000000000        54.9278402551783     
   12.0749400000000        56.7165689177782     
   12.0847700000000        58.4134487866106     
   12.0946000000000        59.9038317060501     
   12.1044200000000        61.2429549480185     
   12.1142500000000        62.5726258271660     
   12.1240700000000        64.0404256335582     
   12.1338800000000        65.5301824647929     
   12.1437000000000        66.5911385893512     
   12.1535100000000        66.9798847107589     
   12.1633100000000        66.9823579349645     
   12.1731200000000        67.0112036421363     
   12.1829200000000        67.2308367711578     
   12.1927200000000        67.6995197621040     
   12.2025100000000        68.4977284107824     
   12.2123000000000        69.5368772586776     
   12.2220900000000        70.6098971051554     
   12.2318700000000        71.6374875315687     
   12.2416600000000        72.6992618353385     
   12.2514300000000        73.8140712912243     
   12.2612100000000        74.8988923909828     
   12.2709800000000        75.8055261344018     
   12.2807500000000        76.3275068339773     
   12.2905200000000        76.4801168985974     
   12.3002800000000        76.6587084655365     
   12.3100400000000        77.1779855066157     
   12.3198000000000        77.9831385361328     
   12.3295500000000        78.7156779611367     
   12.3393000000000        79.1088459164594     
   12.3490500000000        79.2864660235854     
   12.3587900000000        79.4770788775976     
   12.3685300000000        79.7098699580431     
   12.3782700000000        79.8671057085304     
   12.3880000000000        79.8716454796210     
   12.3977300000000        79.7330059177927     
   12.4074600000000        79.5302440732009     
   12.4171800000000        79.3118427220761     
   12.4269100000000        79.1757483244201     
   12.4366200000000        79.2856448180079     
   12.4463400000000        79.5854511498417     
   12.4560500000000        79.8159805816168     
   12.4657600000000        79.7665975326886     
   12.4754700000000        79.4663714928488     
   12.4851700000000        79.1388902826747     
   12.4948700000000        78.9307732883491     
   12.5045600000000        78.8043347651011     
   12.5142600000000        78.6513364815749     
   12.5239500000000        78.4957170600262     
   12.5336300000000        78.5563990642809     
   12.5433200000000        79.0204682707358     
   12.5530000000000        79.9175325815783     
   12.5626800000000        81.1529261288091     
   12.5723500000000        82.4886198103047     
   12.5820200000000        83.7446905909809     
   12.5916900000000        84.9916305845720     
   12.6013500000000        86.3539654564181     
   12.6110100000000        87.8056425537055     
   12.6206700000000        89.2581260824954     
   12.6303300000000        90.7224511463851     
   12.6399800000000        92.2660932888569     
   12.6496300000000        93.8530432088920     
   12.6592700000000        95.4240238465478     
   12.6689200000000        96.9740720034594     
   12.6785500000000        98.5114489844134     
   12.6881900000000        100.120355275675     
   12.6978200000000        101.882669578484     
   12.7074500000000        103.748465831354     
   12.7170800000000        105.606759249599     
   12.7267000000000        107.516478016334     
   12.7363200000000        109.626687894585     
   12.7459400000000        111.830646064181     
   12.7555500000000        113.849895414801     
   12.7651600000000        115.571263030086     
   12.7747700000000        117.054419069811     
   12.7843800000000        118.423129275467     
   12.7939800000000        119.751835172324     
   12.8035800000000        120.951757559475     
   12.8131700000000        121.886176194942     
   12.8227600000000        122.528657827668     
   12.8323500000000        123.016434263037     
   12.8419400000000        123.585868538240     
   12.8515200000000        124.394830850380     
   12.8611000000000        125.485293282831     
   12.8706700000000        126.838772715258     
   12.8802500000000        128.377919357339     
   12.8898100000000        129.917375232610     
   12.8993800000000        131.286079433322     
   12.9089400000000        132.526422854077     
   12.9185000000000        133.811977921183     
   12.9280600000000        135.143811329319     
   12.9376100000000        136.318426656292     
   12.9471700000000        137.143047622864     
   12.9567100000000        137.586980816374     
   12.9662600000000        137.732597929245     
   12.9758000000000        137.683989278800     
   12.9853400000000        137.632402831299     
   12.9948700000000        137.833572071782     
   13.0044000000000        138.424946779985     
   13.0139300000000        139.395963917611     
   13.0234600000000        140.621075749771     
   13.0329800000000        141.839559639649     
   13.0425000000000        142.771816227186     
   13.0520100000000        143.277330806360     
   13.0615200000000        143.444379796576     
   13.0710300000000        143.550315717731     
   13.0805400000000        143.840082821383     
   13.0900400000000        144.253234168081     
   13.0995400000000        144.472083314581     
   13.1090400000000        144.379049466652     
   13.1185300000000        144.239010001419     
   13.1280200000000        144.239647512581     
   13.1375100000000        144.210201346344     
   13.1469900000000        143.875198804406     
   13.1564700000000        143.083680749995     
   13.1659500000000        141.904558238229     
   13.1754300000000        140.661897256676     
   13.1849000000000        139.768641708327     
   13.1943700000000        139.449009177962     
   13.2038300000000        139.602137410083     
   13.2132900000000        139.892327844007     
   13.2227500000000        140.002550499901     
   13.2322100000000        139.766416508668     
   13.2416600000000        139.090605157869     
   13.2511100000000        138.015863436190     
   13.2605500000000        136.795423077577     
   13.2700000000000        135.767928730219     
   13.2794400000000        135.244243365385     
   13.2888700000000        135.399812081639     
   13.2983100000000        136.164516280118     
   13.3077400000000        137.262358056288     
   13.3171600000000        138.427922161199     
   13.3265900000000        139.490870148538     
   13.3360100000000        140.312394300727     
   13.3454300000000        140.791918234546     
   13.3548400000000        140.901321540158     
   13.3642500000000        140.707858923420     
   13.3736600000000        140.310289347782     
   13.3830600000000        139.709387387078     
   13.3924700000000        138.834430002764     
   13.4018600000000        137.702785530423     
   13.4112600000000        136.470190873757     
   13.4206500000000        135.368107404840     
   13.4300400000000        134.577701918936     
   13.4394300000000        134.174262422271     
   13.4488100000000        134.135101069635     
   13.4581900000000        134.380031199466     
   13.4675600000000        134.770372330875     
   13.4769400000000        135.170120761934     
   13.4863100000000        135.617217078916     
   13.4956700000000        136.332664361737     
   13.5050400000000        137.546231834239     
   13.5144000000000        139.317093458629     
   13.5237600000000        141.448772930321     
   13.5331100000000        143.564844201295     
   13.5424600000000        145.388842165869     
   13.5518100000000        146.962383653095     
   13.5611500000000        148.544898120076     
   13.5704900000000        150.355405896739     
   13.5798300000000        152.392086423665     
   13.5891700000000        154.410830666582     
   13.5985000000000        156.089582736915     
   13.6078300000000        157.257519608904     
   13.6171500000000        157.929345386025     
   13.6264800000000        158.198896756073     
   13.6358000000000        158.197896951982     
   13.6451100000000        158.112567905498     
   13.6544200000000        158.123964928441     
   13.6637300000000        158.378731586401     
   13.6730400000000        158.993618238180     
   13.6823400000000        160.026438672896     
   13.6916400000000        161.453940509712     
   13.7009400000000        163.110568543865     
   13.7102400000000        164.687409446367     
   13.7195300000000        165.948733297814     
   13.7288100000000        166.896247755906     
   13.7381000000000        167.595426369732     
   13.7473800000000        167.968351068223     
   13.7566600000000        167.854556756935     
   13.7659300000000        167.169705757223     
   13.7752000000000        165.992277965694     
   13.7844700000000        164.531180862127     
   13.7937400000000        162.943212884667     
   13.8030000000000        161.220739399123     
   13.8122600000000        159.327068761245     
   13.8215200000000        157.314096980683     
   13.8307700000000        155.261994479045     
   13.8400200000000        153.250577828137     
   13.8492600000000        151.392412658642     
   13.8585100000000        149.788404474097     
   13.8677500000000        148.454656656299     
   13.8769800000000        147.258006589757     
   13.8862200000000        146.030103594744     
   13.8954500000000        144.741767275360     
   13.9046800000000        143.511165284069     
   13.9139000000000        142.503416444695     
   13.9231200000000        141.775772444868     
   13.9323400000000        141.204315564650     
   13.9415500000000        140.572422755784     
   13.9507700000000        139.748867428166     
   13.9599700000000        138.801508101430     
   13.9691800000000        137.891926609265     
   13.9783800000000        137.066143148873     
   13.9875800000000        136.184408053908     
   13.9967800000000        135.113179201539     
   14.0059700000000        133.869878806295     
   14.0151600000000        132.570086109999     
   14.0243400000000        131.341853948399     
   14.0335300000000        130.256716677233     
   14.0427100000000        129.311014504830     
   14.0518800000000        128.440375920675     
   14.0610600000000        127.545422785137     
   14.0702300000000        126.512697267520     
   14.0794000000000        125.242074352023     
   14.0885600000000        123.683786039514     
   14.0977200000000        121.873309633454     
   14.1068800000000        119.961639982373     
   14.1160300000000        118.124165800186     
   14.1251800000000        116.426358079106     
   14.1343300000000        114.849806956979     
   14.1434800000000        113.390213569763     
   14.1526200000000        112.086399012216     
   14.1617600000000        110.984716461923     
   14.1708900000000        110.126913438933     
   14.1800300000000        109.515641619081     
   14.1891500000000        109.072815319956     
   14.1982800000000        108.640827666243     
   14.2074000000000        108.060070914437     
   14.2165200000000        107.238770614259     
   14.2256400000000        106.191269058010     
   14.2347500000000        105.014326172623     
   14.2438600000000        103.819567382097     
   14.2529700000000        102.712702086089     
   14.2620700000000        101.818850064354     
   14.2711800000000        101.276611688247     
   14.2802700000000        101.178753901820     
   14.2893700000000        101.515498242047     
   14.2984600000000        102.194596258844     
   14.3075500000000        103.077293493289     
   14.3166300000000        104.006338629361     
   14.3257100000000        104.851882320246     
   14.3347900000000        105.531998308691     
   14.3438700000000        105.999868883133     
   14.3529400000000        106.252315293046     
   14.3620100000000        106.360144854517     
   14.3710700000000        106.412142767972     
   14.3801400000000        106.445751739437     
   14.3892000000000        106.490204978508     
   14.3982500000000        106.605791634841     
   14.4073100000000        106.818254859951     
   14.4163600000000        107.077862964898     
   14.4254000000000        107.324459948696     
   14.4344500000000        107.550836643993     
   14.4434900000000        107.791767192035     
   14.4525200000000        108.075464632210     
   14.4615600000000        108.380886948228     
   14.4705900000000        108.633751326665     
   14.4796200000000        108.735133424810     
   14.4886400000000        108.590379823361     
   14.4976600000000        108.159226158845     
   14.5066800000000        107.493266082064     
   14.5157000000000        106.704433846299     
   14.5247100000000        105.902528575197     
   14.5337200000000        105.160498596616     
   14.5427200000000        104.504534841646     
   14.5517300000000        103.886812817975     
   14.5607300000000        103.211451399509     
   14.5697200000000        102.433245359318     
   14.5787100000000        101.632803106620     
   14.5877000000000        100.955317744943     
   14.5966900000000        100.487517605027     
   14.6056700000000        100.226007000594     
   14.6146600000000        100.148925130603     
   14.6236300000000        100.276942258869     
   14.6326100000000        100.635415779422     
   14.6415800000000        101.170258126597     
   14.6505400000000        101.732593346353     
   14.6595100000000        102.161977665581     
   14.6684700000000        102.385901316841     
   14.6774300000000        102.457840915085     
   14.6863800000000        102.506868262323     
   14.6953400000000        102.656151031507     
   14.7042800000000        102.968597835145     
   14.7132300000000        103.450466965635     
   14.7221700000000        104.072094678711     
   14.7311100000000        104.779655675010     
   14.7400500000000        105.473155642986     
   14.7489800000000        105.992560360182     
   14.7579100000000        106.178119118149     
   14.7668400000000        105.982414497813     
   14.7757600000000        105.516525677497     
   14.7846800000000        104.953412622893     
   14.7936000000000        104.403136929436     
   14.8025100000000        103.899119429796     
   14.8114200000000        103.467298705322     
   14.8203300000000        103.145711622772     
   14.8292300000000        102.942989834616     
   14.8381300000000        102.847250319064     
   14.8470300000000        102.874740143669     
   14.8559300000000        103.058524579095     
   14.8648200000000        103.384450508085     
   14.8737100000000        103.759700021275     
   14.8825900000000        104.053677128716     
   14.8914700000000        104.169638952555     
   14.9003500000000        104.059784800913     
   14.9092300000000        103.699278092039     
   14.9181000000000        103.089594235415     
   14.9269700000000        102.281278561494     
   14.9358400000000        101.369733353916     
   14.9447000000000        100.454685134171     
   14.9535600000000        99.5938645806154     
   14.9624200000000        98.8017646765600     
   14.9712700000000        98.0853258653600     
   14.9801200000000        97.4705968707375     
   14.9889700000000        97.0007014128696     
   14.9978100000000        96.7147143359994     
   15.0066500000000        96.6204715593423     
   15.0154900000000        96.6721676574345     
   15.0243300000000        96.7807727657407     
   15.0331600000000        96.8681111673898     
   15.0419900000000        96.9268427101487     
   15.0508100000000        97.0400495929774     
   15.0596300000000        97.3382098887085     
   15.0684500000000        97.9233400355318     
   15.0772700000000        98.8328428680107     
   15.0860800000000        100.052686234878     
   15.0948900000000        101.524508448723     
   15.1037000000000        103.121832536741     
   15.1125000000000        104.668879233306     
   15.1213000000000        106.027058374687     
   15.1301000000000        107.159846733169     
   15.1388900000000        108.120684609651     
   15.1476800000000        108.984950662380     
   15.1564700000000        109.799086860400     
   15.1652500000000        110.582894868777     
   15.1740300000000        111.350781999354     
   15.1828100000000        112.118163642613     
   15.1915800000000        112.900382687486     
   15.2003500000000        113.716836261967     
   15.2091200000000        114.596229242977     
   15.2178900000000        115.573868189801     
   15.2266500000000        116.660794768891     
   15.2354100000000        117.825668593342     
   15.2441600000000        119.024862478436     
   15.2529200000000        120.274030481132     
   15.2616700000000        121.654806432745     
   15.2704100000000        123.273730245953     
   15.2791500000000        125.206214492000     
   15.2878900000000        127.473765562924     
   15.2966300000000        130.049688499719     
   15.3053600000000        132.849782662329     
   15.3140900000000        135.727602635397     
   15.3228200000000        138.490173703028     
   15.3315400000000        140.978199597929     
   15.3402600000000        143.152645642732     
   15.3489800000000        145.090065801280     
   15.3577000000000        146.919073637813     
   15.3664100000000        148.745904657755     
   15.3751200000000        150.611985611112     
   15.3838200000000        152.445013736673     
   15.3925200000000        154.061567602771     
   15.4012200000000        155.226512237091     
   15.4099200000000        155.759503836539     
   15.4186100000000        155.602789104978     
   15.4273000000000        154.815009660109     
   15.4359800000000        153.525592218759     
   15.4446700000000        151.899136276604     
   15.4533400000000        150.138531588706     
   15.4620200000000        148.429264390679     
   15.4706900000000        146.898532049955     
   15.4793600000000        145.577577824329     
   15.4880300000000        144.456278494580     
   15.4966900000000        143.534615944658     
   15.5053500000000        142.816967082886     
   15.5140100000000        142.268289217712     
   15.5226700000000        141.774865379482     
   15.5313200000000        141.173806504464     
   15.5399600000000        140.346982007558     
   15.5486100000000        139.292539723283     
   15.5572500000000        138.110435583692     
   15.5658900000000        136.913811383467     
   15.5745200000000        135.785309259628     
   15.5831600000000        134.780489491909     
   15.5917900000000        133.958261426175     
   15.6004100000000        133.357088925310     
   15.6090300000000        132.956759914048     
   15.6176500000000        132.673941477120     
   15.6262700000000        132.410641516675     
   15.6348800000000        132.106161656759     
   15.6434900000000        131.735583643166     
   15.6521000000000        131.270586029809     
   15.6607000000000        130.653297761557     
   15.6693000000000        129.811844933665     
   15.6779000000000        128.706601702744     
   15.6864900000000        127.364200939552     
   15.6950800000000        125.874995049199     
   15.7036700000000        124.376749690581     
   15.7122600000000        123.020380058268     
   15.7208400000000        121.930571445284     
   15.7294100000000        121.165605869676     
   15.7379900000000        120.704189671391     
   15.7465600000000        120.467389319996     
   15.7551300000000        120.356364773595     
   15.7637000000000        120.298296889033     
   15.7722600000000        120.266203445652     
   15.7808200000000        120.266424146465     
   15.7893700000000        120.307702272295     
   15.7979300000000        120.376749451140     
   15.8064700000000        120.437779691681     
   15.8150200000000        120.452805074982     
   15.8235600000000        120.394321957322     
   15.8321000000000        120.246239895566     
   15.8406400000000        120.009534408954     
   15.8491800000000        119.709367725079     
   15.8577100000000        119.384233649058     
   15.8662300000000        119.068180072511     
   15.8747600000000        118.790933134051     
   15.8832800000000        118.588294486827     
   15.8918000000000        118.496072638097     
   15.9003100000000        118.537281050411     
   15.9088200000000        118.710295706615     
   15.9173300000000        118.989788805260     
   15.9258400000000        119.343665599802     
   15.9343400000000        119.754948733574     
   15.9428400000000        120.227668998904     
   15.9513300000000        120.767117628959     
   15.9598300000000        121.366240047414     
   15.9683100000000        122.004510713077     
   15.9768000000000        122.674350911135     
   15.9852800000000        123.387604775807     
   15.9937600000000        124.180924332363     
   16.0022400000000        125.095697883362     
   16.0107100000000        126.152799939095     
   16.0191800000000        127.334757904555     
   16.0276500000000        128.574317695600     
   16.0361200000000        129.770060843011     
   16.0445800000000        130.815418128441     
   16.0530300000000        131.624635559638     
   16.0614900000000        132.139190436489     
   16.0699400000000        132.325059297197     
   16.0783900000000        132.175853741840     
   16.0868300000000        131.697286863418     
   16.0952800000000        130.885238281937     
   16.1037100000000        129.725579374200     
   16.1121500000000        128.200391647192     
   16.1205800000000        126.332065112457     
   16.1290100000000        124.184908567680     
   16.1374400000000        121.854018595603     
   16.1458600000000        119.432656334153     
   16.1542800000000        116.982968449236     
   16.1627000000000        114.547181590292     
   16.1711100000000        112.159975298093     
   16.1795200000000        109.848309305357     
   16.1879300000000        107.643354484725     
   16.1963300000000        105.579588197653     
   16.2047300000000        103.682748482017     
   16.2131300000000        101.969041488907     
   16.2215200000000        100.433415443137     
   16.2299100000000        99.0369403614907     
   16.2383000000000        97.7173223553889     
   16.2466900000000        96.4041051056414     
   16.2550700000000        95.0413160894032     
   16.2634500000000        93.5969659326833     
   16.2718200000000        92.0741579391442     
   16.2802000000000        90.4977442577114     
   16.2885600000000        88.9141419924885     
   16.2969300000000        87.3484780712177     
   16.3052900000000        85.8102578729731     
   16.3136500000000        84.2836350308054     
   16.3220100000000        82.7553561677833     
   16.3303600000000        81.2321794063777     
   16.3387100000000        79.7378233162685     
   16.3470600000000        78.3081851653140     
   16.3554000000000        76.9777308812163     
   16.3637400000000        75.7652707885045     
   16.3720800000000        74.6727446181299     
   16.3804200000000        73.6762461167888     
   16.3887500000000        72.7241865890463     
   16.3970700000000        71.7489146291637     
   16.4054000000000        70.6960370455064     
   16.4137200000000        69.5585905302654     
   16.4220400000000        68.3719850717208     
   16.4303500000000        67.2034698247591     
   16.4386700000000        66.1241287075131     
   16.4469700000000        65.2023516410351     
   16.4552800000000        64.4756227323642     
   16.4635800000000        63.9500663862684     
   16.4718800000000        63.5880569307135     
   16.4801800000000        63.3264240135574     
   16.4884700000000        63.1073130068144     
   16.4967600000000        62.9056019594949     
   16.5050500000000        62.7325256388099     
   16.5133300000000        62.6145554604849     
   16.5216100000000        62.5703589375404     
   16.5298900000000        62.6033685205489     
   16.5381600000000        62.7052256355569     
   16.5464300000000        62.8624320713887     
   16.5547000000000        63.0594514149775     
   16.5629700000000        63.2772963195190     
   16.5712300000000        63.4889883990458     
   16.5794900000000        63.6593135572825     
   16.5877400000000        63.7506293882758     
   16.5959900000000        63.7348195319065     
   16.6042400000000        63.5995296343887     
   16.6124900000000        63.3457300498224     
   16.6207300000000        62.9802983710911     
   16.6289700000000        62.5096019088907     
   16.6372000000000        61.9406298526999     
   16.6454400000000        61.2784009681958     
   16.6536700000000        60.5319717527509     
   16.6618900000000        59.7128234826293     
   16.6701200000000        58.8377428444286     
   16.6783400000000        57.9379209746650     
   16.6865500000000        57.0523114920855     
   16.6947700000000        56.2227754636831     
   16.7029800000000        55.4923301116068     
   16.7111900000000        54.8901276469313     
   16.7193900000000        54.4317265236247     
   16.7275900000000        54.1159879042477     
   16.7357900000000        53.9295253601938     
   16.7439800000000        53.8485008258696     
   16.7521800000000        53.8401683551212     
   16.7603600000000        53.8667509738394     
   16.7685500000000        53.8944439294443     
   16.7767300000000        53.9074633571230     
   16.7849100000000        53.9188086189327     
   16.7930900000000        53.9669183686674     
   16.8012600000000        54.0971342067415     
   16.8094300000000        54.3382412290805     
   16.8175900000000        54.6853508934521     
   16.8257600000000        55.0986391077353     
   16.8339200000000        55.5078996763532     
   16.8420700000000        55.8289705992803     
   16.8502300000000        55.9808800785616     
   16.8583800000000        55.9054097968046     
   16.8665300000000        55.5869434522959     
   16.8746700000000        55.0561862508107     
   16.8828100000000        54.3741176200710     
   16.8909500000000        53.6081885249637     
   16.8990800000000        52.8093503205174     
   16.9072100000000        51.9953565758064     
   16.9153400000000        51.1536649277704     
   16.9234700000000        50.2538431737159     
   16.9315900000000        49.2694745136084     
   16.9397100000000        48.1917723837271     
   16.9478200000000        47.0401008867012     
   16.9559400000000        45.8500337516091     
   16.9640500000000        44.6737061068936     
   16.9721500000000        43.5618964210504     
   16.9802600000000        42.5568721412336     
   16.9883600000000        41.6934328730907     
   16.9964500000000        40.9855851175157     
   17.0045500000000        40.4266791193498     
   17.0126400000000        39.9964522565367     
   17.0207200000000        39.6625838524215     
   17.0288100000000        39.3906890928855     
   17.0368900000000        39.1543767067838     
   17.0449700000000        38.9369937277862     
   17.0530400000000        38.7316760161962     
   17.0611100000000        38.5341770402512     
   17.0691800000000        38.3372425443100     
