   7.15970000000000        178.118066196035     
   7.17100000000000        180.991629780664     
   7.18231000000000        187.004139456203     
   7.19360000000000        187.036237407224     
   7.20490000000000        187.609968866277     
   7.21619000000000        187.427400695072     
   7.22748000000000        180.476105517861     
   7.23877000000000        177.659156390048     
   7.25005000000000        174.461159121070     
   7.26133000000000        178.639310416222     
   7.27261000000000        181.431044688519     
   7.28388000000000        181.679783944062     
   7.29515000000000        192.111181587134     
   7.30642000000000        206.571031855013     
   7.31768000000000        218.481303272960     
   7.32894000000000        226.996649511636     
   7.34020000000000        231.460053020529     
   7.35146000000000        234.351676524669     
   7.36271000000000        233.328886128382     
   7.37396000000000        237.935550710143     
   7.38520000000000        239.323653026569     
   7.39644000000000        228.695225783510     
   7.40768000000000        222.810399537677     
   7.41892000000000        220.553202527591     
   7.43015000000000        226.750920481887     
   7.44138000000000        238.477123977349     
   7.45261000000000        250.582058713929     
   7.46383000000000        247.001324547068     
   7.47505000000000        238.681728530699     
   7.48626000000000        237.923493850920     
   7.49748000000000        252.670012332105     
   7.50869000000000        266.627926306006     
   7.51990000000000        274.373793060167     
   7.53110000000000        271.081980740981     
   7.54230000000000        263.767733871766     
   7.55350000000000        260.774964453390     
   7.56469000000000        266.732429910755     
   7.57588000000000        278.993145494551     
   7.58707000000000        290.172324714408     
   7.59826000000000        290.662692040580     
   7.60944000000000        293.600519765399     
   7.62062000000000        302.273366464222     
   7.63179000000000        315.784552107421     
   7.64296000000000        324.238781592352     
   7.65413000000000        320.408560630946     
   7.66530000000000        285.804101668349     
   7.67646000000000        252.916258937160     
   7.68762000000000        242.271949865389     
   7.69878000000000        246.542054432432     
   7.70993000000000        262.175177674070     
   7.72108000000000        276.520693383599     
   7.73223000000000        286.547993457278     
   7.74337000000000        283.574387455175     
   7.75451000000000        292.160021457943     
   7.76565000000000        310.063779562873     
   7.77678000000000        322.060133638662     
   7.78791000000000        320.665600567148     
   7.79904000000000        315.397751768121     
   7.81017000000000        316.424724359645     
   7.82129000000000        325.401754407206     
   7.83241000000000        340.531054943450     
   7.84352000000000        354.204828863369     
   7.85463000000000        355.308987164875     
   7.86574000000000        326.489129894722     
   7.87685000000000        289.184044517135     
   7.88795000000000        268.564448814221     
   7.89905000000000        267.551588705389     
   7.91015000000000        277.456424637677     
   7.92124000000000        281.328632036293     
   7.93233000000000        286.909349457577     
   7.94342000000000        290.329462370171     
   7.95450000000000        289.973621330313     
   7.96558000000000        293.708721737587     
   7.97666000000000        301.889654274913     
   7.98773000000000        303.066999992762     
   7.99880000000000        289.785571510681     
   8.00987000000000        268.354092437345     
   8.02093000000000        261.995190159706     
   8.03200000000000        269.514540833915     
   8.04305000000000        291.034554208415     
   8.05411000000000        309.925035678121     
   8.06516000000000        325.061340006103     
   8.07621000000000        338.034151513541     
   8.08726000000000        339.097747864720     
   8.09830000000000        341.264188203816     
   8.10934000000000        349.396638036259     
   8.12037000000000        366.950020845157     
   8.13141000000000        381.034100018729     
   8.14244000000000        384.376338547129     
   8.15346000000000        385.800954360365     
   8.16449000000000        382.852722997692     
   8.17551000000000        372.551619707348     
   8.18652000000000        357.526414630696     
   8.19754000000000        345.064262228173     
   8.20855000000000        321.046844858667     
   8.21955000000000        280.401857854392     
   8.23056000000000        243.175121187855     
   8.24156000000000        230.312262732205     
   8.25256000000000        235.784905597867     
   8.26355000000000        248.107410252443     
   8.27454000000000        264.849071364090     
   8.28553000000000        280.534335672238     
   8.29652000000000        293.171303639715     
   8.30750000000000        311.705586371159     
   8.31848000000000        331.668583077492     
   8.32946000000000        353.342401906287     
   8.34043000000000        368.982619100009     
   8.35140000000000        376.934270576974     
   8.36236000000000        376.997630154038     
   8.37333000000000        370.955998606833     
   8.38429000000000        373.277065061667     
   8.39524000000000        389.014283585247     
   8.40620000000000        407.869885102606     
   8.41715000000000        421.856437070998     
   8.42810000000000        434.231193617676     
   8.43904000000000        442.358460203903     
   8.44998000000000        428.917666192953     
   8.46092000000000        396.967088998783     
   8.47185000000000        376.477894227413     
   8.48278000000000        376.855332598654     
   8.49371000000000        388.244904739947     
   8.50464000000000        404.638212225007     
   8.51556000000000        418.965356070169     
   8.52648000000000        424.309912358901     
   8.53739000000000        414.767601939720     
   8.54831000000000        409.584751041816     
   8.55922000000000        414.958529886123     
   8.57012000000000        432.884313215495     
   8.58103000000000        453.792120424263     
   8.59193000000000        474.454187555608     
   8.60282000000000        479.863073874953     
   8.61372000000000        465.270102169321     
   8.62461000000000        444.649738803396     
   8.63549000000000        433.608785786275     
   8.64638000000000        439.254618136053     
   8.65726000000000        458.725721526739     
   8.66814000000000        487.791543632475     
   8.67901000000000        516.752149866849     
   8.68988000000000        533.030612665303     
   8.70075000000000        533.149273128611     
   8.71161000000000        528.424518287668     
   8.72248000000000        532.565236514210     
   8.73333000000000        544.827146763902     
   8.74419000000000        557.404298466887     
   8.75504000000000        558.663323841183     
   8.76589000000000        546.351364977074     
   8.77674000000000        520.552554549677     
   8.78758000000000        494.097939162776     
   8.79842000000000        474.198872012120     
   8.80926000000000        463.863590469984     
   8.82009000000000        461.083447708789     
   8.83092000000000        460.592145142376     
   8.84175000000000        460.520558572044     
   8.85257000000000        451.407041580153     
   8.86339000000000        435.090589444764     
   8.87421000000000        412.600539917295     
   8.88502000000000        391.692591150734     
   8.89583000000000        382.008220000365     
   8.90664000000000        381.372057767577     
   8.91745000000000        383.137512530466     
   8.92825000000000        385.524125300565     
   8.93905000000000        387.219488746490     
   8.94984000000000        388.179613417710     
   8.96063000000000        388.296009297982     
   8.97142000000000        387.159209168591     
   8.98221000000000        388.089986413852     
   8.99299000000000        388.515374456047     
   9.00377000000000        386.481230228898     
   9.01455000000000        384.686842693639     
   9.02532000000000        380.400825875071     
   9.03609000000000        367.086999972105     
   9.04686000000000        349.490922554893     
   9.05762000000000        331.699773966316     
   9.06838000000000        318.446655738488     
   9.07914000000000        309.111768095221     
   9.08989000000000        300.307993911160     
   9.10064000000000        294.536371026203     
   9.11139000000000        295.062171956286     
   9.12214000000000        295.289009027090     
   9.13288000000000        288.503743716742     
   9.14362000000000        278.155545464896     
   9.15435000000000        274.985788656555     
   9.16508000000000        274.768111439467     
   9.17581000000000        272.664513872149     
   9.18654000000000        270.542401186314     
   9.19726000000000        266.624028507958     
   9.20798000000000        265.785022839652     
   9.21870000000000        271.923120266155     
   9.22941000000000        281.494162488899     
   9.24012000000000        287.523517337148     
   9.25082000000000        287.629812825133     
   9.26153000000000        287.893545427088     
   9.27223000000000        291.853023750906     
   9.28293000000000        297.800388217824     
   9.29362000000000        300.424266097908     
   9.30431000000000        303.196224890510     
   9.31500000000000        303.448196551033     
   9.32568000000000        297.125475936379     
   9.33636000000000        292.608172718304     
   9.34704000000000        291.351097595501     
   9.35772000000000        289.588337762953     
   9.36839000000000        284.043736395043     
   9.37906000000000        279.025371532623     
   9.38972000000000        278.524488633544     
   9.40038000000000        279.880088386664     
   9.41104000000000        283.627047321617     
   9.42170000000000        287.373447203322     
   9.43235000000000        290.415907471829     
   9.44300000000000        296.085391559415     
   9.45365000000000        302.911593926861     
   9.46429000000000        309.932026010331     
   9.47493000000000        313.977449266566     
   9.48557000000000        311.667170042647     
   9.49620000000000        307.538433677521     
   9.50683000000000        307.097009670265     
   9.51746000000000        311.839310205875     
   9.52808000000000        314.230304663579     
   9.53871000000000        309.123077035109     
   9.54932000000000        300.488924181729     
   9.55994000000000        292.452680035605     
   9.57055000000000        289.091484676242     
   9.58116000000000        294.915684486239     
   9.59176000000000        307.444572489004     
   9.60237000000000        318.692073225918     
   9.61296000000000        327.198093286950     
   9.62356000000000        341.922355339552     
   9.63415000000000        358.398819751720     
   9.64474000000000        368.756176281845     
   9.65533000000000        374.830477560214     
   9.66591000000000        375.825726644869     
   9.67649000000000        371.800768197783     
   9.68707000000000        363.122011294051     
   9.69764000000000        348.035237866351     
   9.70821000000000        340.720093022746     
   9.71878000000000        345.006348571259     
   9.72934000000000        356.887166238428     
   9.73990000000000        372.474008858609     
   9.75046000000000        387.927995449232     
   9.76102000000000        407.615829874288     
   9.77157000000000        428.992469101063     
   9.78212000000000        446.302309956262     
   9.79266000000000        461.574989775704     
   9.80320000000000        470.734662469317     
   9.81374000000000        471.963187669542     
   9.82428000000000        472.429287778804     
   9.83481000000000        473.582563391097     
   9.84534000000000        476.858218378273     
   9.85586000000000        484.177943861664     
   9.86639000000000        484.170002804229     
   9.87691000000000        473.838185949024     
   9.88742000000000        457.801144354767     
   9.89794000000000        439.461503261608     
   9.90845000000000        423.719667074890     
   9.91895000000000        408.643790228414     
   9.92946000000000        390.496626615481     
   9.93996000000000        379.210856628315     
   9.95046000000000        381.385121453640     
   9.96095000000000        396.395963436478     
   9.97144000000000        415.014805293965     
   9.98193000000000        428.941821716578     
   9.99242000000000        438.178654587359     
   10.0029000000000        442.821952015678     
   10.0133800000000        440.016496930153     
   10.0238500000000        430.079066552746     
   10.0343200000000        415.211653663962     
   10.0447900000000        400.025215938641     
   10.0552600000000        389.773245313853     
   10.0657200000000        383.704046583654     
   10.0761800000000        380.987820896519     
   10.0866400000000        385.285179224061     
   10.0970900000000        395.012976860469     
   10.1075400000000        408.249934374409     
   10.1179900000000        425.480223758824     
   10.1284300000000        443.914102572784     
   10.1388700000000        459.706894231669     
   10.1493100000000        469.036793583782     
   10.1597400000000        473.257455023998     
   10.1701700000000        479.654278607221     
   10.1806000000000        490.596388348716     
   10.1910300000000        497.777625400412     
   10.2014500000000        498.088113238994     
   10.2118700000000        490.705414950522     
   10.2222800000000        478.688275332565     
   10.2326900000000        466.821771359595     
   10.2431000000000        457.101035010406     
   10.2535100000000        444.884533592372     
   10.2639100000000        431.717381743070     
   10.2743100000000        422.114202275962     
   10.2847100000000        415.932359855872     
   10.2951000000000        411.269983590808     
   10.3054900000000        407.251292915427     
   10.3158800000000        403.363750978609     
   10.3262600000000        399.628774196954     
   10.3366400000000        395.619230824986     
   10.3470200000000        391.355249655977     
   10.3573900000000        387.601736980303     
   10.3677600000000        382.205353164674     
   10.3781300000000        371.778609991343     
   10.3884900000000        355.219477991203     
   10.3988600000000        333.109247664631     
   10.4092100000000        311.487916420735     
   10.4195700000000        295.118071492194     
   10.4299200000000        285.172751814546     
   10.4402700000000        280.315478018512     
   10.4506100000000        278.904436326723     
   10.4609600000000        279.148304045981     
   10.4713000000000        283.047860338066     
   10.4816300000000        291.365327156357     
   10.4919600000000        301.143288654334     
   10.5022900000000        307.873029496087     
   10.5126200000000        310.083783998359     
   10.5229400000000        311.835796538138     
   10.5332600000000        316.198198485242     
   10.5435800000000        323.240423510644     
   10.5539000000000        331.449578040271     
   10.5642100000000        336.286893328459     
   10.5745100000000        333.735859570744     
   10.5848200000000        324.449330128757     
   10.5951200000000        310.599141610548     
   10.6054200000000        293.872621790381     
   10.6157100000000        276.540895893346     
   10.6260000000000        258.914822717467     
   10.6362900000000        239.332374292040     
   10.6465800000000        218.430807760218     
   10.6568600000000        199.972448709797     
   10.6671400000000        187.979563184034     
   10.6774100000000        182.529186147492     
   10.6876900000000        181.356353842003     
   10.6979600000000        183.207432734220     
   10.7082200000000        186.747180533840     
   10.7184900000000        192.467351835224     
   10.7287500000000        200.496114077153     
   10.7390000000000        208.301550734071     
   10.7492600000000        213.421089466565     
   10.7595100000000        215.772888682631     
   10.7697500000000        216.721059714149     
   10.7800000000000        218.130842242944     
   10.7902400000000        220.636347668773     
   10.8004800000000        223.287994275960     
   10.8107100000000        224.890655437691     
   10.8209400000000        225.340217807760     
   10.8311700000000        224.046231501307     
   10.8414000000000        221.334971571739     
   10.8516200000000        220.058277633617     
   10.8618400000000        220.860327941567     
   10.8720500000000        221.912894340001     
   10.8822700000000        222.749070226463     
   10.8924800000000        223.952085170499     
   10.9026800000000        226.819754925969     
   10.9128800000000        231.781796253343     
   10.9230800000000        238.057483630767     
   10.9332800000000        244.058006163919     
   10.9434700000000        247.803149023594     
   10.9536600000000        248.050802186734     
   10.9638500000000        244.952706411555     
   10.9740400000000        239.766914650673     
   10.9842200000000        235.228566580803     
   10.9943900000000        233.326225705270     
   11.0045700000000        233.462943795993     
   11.0147400000000        233.953047526855     
   11.0249100000000        234.411004762119     
   11.0350700000000        235.196000794837     
   11.0452300000000        235.997343906740     
   11.0553900000000        235.384341368855     
   11.0655500000000        232.766974652612     
   11.0757000000000        229.082771771640     
   11.0858500000000        226.055973847912     
   11.0960000000000        224.846231937001     
   11.1061400000000        225.084256055555     
   11.1162800000000        225.698308444443     
   11.1264200000000        227.226974559783     
   11.1365500000000        231.180043478832     
   11.1466800000000        237.016015308582     
   11.1568100000000        242.251181534102     
   11.1669300000000        246.171671463528     
   11.1770500000000        249.654062324997     
   11.1871700000000        252.806079660824     
   11.1972800000000        255.572615366585     
   11.2073900000000        258.015573251838     
   11.2175000000000        260.903084141877     
   11.2276100000000        265.588638556048     
   11.2377100000000        272.280510431499     
   11.2478100000000        280.639285222493     
   11.2579000000000        289.713549968024     
   11.2679900000000        297.549526242306     
   11.2780800000000        302.961726815483     
   11.2881700000000        306.748074525944     
   11.2982500000000        309.623930677876     
   11.3083300000000        312.377761322732     
   11.3184100000000        315.990452856373     
   11.3284800000000        320.224823840125     
   11.3385500000000        325.187767380633     
   11.3486200000000        331.125901802941     
   11.3586800000000        336.962720270339     
   11.3687400000000        341.618510350598     
   11.3788000000000        344.239597431762     
   11.3888500000000        344.762959865833     
   11.3989000000000        344.600142236138     
   11.4089500000000        344.379784250210     
   11.4189900000000        343.186801065760     
   11.4290400000000        340.207238412193     
   11.4390700000000        335.718515660290     
   11.4491100000000        331.568023672725     
   11.4591400000000        329.800951432425     
   11.4691700000000        331.190535441022     
   11.4792000000000        334.902726655459     
   11.4892200000000        339.026944445945     
   11.4992400000000        342.760343401646     
   11.5092500000000        346.129330878588     
   11.5192700000000        349.470816071777     
   11.5292800000000        352.928375460495     
   11.5392800000000        356.659297759821     
   11.5492900000000        360.939925234099     
   11.5592900000000        366.288982176617     
   11.5692800000000        373.082200212120     
   11.5792800000000        381.113212299113     
   11.5892700000000        389.777350766492     
   11.5992600000000        398.040489262660     
   11.6092400000000        404.962199520056     
   11.6192200000000        410.091268426353     
   11.6292000000000        414.553596183220     
   11.6391700000000        420.374684566331     
   11.6491500000000        428.596083319091     
   11.6591200000000        439.185454755080     
   11.6690800000000        450.593528923302     
   11.6790400000000        460.748558170723     
   11.6890000000000        469.425267277722     
   11.6989600000000        477.429716747491     
   11.7089100000000        484.922253431729     
   11.7188600000000        491.447217630459     
   11.7288100000000        496.931173971199     
   11.7387500000000        502.114268867380     
   11.7486900000000        507.627250898310     
   11.7586300000000        513.650277828106     
   11.7685600000000        519.774664062746     
   11.7784900000000        525.122903184083     
   11.7884200000000        529.158438635175     
   11.7983400000000        531.673843693952     
   11.8082600000000        532.967488124182     
   11.8181800000000        532.595761817740     
   11.8281000000000        529.282489893530     
   11.8380100000000        523.873779485632     
   11.8479200000000        518.916343363015     
   11.8578200000000        516.476971516575     
   11.8677200000000        516.640145126209     
   11.8776200000000        517.635730331467     
   11.8875200000000        517.714732606323     
   11.8974100000000        516.067229712078     
   11.9073000000000        512.179830184130     
   11.9171900000000        506.443801291035     
   11.9270700000000        501.157207745725     
   11.9369500000000        498.621787670159     
   11.9468300000000        499.157882017456     
   11.9567000000000        501.178799459173     
   11.9665700000000        502.971597783000     
   11.9764400000000        504.306071165104     
   11.9863000000000        506.596744646232     
   11.9961600000000        510.796931162361     
   12.0060200000000        516.036060604861     
   12.0158700000000        522.194845469137     
   12.0257300000000        530.570375493449     
   12.0355700000000        541.438732154083     
   12.0454200000000        553.625480674811     
   12.0552600000000        566.017778128092     
   12.0651000000000        579.067724049674     
   12.0749400000000        593.089909742432     
   12.0847700000000        606.723181647176     
   12.0946000000000        618.774965523541     
   12.1044200000000        628.759392125495     
   12.1142500000000        637.140684934646     
   12.1240700000000        645.401097141168     
   12.1338800000000        653.863911342679     
   12.1437000000000        660.715350283268     
   12.1535100000000        664.430717524212     
   12.1633100000000        665.800204077490     
   12.1731200000000        666.905037365964     
   12.1829200000000        669.121736654077     
   12.1927200000000        673.243471039227     
   12.2025100000000        679.842994982962     
   12.2123000000000        687.748696243566     
   12.2220900000000        694.830856546979     
   12.2318700000000        700.340228632038     
   12.2416600000000        704.723660895132     
   12.2514300000000        707.628455004121     
   12.2612100000000        708.204303322795     
   12.2709800000000        706.027361820000     
   12.2807500000000        700.593438798042     
   12.2905200000000        692.605697555447     
   12.3002800000000        685.091071992054     
   12.3100400000000        680.622325444761     
   12.3198000000000        679.034573274312     
   12.3295500000000        677.914761815614     
   12.3393000000000        675.530958499598     
   12.3490500000000        672.807613332392     
   12.3587900000000        671.311091500618     
   12.3685300000000        671.112196322617     
   12.3782700000000        671.320579396019     
   12.3880000000000        671.748510125148     
   12.3977300000000        672.970564884178     
   12.4074600000000        675.199856932437     
   12.4171800000000        677.867767186964     
   12.4269100000000        680.798196715873     
   12.4366200000000        684.001106466708     
   12.4463400000000        686.538877247083     
   12.4560500000000        687.252502356491     
   12.4657600000000        685.808509457254     
   12.4754700000000        682.906470669125     
   12.4851700000000        679.672013945377     
   12.4948700000000        676.857831736917     
   12.5045600000000        674.922433277511     
   12.5142600000000        673.946509667353     
   12.5239500000000        674.321674782197     
   12.5336300000000        677.106883470745     
   12.5433200000000        682.867500783223     
   12.5530000000000        691.304658244823     
   12.5626800000000        701.686592036405     
   12.5723500000000        712.611804139347     
   12.5820200000000        722.922379444757     
   12.5916900000000        732.641148278328     
   12.6013500000000        742.096344900604     
   12.6110100000000        751.131797389080     
   12.6206700000000        759.541722118514     
   12.6303300000000        767.509631388168     
   12.6399800000000        775.567988000228     
   12.6496300000000        783.974273879007     
   12.6592700000000        792.935184592704     
   12.6689200000000        802.773280712927     
   12.6785500000000        813.465134495033     
   12.6881900000000        825.415901417512     
   12.6978200000000        839.559512806341     
   12.7074500000000        856.013177755488     
   12.7170800000000        873.695584082081     
   12.7267000000000        891.952064775595     
   12.7363200000000        910.886325097746     
   12.7459400000000        929.636594407894     
   12.7555500000000        946.147985991743     
   12.7651600000000        958.717892977193     
   12.7747700000000        966.958528324718     
   12.7843800000000        971.907081394433     
   12.7939800000000        974.861766099615     
   12.8035800000000        976.132439735507     
   12.8131700000000        975.628666060134     
   12.8227600000000        973.749576934084     
   12.8323500000000        971.739049434999     
   12.8419400000000        971.361730650777     
   12.8515200000000        973.740856925362     
   12.8611000000000        978.902096456013     
   12.8706700000000        986.232491223542     
   12.8802500000000        994.832736939055     
   12.8898100000000        1003.34616271716     
   12.8993800000000        1010.51615906627     
   12.9089400000000        1016.25616781744     
   12.9185000000000        1021.37109651430     
   12.9280600000000        1025.85663017129     
   12.9376100000000        1028.56482948201     
   12.9471700000000        1028.61549602455     
   12.9567100000000        1026.43163912156     
   12.9662600000000        1023.16169565461     
   12.9758000000000        1019.89746481561     
   12.9853400000000        1017.65221970567     
   12.9948700000000        1017.26399800614     
   13.0044000000000        1018.87169133097     
   13.0139300000000        1022.16694479502     
   13.0234600000000        1026.77567851044     
   13.0329800000000        1031.98929997675     
   13.0425000000000        1036.73418109537     
   13.0520100000000        1040.01942013668     
   13.0615200000000        1041.80571178130     
   13.0710300000000        1043.31325894202     
   13.0805400000000        1045.84554296781     
   13.0900400000000        1049.21025909331     
   13.0995400000000        1051.82980894338     
   13.1090400000000        1052.87873760108     
   13.1185300000000        1053.05841992881     
   13.1280200000000        1052.29782744484     
   13.1375100000000        1048.87164635766     
   13.1469900000000        1041.47685995987     
   13.1564700000000        1030.45408625782     
   13.1659500000000        1017.67513195331     
   13.1754300000000        1005.99837288921     
   13.1849000000000        997.787829066216     
   13.1943700000000        993.634345263858     
   13.2038300000000        992.451694501082     
   13.2132900000000        992.340873730441     
   13.2227500000000        991.716199533510     
   13.2322100000000        989.683828163984     
   13.2416600000000        985.740608517521     
   13.2511100000000        980.150365606105     
   13.2605500000000        974.174628941887     
   13.2700000000000        969.406629106048     
   13.2794400000000        967.404864142936     
   13.2888700000000        969.271276978412     
   13.2983100000000        974.856877863800     
   13.3077400000000        982.618501244800     
   13.3171600000000        990.763008869247     
   13.3265900000000        998.060000134293     
   13.3360100000000        1003.66855374271     
   13.3454300000000        1007.07839339849     
   13.3548400000000        1008.25273728416     
   13.3642500000000        1007.60464959419     
   13.3736600000000        1005.44077010762     
   13.3830600000000        1001.48674686843     
   13.3924700000000        995.345292430983     
   13.4018600000000        987.275449503814     
   13.4112600000000        978.113939289715     
   13.4206500000000        968.974887425937     
   13.4300400000000        960.937029227473     
   13.4394300000000        955.020785787345     
   13.4488100000000        952.034858959832     
   13.4581900000000        952.325183911044     
   13.4675600000000        955.582149184244     
   13.4769400000000        961.080301040654     
   13.4863100000000        968.389003716229     
   13.4956700000000        977.662993567335     
   13.5050400000000        989.379552554551     
   13.5144000000000        1003.72681721607     
   13.5237600000000        1020.04502744085     
   13.5331100000000        1036.80614112590     
   13.5424600000000        1052.77748503112     
   13.5518100000000        1068.14158072799     
   13.5611500000000        1084.34991970520     
   13.5704900000000        1102.85051351849     
   13.5798300000000        1123.54260223046     
   13.5891700000000        1144.22254818282     
   13.5985000000000        1161.75325615302     
   13.6078300000000        1174.07473271317     
   13.6171500000000        1180.84647150196     
   13.6264800000000        1182.91259163111     
   13.6358000000000        1181.75675323198     
   13.6451100000000        1179.19063235880     
   13.6544200000000        1176.81779317749     
   13.6637300000000        1176.01685316829     
   13.6730400000000        1177.95695606672     
   13.6823400000000        1183.10017615257     
   13.6916400000000        1190.88208094417     
   13.7009400000000        1199.62574198615     
   13.7102400000000        1206.97943155692     
   13.7195300000000        1211.32463848542     
   13.7288100000000        1212.61356484542     
   13.7381000000000        1211.38234503657     
   13.7473800000000        1207.61279452792     
   13.7566600000000        1200.84206258195     
   13.7659300000000        1190.89074045412     
   13.7752000000000        1178.31373653611     
   13.7844700000000        1164.35048507940     
   13.7937400000000        1150.02480563806     
   13.8030000000000        1135.47541114532     
   13.8122600000000        1120.49033542722     
   13.8215200000000        1105.14273948398     
   13.8307700000000        1089.48540748706     
   13.8400200000000        1073.41987114882     
   13.8492600000000        1057.22299915683     
   13.8585100000000        1041.57073111128     
   13.8677500000000        1027.06639448075     
   13.8769800000000        1013.56262173359     
   13.8862200000000        1000.56076398416     
   13.8954500000000        988.120160581096     
   13.9046800000000        976.885504410589     
   13.9139000000000        967.575904089897     
   13.9231200000000        960.136702322183     
   13.9323400000000        953.470934106998     
   13.9415500000000        946.097003609697     
   13.9507700000000        937.230917700478     
   13.9599700000000        927.407837784972     
   13.9691800000000        917.733053471687     
   13.9783800000000        908.733302210358     
   13.9875800000000        899.882339566572     
   13.9967800000000        890.543390387340     
   14.0059700000000        880.662130696807     
   14.0151600000000        870.490880409559     
   14.0243400000000        860.308314267652     
   14.0335300000000        850.307420985935     
   14.0427100000000        840.601376409782     
   14.0518800000000        831.065864777424     
   14.0610600000000        821.308715758967     
   14.0702300000000        810.847183168875     
   14.0794000000000        799.385097141798     
   14.0885600000000        787.164356216045     
   14.0977200000000        774.862434182797     
   14.1068800000000        763.323155653392     
   14.1160300000000        753.117984732349     
   14.1251800000000        744.246527657331     
   14.1343300000000        736.407497092516     
   14.1434800000000        729.381837953702     
   14.1526200000000        723.182088592933     
   14.1617600000000        717.921460746704     
   14.1708900000000        713.665912399283     
   14.1800300000000        710.228703678377     
   14.1891500000000        707.106258088183     
   14.1982800000000        703.627832320615     
   14.2074000000000        699.323493422545     
   14.2165200000000        694.060907868537     
   14.2256400000000        688.084192844897     
   14.2347500000000        681.926898572535     
   14.2438600000000        676.150475506025     
   14.2529700000000        671.208819216799     
   14.2620700000000        667.534680552917     
   14.2711800000000        665.575893499553     
   14.2802700000000        665.551328328045     
   14.2893700000000        667.140266778733     
   14.2984600000000        669.603324946346     
   14.3075500000000        672.177186823550     
   14.3166300000000        674.386606917925     
   14.3257100000000        676.122115362336     
   14.3347900000000        677.366655703353     
   14.3438700000000        677.873770550479     
   14.3529400000000        677.309565448143     
   14.3620100000000        675.690525783082     
   14.3710700000000        673.341787928027     
   14.3801400000000        670.519626039221     
   14.3892000000000        667.426247958896     
   14.3982500000000        664.286820092295     
   14.4073100000000        661.147198862144     
   14.4163600000000        657.828894002601     
   14.4254000000000        654.227433325307     
   14.4344500000000        650.519617431854     
   14.4434900000000        647.033101479420     
   14.4525200000000        643.966297838979     
   14.4615600000000        641.244759165671     
   14.4705900000000        638.569828867787     
   14.4796200000000        635.523841148846     
   14.4886400000000        631.690371084960     
   14.4976600000000        626.808311389493     
   14.5066800000000        620.999118342253     
   14.5157000000000        614.767413028519     
   14.5247100000000        608.729894677140     
   14.5337200000000        603.273033561498     
   14.5427200000000        598.415741030790     
   14.5517300000000        593.809518577569     
   14.5607300000000        589.062427779246     
   14.5697200000000        584.120041274441     
   14.5787100000000        579.372670520640     
   14.5877000000000        575.310943749739     
   14.5966900000000        572.108981970475     
   14.6056700000000        569.626063677597     
   14.6146600000000        567.756955600343     
   14.6236300000000        566.655732856938     
   14.6326100000000        566.487174451209     
   14.6415800000000        567.085119795171     
   14.6505400000000        567.896750875445     
   14.6595100000000        568.315338418047     
   14.6684700000000        568.038462008694     
   14.6774300000000        567.165562027607     
   14.6863800000000        566.068386469000     
   14.6953400000000        565.177565293494     
   14.7042800000000        564.776124098116     
   14.7132300000000        564.880098675040     
   14.7221700000000        565.295073760129     
   14.7311100000000        565.752246642254     
   14.7400500000000        565.968043915978     
   14.7489800000000        565.568669486654     
   14.7579100000000        564.110833342271     
   14.7668400000000        561.355250545908     
   14.7757600000000        557.477638377706     
   14.7846800000000        552.869521362420     
   14.7936000000000        547.835013556250     
   14.8025100000000        542.566715365663     
   14.8114200000000        537.290110974653     
   14.8203300000000        532.267458593133     
   14.8292300000000        527.655649834674     
   14.8381300000000        523.540908646992     
   14.8470300000000        520.106352149427     
   14.8559300000000        517.564023547311     
   14.8648200000000        515.903747124538     
   14.8737100000000        514.730378322535     
   14.8825900000000        513.416755091968     
   14.8914700000000        511.420312215515     
   14.9003500000000        508.461805225561     
   14.9092300000000        504.490860499865     
   14.9181000000000        499.637529162578     
   14.9269700000000        494.159879445337     
   14.9358400000000        488.386343961605     
   14.9447000000000        482.627281973670     
   14.9535600000000        477.083224592794     
   14.9624200000000        471.873314975518     
   14.9712700000000        467.120368093871     
   14.9801200000000        462.983665731971     
   14.9889700000000        459.642178789411     
   14.9978100000000        457.237351876302     
   15.0066500000000        455.800991510855     
   15.0154900000000        455.190851810590     
   15.0243300000000        455.093641163152     
   15.0331600000000        455.166812510640     
   15.0419900000000        455.242403666355     
   15.0508100000000        455.452046459498     
   15.0596300000000        456.145875896892     
   15.0684500000000        457.652887790519     
   15.0772700000000        460.116957229571     
   15.0860800000000        463.494865665950     
   15.0948900000000        467.581595044737     
   15.1037000000000        471.972374397959     
   15.1125000000000        476.143380830940     
   15.1213000000000        479.717415304524     
   15.1301000000000        482.655340703342     
   15.1388900000000        485.198598186743     
   15.1476800000000        487.636607666965     
   15.1564700000000        490.146180240881     
   15.1652500000000        492.818106185353     
   15.1740300000000        495.757509437233     
   15.1828100000000        499.115683376241     
   15.1915800000000        503.056713647344     
   15.2003500000000        507.725803517085     
   15.2091200000000        513.225154679418     
   15.2178900000000        519.614038267266     
   15.2266500000000        526.861449194367     
   15.2354100000000        534.848080772156     
   15.2441600000000        543.431069425174     
   15.2529200000000        552.651900877619     
   15.2616700000000        562.710706530269     
   15.2704100000000        573.918097926906     
   15.2791500000000        586.567755532439     
   15.2878900000000        600.841798180052     
   15.2966300000000        616.764539826184     
   15.3053600000000        634.111505504454     
   15.3140900000000        652.447192518950     
   15.3228200000000        671.199341158388     
   15.3315400000000        689.915954200113     
   15.3402600000000        708.532797678835     
   15.3489800000000        727.257488387518     
   15.3577000000000        746.307145892149     
   15.3664100000000        765.598397298198     
   15.3751200000000        784.655041686956     
   15.3838200000000        802.488546388584     
   15.3925200000000        817.854293519482     
   15.4012200000000        829.560226492508     
   15.4099200000000        836.838141740616     
   15.4186100000000        839.456511027831     
   15.4273000000000        837.645149683593     
   15.4359800000000        831.980957028811     
   15.4446700000000        823.350112032165     
   15.4533400000000        812.955389885124     
   15.4620200000000        801.950125301377     
   15.4706900000000        791.228299733970     
   15.4793600000000        781.232868652176     
   15.4880300000000        772.215584135267     
   15.4966900000000        764.454170347997     
   15.5053500000000        758.195791383329     
   15.5140100000000        753.453170470551     
   15.5226700000000        749.801352160209     
   15.5313200000000        746.478147497537     
   15.5399600000000        742.754653720225     
   15.5486100000000        738.257555687996     
   15.5572500000000        733.010478035936     
   15.5658900000000        727.196413798854     
   15.5745200000000        721.030850603636     
   15.5831600000000        714.711756644632     
   15.5917900000000        708.484422349802     
   15.6004100000000        702.527325840487     
   15.6090300000000        696.829700401668     
   15.6176500000000        691.172817480024     
   15.6262700000000        685.266965994973     
   15.6348800000000        678.935665546625     
   15.6434900000000        672.113860529606     
   15.6521000000000        664.741374423430     
   15.6607000000000        656.659016026020     
   15.6693000000000        647.613589295293     
   15.6779000000000        637.422404632187     
   15.6864900000000        626.112472113662     
   15.6950800000000        613.942796192279     
   15.7036700000000        601.417769250551     
   15.7122600000000        589.166674062455     
   15.7208400000000        577.791752598068     
   15.7294100000000        567.686670141217     
   15.7379900000000        558.957603354733     
   15.7465600000000        551.506370068283     
   15.7551300000000        545.053599685466     
   15.7637000000000        539.318724422759     
   15.7722600000000        534.123834052849     
   15.7808200000000        529.391654955610     
   15.7893700000000        525.102643389151     
   15.7979300000000        521.188652184199     
   15.8064700000000        517.546938835933     
   15.8150200000000        514.028058853857     
   15.8235600000000        510.529221973790     
   15.8321000000000        506.993080998968     
   15.8406400000000        503.467102468928     
   15.8491800000000        500.113042002916     
   15.8577100000000        497.146105252009     
   15.8662300000000        494.753351195857     
   15.8747600000000        493.090936394820     
   15.8832800000000        492.316371344936     
   15.8918000000000        492.549670697770     
   15.9003100000000        493.835464378461     
   15.9088200000000        496.126307130923     
   15.9173300000000        499.304473986458     
   15.9258400000000        503.240701557047     
   15.9343400000000        507.846839677986     
   15.9428400000000        513.093733605406     
   15.9513300000000        518.944345107208     
   15.9598300000000        525.375706113529     
   15.9683100000000        532.385150678446     
   15.9768000000000        540.156211736643     
   15.9852800000000        548.981102065097     
   15.9937600000000        559.242830202149     
   16.0022400000000        571.225859789252     
   16.0107100000000        584.955816264456     
   16.0191800000000        600.159717003054     
   16.0276500000000        616.232402718490     
   16.0361200000000        632.365201904939     
   16.0445800000000        647.698331270165     
   16.0530300000000        661.498533761336     
   16.0614900000000        673.236696343823     
   16.0699400000000        682.529503481360     
   16.0783900000000        689.223414689825     
   16.0868300000000        693.238735222496     
   16.0952800000000        694.471978689188     
   16.1037100000000        692.722132597852     
   16.1121500000000        687.788517297053     
   16.1205800000000        679.660425854044     
   16.1290100000000        668.602544433345     
   16.1374400000000        655.135625374028     
   16.1458600000000        639.908747192011     
   16.1542800000000        623.523731848613     
   16.1627000000000        606.555006900662     
   16.1711100000000        589.574431563821     
   16.1795200000000        573.088259057669     
   16.1879300000000        557.563163285032     
   16.1963300000000        543.385766705873     
   16.2047300000000        530.798880965869     
   16.2131300000000        519.958660009339     
   16.2215200000000        510.906845898669     
   16.2299100000000        503.493013330514     
   16.2383000000000        497.382437872079     
   16.2466900000000        492.068573888867     
   16.2550700000000        486.961991913000     
   16.2634500000000        481.486998785614     
   16.2718200000000        475.226881042823     
   16.2802000000000        467.974962085408     
   16.2885600000000        459.799945414712     
   16.2969300000000        450.842403820799     
   16.3052900000000        441.285707966319     
   16.3136500000000        431.216514405591     
   16.3220100000000        420.701818065366     
   16.3303600000000        409.858845274692     
   16.3387100000000        398.849727467277     
   16.3470600000000        387.901953042443     
   16.3554000000000        377.262022734542     
   16.3637400000000        367.109380951052     
   16.3720800000000        357.555591880974     
   16.3804200000000        348.596662666261     
   16.3887500000000        340.116211935478     
   16.3970700000000        331.916989163615     
   16.4054000000000        323.812554624947     
   16.4137200000000        315.766747666691     
   16.4220400000000        307.839130641237     
   16.4303500000000        300.193906459572     
   16.4386700000000        293.007178113070     
   16.4469700000000        286.500995423720     
   16.4552800000000        280.813220316182     
   16.4635800000000        276.040390526869     
   16.4718800000000        272.148036733870     
   16.4801800000000        269.016919793016     
   16.4884700000000        266.506323404299     
   16.4967600000000        264.511360308639     
   16.5050500000000        262.981078868435     
   16.5133300000000        261.868806551106     
   16.5216100000000        261.086124755324     
   16.5298900000000        260.510520970257     
   16.5381600000000        260.017142757074     
   16.5464300000000        259.508172409817     
   16.5547000000000        258.925713856429     
   16.5629700000000        258.241167492353     
   16.5712300000000        257.433996775956     
   16.5794900000000        256.471151657296     
   16.5877400000000        255.311989528459     
   16.5959900000000        253.920494245598     
   16.6042400000000        252.283604795146     
   16.6124900000000        250.407991932159     
   16.6207300000000        248.309741660085     
   16.6289700000000        245.998774195522     
   16.6372000000000        243.488148314867     
   16.6454400000000        240.779439844367     
   16.6536700000000        237.887682193047     
   16.6618900000000        234.833698611893     
   16.6701200000000        231.656628657857     
   16.6783400000000        228.447254466406     
   16.6865500000000        225.324875960137     
   16.6947700000000        222.422781527406     
   16.7029800000000        219.882355466735     
   16.7111900000000        217.797994428215     
   16.7193900000000        216.214510575702     
   16.7275900000000        215.113255469580     
   16.7357900000000        214.425321664251     
   16.7439800000000        214.038517660145     
   16.7521800000000        213.807522588672     
   16.7603600000000        213.576500754084     
   16.7685500000000        213.210353464557     
   16.7767300000000        212.644897778721     
   16.7849100000000        211.919298626933     
   16.7930900000000        211.174021027338     
   16.8012600000000        210.599638660603     
   16.8094300000000        210.355791053897     
   16.8175900000000        210.505474709935     
   16.8257600000000        210.985132982858     
   16.8339200000000        211.615266442374     
   16.8420700000000        212.147896827026     
   16.8502300000000        212.332590937630     
   16.8583800000000        211.985888436320     
   16.8665300000000        211.046820550295     
   16.8746700000000        209.583807593494     
   16.8828100000000        207.746165540998     
   16.8909500000000        205.700250518803     
   16.8990800000000        203.570254348556     
   16.9072100000000        201.393615140004     
   16.9153400000000        199.125350125144     
   16.9234700000000        196.669068862741     
   16.9315900000000        193.939216517308     
   16.9397100000000        190.905757042578     
   16.9478200000000        187.631744550527     
   16.9559400000000        184.244410702575     
   16.9640500000000        180.933548494104     
   16.9721500000000        177.889826520263     
   16.9802600000000        175.270853266566     
   16.9883600000000        173.190371786146     
   16.9964500000000        171.675140957893     
   17.0045500000000        170.667316887150     
   17.0126400000000        170.044879516970     
   17.0207200000000        169.637903939251     
   17.0288100000000        169.269300644077     
   17.0368900000000        168.798095972361     
   17.0449700000000        168.146266594810     
   17.0530400000000        167.304670349292     
   17.0611100000000        166.304644046990     
   17.0691800000000        165.184297374590     
