   7.15970000000000       9.422658813122874E-002
   7.17100000000000       9.163411104925658E-002
   7.18231000000000       0.110291985838423     
   7.19360000000000       0.128491375674309     
   7.20490000000000       0.130833019206898     
   7.21619000000000       0.128448453745742     
   7.22748000000000       0.117383939234077     
   7.23877000000000       0.118110801175827     
   7.25005000000000       0.127943742797566     
   7.26133000000000       0.127659811829834     
   7.27261000000000       0.131969249004878     
   7.28388000000000       0.124575638331749     
   7.29515000000000       0.135418631253509     
   7.30642000000000       0.157508814195325     
   7.31768000000000       0.180379420882522     
   7.32894000000000       0.203816009571148     
   7.34020000000000       0.202191309157835     
   7.35146000000000       0.197507961530738     
   7.36271000000000       0.198475838930051     
   7.37396000000000       0.179104792982765     
   7.38520000000000       0.155504001081673     
   7.39644000000000       0.125188719489675     
   7.40768000000000       0.114416420042456     
   7.41892000000000       0.131356898997456     
   7.43015000000000       0.165401060953288     
   7.44138000000000       0.182286439518222     
   7.45261000000000       0.184769965896450     
   7.46383000000000       0.161914953956191     
   7.47505000000000       0.143208040551240     
   7.48626000000000       0.134980680767171     
   7.49748000000000       0.142478739601237     
   7.50869000000000       0.144763247422682     
   7.51990000000000       0.163679036879261     
   7.53110000000000       0.193234211082516     
   7.54230000000000       0.213101363457897     
   7.55350000000000       0.225200186762159     
   7.56469000000000       0.264408493125720     
   7.57588000000000       0.291065833144799     
   7.58707000000000       0.296724618587168     
   7.59826000000000       0.295636849287802     
   7.60944000000000       0.301562481483210     
   7.62062000000000       0.303347398264348     
   7.63179000000000       0.291429966479321     
   7.64296000000000       0.271373458789760     
   7.65413000000000       0.258021505310935     
   7.66530000000000       0.219706199031231     
   7.67646000000000       0.187826471743602     
   7.68762000000000       0.169624749173716     
   7.69878000000000       0.169008621262727     
   7.70993000000000       0.180483252701388     
   7.72108000000000       0.204998840590154     
   7.73223000000000       0.232549413439399     
   7.74337000000000       0.228039280454476     
   7.75451000000000       0.235418927610701     
   7.76565000000000       0.258953291988525     
   7.77678000000000       0.273392611113852     
   7.78791000000000       0.267386300288787     
   7.79904000000000       0.264157079833611     
   7.81017000000000       0.266424666151564     
   7.82129000000000       0.271149772449017     
   7.83241000000000       0.284846040265089     
   7.84352000000000       0.294143794817039     
   7.85463000000000       0.296195679237808     
   7.86574000000000       0.279600228368908     
   7.87685000000000       0.260483420750224     
   7.88795000000000       0.251187640268512     
   7.89905000000000       0.260147833632410     
   7.91015000000000       0.271426701611510     
   7.92124000000000       0.272953045326905     
   7.93233000000000       0.282176246070629     
   7.94342000000000       0.292342120197959     
   7.95450000000000       0.296850055393244     
   7.96558000000000       0.316214569247147     
   7.97666000000000       0.348075703885446     
   7.98773000000000       0.357406703453847     
   7.99880000000000       0.337134309391057     
   8.00987000000000       0.319870276354524     
   8.02093000000000       0.318194371625156     
   8.03200000000000       0.319454574030918     
   8.04305000000000       0.326683495988434     
   8.05411000000000       0.331214693502008     
   8.06516000000000       0.340014322784799     
   8.07621000000000       0.359174678114932     
   8.08726000000000       0.367230250372077     
   8.09830000000000       0.363560549598452     
   8.10934000000000       0.369960256785772     
   8.12037000000000       0.393968947197753     
   8.13141000000000       0.416989103070593     
   8.14244000000000       0.430804758062160     
   8.15346000000000       0.441209018829965     
   8.16449000000000       0.436992411288382     
   8.17551000000000       0.437725445192994     
   8.18652000000000       0.448497906631964     
   8.19754000000000       0.443914803715949     
   8.20855000000000       0.427536235110226     
   8.21955000000000       0.388930190457073     
   8.23056000000000       0.338618142064644     
   8.24156000000000       0.305905485927873     
   8.25256000000000       0.296699907095365     
   8.26355000000000       0.311738771625239     
   8.27454000000000       0.324122071780608     
   8.28553000000000       0.323928333673079     
   8.29652000000000       0.322396382873931     
   8.30750000000000       0.333702332976241     
   8.31848000000000       0.354737147417683     
   8.32946000000000       0.385375972445986     
   8.34043000000000       0.414364529745515     
   8.35140000000000       0.448895708620770     
   8.36236000000000       0.468859921985386     
   8.37333000000000       0.458174888633641     
   8.38429000000000       0.443230256226777     
   8.39524000000000       0.465781793328199     
   8.40620000000000       0.499205562160530     
   8.41715000000000       0.537069109813284     
   8.42810000000000       0.574264470025575     
   8.43904000000000       0.591864334186710     
   8.44998000000000       0.599478876687189     
   8.46092000000000       0.583007696909837     
   8.47185000000000       0.565285202390949     
   8.48278000000000       0.581578570098373     
   8.49371000000000       0.638972719251776     
   8.50464000000000       0.656391914727936     
   8.51556000000000       0.632765491258603     
   8.52648000000000       0.612391095552670     
   8.53739000000000       0.572808214108965     
   8.54831000000000       0.571054046981812     
   8.55922000000000       0.588372937520502     
   8.57012000000000       0.601394836383586     
   8.58103000000000       0.616105980968588     
   8.59193000000000       0.637219013748301     
   8.60282000000000       0.656634495426850     
   8.61372000000000       0.640589052183107     
   8.62461000000000       0.603226106496187     
   8.63549000000000       0.576978811606076     
   8.64638000000000       0.588653972382659     
   8.65726000000000       0.610634039859980     
   8.66814000000000       0.669820701771099     
   8.67901000000000       0.760598594951838     
   8.68988000000000       0.808765161507098     
   8.70075000000000       0.821943835962318     
   8.71161000000000       0.864146304795124     
   8.72248000000000       0.908978629786962     
   8.73333000000000       0.919294090928130     
   8.74419000000000       0.896198953498605     
   8.75504000000000       0.837798505473842     
   8.76589000000000       0.784576035925265     
   8.77674000000000       0.747013071275034     
   8.78758000000000       0.743335931572217     
   8.79842000000000       0.738586465689543     
   8.80926000000000       0.741720764365956     
   8.82009000000000       0.765316991194691     
   8.83092000000000       0.811058189019768     
   8.84175000000000       0.889185683260283     
   8.85257000000000       0.974608134836391     
   8.86339000000000       0.956956548296129     
   8.87421000000000       0.919291268825557     
   8.88502000000000       0.942910496007674     
   8.89583000000000       0.956766901545352     
   8.90664000000000       0.929431759833280     
   8.91745000000000       0.870224476059419     
   8.92825000000000       0.874961775506394     
   8.93905000000000       0.961304981499103     
   8.94984000000000        1.03910448036624     
   8.96063000000000        1.08039243992027     
   8.97142000000000        1.12957676270769     
   8.98221000000000        1.20092887732817     
   8.99299000000000        1.27837637425144     
   9.00377000000000        1.33546671443147     
   9.01455000000000        1.33169096610606     
   9.02532000000000        1.33642725195535     
   9.03609000000000        1.37379629968503     
   9.04686000000000        1.34514221507710     
   9.05762000000000        1.24793056827815     
   9.06838000000000        1.14509045867322     
   9.07914000000000        1.06160863838418     
   9.08989000000000        1.02867478153396     
   9.10064000000000        1.07415274036874     
   9.11139000000000        1.22597540026584     
   9.12214000000000        1.43605039163355     
   9.13288000000000        1.60099197624985     
   9.14362000000000        1.67335496964195     
   9.15435000000000        1.86442116419008     
   9.16508000000000        2.10578199225587     
   9.17581000000000        2.23572581212513     
   9.18654000000000        2.26231418345227     
   9.19726000000000        2.17486588500791     
   9.20798000000000        2.17425379882832     
   9.21870000000000        2.33181967282662     
   9.22941000000000        2.57178446086464     
   9.24012000000000        2.64784571656242     
   9.25082000000000        2.54891660592044     
   9.26153000000000        2.44765407124602     
   9.27223000000000        2.39164768095622     
   9.28293000000000        2.38551887680049     
   9.29362000000000        2.33740769783683     
   9.30431000000000        2.34460255811211     
   9.31500000000000        2.39141331330996     
   9.32568000000000        2.33911560030441     
   9.33636000000000        2.31416354636357     
   9.34704000000000        2.34179062404746     
   9.35772000000000        2.40258479195201     
   9.36839000000000        2.39742298489629     
   9.37906000000000        2.36072831233861     
   9.38972000000000        2.47752727665761     
   9.40038000000000        2.70180633005612     
   9.41104000000000        2.92243603509739     
   9.42170000000000        3.07930959296384     
   9.43235000000000        3.21563874883218     
   9.44300000000000        3.46775942813926     
   9.45365000000000        3.75836546060752     
   9.46429000000000        4.06362261723405     
   9.47493000000000        4.26455271334267     
   9.48557000000000        4.20092839227635     
   9.49620000000000        4.01207970021920     
   9.50683000000000        3.94661826681836     
   9.51746000000000        4.10193392706636     
   9.52808000000000        4.14999033461211     
   9.53871000000000        3.95803317196641     
   9.54932000000000        3.64902274869720     
   9.55994000000000        3.39449666828611     
   9.57055000000000        3.37735823998565     
   9.58116000000000        3.61244021167061     
   9.59176000000000        3.98159308010253     
   9.60237000000000        4.21979655000989     
   9.61296000000000        4.26895502480888     
   9.62356000000000        4.41281116386579     
   9.63415000000000        4.58947057143074     
   9.64474000000000        4.61345740473736     
   9.65533000000000        4.55358452015119     
   9.66591000000000        4.42414620691881     
   9.67649000000000        4.24913587954048     
   9.68707000000000        3.98860038156825     
   9.69764000000000        3.58762737250077     
   9.70821000000000        3.37310273654041     
   9.71878000000000        3.42019828600770     
   9.72934000000000        3.58416988490489     
   9.73990000000000        3.78039738511822     
   9.75046000000000        3.89033288259504     
   9.76102000000000        4.10860058542848     
   9.77157000000000        4.52521713302161     
   9.78212000000000        4.90903820671575     
   9.79266000000000        5.23137601057665     
   9.80320000000000        5.49518197725396     
   9.81374000000000        5.67341260871744     
   9.82428000000000        5.89972648989422     
   9.83481000000000        6.11210244102047     
   9.84534000000000        6.24326569190315     
   9.85586000000000        6.23826246149572     
   9.86639000000000        5.87030642778097     
   9.87691000000000        5.30530287243998     
   9.88742000000000        4.77310090737241     
   9.89794000000000        4.34028607109554     
   9.90845000000000        4.05022115414164     
   9.91895000000000        3.82004660768817     
   9.92946000000000        3.52224811465360     
   9.93996000000000        3.23047962791306     
   9.95046000000000        3.07348674557669     
   9.96095000000000        3.06459198189786     
   9.97144000000000        3.06524176793178     
   9.98193000000000        3.03237559010921     
   9.99242000000000        3.02255596880530     
   10.0029000000000        3.04410412797859     
   10.0133800000000        3.03172852803946     
   10.0238500000000        3.02275126152902     
   10.0343200000000        3.06530898197701     
   10.0447900000000        3.16582482993417     
   10.0552600000000        3.31757738849417     
   10.0657200000000        3.39191601666920     
   10.0761800000000        3.32376318133294     
   10.0866400000000        3.24772103092661     
   10.0970900000000        3.23370642158513     
   10.1075400000000        3.36869792344355     
   10.1179900000000        3.64420406737636     
   10.1284300000000        3.93869457427553     
   10.1388700000000        4.22228765380132     
   10.1493100000000        4.45768159735902     
   10.1597400000000        4.68700964925258     
   10.1701700000000        4.97288234703018     
   10.1806000000000        5.26561172943297     
   10.1910300000000        5.39154630975637     
   10.2014500000000        5.33463076245940     
   10.2118700000000        5.13235370719082     
   10.2222800000000        4.89457769053310     
   10.2326900000000        4.71723808668053     
   10.2431000000000        4.68275804315702     
   10.2535100000000        4.75969185039375     
   10.2639100000000        4.84951751319594     
   10.2743100000000        4.88023943618518     
   10.2847100000000        4.84147749417440     
   10.2951000000000        4.77532357096642     
   10.3054900000000        4.66790160415510     
   10.3158800000000        4.53145520419575     
   10.3262600000000        4.33704564783684     
   10.3366400000000        4.11548513097700     
   10.3470200000000        3.98326120917451     
   10.3573900000000        3.95341449395665     
   10.3677600000000        3.95401548715524     
   10.3781300000000        3.94335430613252     
   10.3884900000000        3.91262908401406     
   10.3988600000000        3.85511690296299     
   10.4092100000000        3.84600273407218     
   10.4195700000000        3.90592429831657     
   10.4299200000000        3.99150898971024     
   10.4402700000000        4.08275794071142     
   10.4506100000000        4.21359928974041     
   10.4609600000000        4.40041700502080     
   10.4713000000000        4.69141372258122     
   10.4816300000000        5.06467861813422     
   10.4919600000000        5.41587920027341     
   10.5022900000000        5.66031199217232     
   10.5126200000000        5.78745456844886     
   10.5229400000000        5.91382418319050     
   10.5332600000000        6.09591377821670     
   10.5435800000000        6.31579321233150     
   10.5539000000000        6.51856773722455     
   10.5642100000000        6.54564970243430     
   10.5745100000000        6.28901641542889     
   10.5848200000000        5.79810335421061     
   10.5951200000000        5.17476235298245     
   10.6054200000000        4.53728834017369     
   10.6157100000000        3.99919097016525     
   10.6260000000000        3.55015854277215     
   10.6362900000000        3.12647019262469     
   10.6465800000000        2.68734818608668     
   10.6568600000000        2.26692811254566     
   10.6671400000000        1.93202687765960     
   10.6774100000000        1.71707236220694     
   10.6876900000000        1.61497241429071     
   10.6979600000000        1.60348334244499     
   10.7082200000000        1.66247965329205     
   10.7184900000000        1.79697364593866     
   10.7287500000000        1.99266814525263     
   10.7390000000000        2.20679560600675     
   10.7492600000000        2.42859958596330     
   10.7595100000000        2.63757344477100     
   10.7697500000000        2.82045625085308     
   10.7800000000000        3.01879283122392     
   10.7902400000000        3.26323195598737     
   10.8004800000000        3.43322466560580     
   10.8107100000000        3.44134754030834     
   10.8209400000000        3.34908308356435     
   10.8311700000000        3.17798913400796     
   10.8414000000000        2.93832708067317     
   10.8516200000000        2.69070968628122     
   10.8618400000000        2.47242464582943     
   10.8720500000000        2.29825672283089     
   10.8822700000000        2.16018888040612     
   10.8924800000000        2.04812091719868     
   10.9026800000000        1.97763379133678     
   10.9128800000000        1.95038728757569     
   10.9230800000000        1.97281006597705     
   10.9332800000000        2.02996508336632     
   10.9434700000000        2.07726087372365     
   10.9536600000000        2.07830965728661     
   10.9638500000000        2.04697955819313     
   10.9740400000000        2.01204786875576     
   10.9842200000000        1.96960370010913     
   10.9943900000000        1.90433827941233     
   11.0045700000000        1.81661479038400     
   11.0147400000000        1.71852446103985     
   11.0249100000000        1.63924856762372     
   11.0350700000000        1.59363319587171     
   11.0452300000000        1.56716488943765     
   11.0553900000000        1.53987440430532     
   11.0655500000000        1.49122719966168     
   11.0757000000000        1.43390030350967     
   11.0858500000000        1.39459009531968     
   11.0960000000000        1.38700033299653     
   11.1061400000000        1.41147286798389     
   11.1162800000000        1.46751762605342     
   11.1264200000000        1.58065856975311     
   11.1365500000000        1.78099174691077     
   11.1466800000000        2.05229111958855     
   11.1568100000000        2.29187904287889     
   11.1669300000000        2.40146105484393     
   11.1770500000000        2.41316121010413     
   11.1871700000000        2.41921561537453     
   11.1972800000000        2.49540875749183     
   11.2073900000000        2.63929349586258     
   11.2175000000000        2.76852311554072     
   11.2276100000000        2.85311187676281     
   11.2377100000000        2.92607676133982     
   11.2478100000000        2.99583881020444     
   11.2579000000000        3.07183172377828     
   11.2679900000000        3.17831372783491     
   11.2780800000000        3.33340138359065     
   11.2881700000000        3.54886605278171     
   11.2982500000000        3.81355404474395     
   11.3083300000000        4.11644048629672     
   11.3184100000000        4.44426501922712     
   11.3284800000000        4.77892448456433     
   11.3385500000000        5.16780576282040     
   11.3486200000000        5.59339766948021     
   11.3586800000000        5.86652420711275     
   11.3687400000000        5.94890351886657     
   11.3788000000000        6.02403024882229     
   11.3888500000000        6.21391624374495     
   11.3989000000000        6.56374102757147     
   11.4089500000000        7.00893808192870     
   11.4189900000000        7.39905639438921     
   11.4290400000000        7.61399041286530     
   11.4390700000000        7.44367945053796     
   11.4491100000000        6.86065896151208     
   11.4591400000000        6.28452602707391     
   11.4691700000000        6.06031307465416     
   11.4792000000000        6.22892796790710     
   11.4892200000000        6.59500674424590     
   11.4992400000000        6.82554339803364     
   11.5092500000000        6.76452164814155     
   11.5192700000000        6.46551423675101     
   11.5292800000000        6.05080574589549     
   11.5392800000000        5.74593029818560     
   11.5492900000000        5.69867759893170     
   11.5592900000000        5.92020074392355     
   11.5692800000000        6.28423600166692     
   11.5792800000000        6.56345073969018     
   11.5892700000000        6.67923580771699     
   11.5992600000000        6.77804988144838     
   11.6092400000000        6.93340909732472     
   11.6192200000000        7.10046439557178     
   11.6292000000000        7.26108867640837     
   11.6391700000000        7.46679737356602     
   11.6491500000000        7.79767855292954     
   11.6591200000000        8.30140841819093     
   11.6690800000000        8.91323109949491     
   11.6790400000000        9.52375857319900     
   11.6890000000000        10.1454101280339     
   11.6989600000000        10.8650815544415     
   11.7089100000000        11.6935516903259     
   11.7188600000000        12.5589116401601     
   11.7288100000000        13.4151711869871     
   11.7387500000000        14.2979958443582     
   11.7486900000000        15.1654792461767     
   11.7586300000000        15.8488381754415     
   11.7685600000000        16.3566700263867     
   11.7784900000000        16.9116339466550     
   11.7884200000000        17.6668551093820     
   11.7983400000000        18.5646837667981     
   11.8082600000000        19.3578048257317     
   11.8181800000000        19.7687052933009     
   11.8281000000000        19.7223377371588     
   11.8380100000000        19.3166591264109     
   11.8479200000000        18.6933110101638     
   11.8578200000000        18.1116985883219     
   11.8677200000000        17.8072734755947     
   11.8776200000000        17.7792814967495     
   11.8875200000000        17.9375083516306     
   11.8974100000000        18.1751916372830     
   11.9073000000000        18.1983908641799     
   11.9171900000000        17.7431732965110     
   11.9270700000000        16.8911830443557     
   11.9369500000000        15.9872275276607     
   11.9468300000000        15.4156365123480     
   11.9567000000000        15.3620940693687     
   11.9665700000000        15.6382984511892     
   11.9764400000000        15.8486157756957     
   11.9863000000000        15.7233945579502     
   11.9961600000000        15.1812267996553     
   12.0060200000000        14.3114426237656     
   12.0158700000000        13.4031042140135     
   12.0257300000000        12.7558201457185     
   12.0355700000000        12.4840164407059     
   12.0454200000000        12.5454407904854     
   12.0552600000000        12.8335121879048     
   12.0651000000000        13.1734322784597     
   12.0749400000000        13.4335665258642     
   12.0847700000000        13.6618656142197     
   12.0946000000000        13.9697048065938     
   12.1044200000000        14.3921580517045     
   12.1142500000000        14.9248375577271     
   12.1240700000000        15.5624937059821     
   12.1338800000000        16.2812689623450     
   12.1437000000000        16.9931279970499     
   12.1535100000000        17.5878558400540     
   12.1633100000000        18.0504357275084     
   12.1731200000000        18.4291283794773     
   12.1829200000000        18.7090485836625     
   12.1927200000000        18.9276195501899     
   12.2025100000000        19.2599165319756     
   12.2123000000000        19.7361852225369     
   12.2220900000000        20.1447494011330     
   12.2318700000000        20.3065999329606     
   12.2416600000000        20.1558730825844     
   12.2514300000000        19.5952334947375     
   12.2612100000000        18.6807050628966     
   12.2709800000000        17.7401626154564     
   12.2807500000000        16.9919843386690     
   12.2905200000000        16.3468303613741     
   12.3002800000000        15.6196263879867     
   12.3100400000000        14.7321436058535     
   12.3198000000000        13.6604686115369     
   12.3295500000000        12.4320603294546     
   12.3393000000000        11.2295843214384     
   12.3490500000000        10.2733363546796     
   12.3587900000000        9.62240884625304     
   12.3685300000000        9.18245949145113     
   12.3782700000000        8.83654131832042     
   12.3880000000000        8.54214456892399     
   12.3977300000000        8.33797469751594     
   12.4074600000000        8.25973826108990     
   12.4171800000000        8.29469071941533     
   12.4269100000000        8.40087627392762     
   12.4366200000000        8.54708961713638     
   12.4463400000000        8.75330991936424     
   12.4560500000000        9.07615231811970     
   12.4657600000000        9.54786422775320     
   12.4754700000000        10.1095342044615     
   12.4851700000000        10.5911032563282     
   12.4948700000000        10.8621237183211     
   12.5045600000000        10.9651184914367     
   12.5142600000000        11.0304779681833     
   12.5239500000000        11.2117541352166     
   12.5336300000000        11.6424266459014     
   12.5433200000000        12.3647807167440     
   12.5530000000000        13.3032998430392     
   12.5626800000000        14.2599214855906     
   12.5723500000000        14.9448498344733     
   12.5820200000000        15.1583986819339     
   12.5916900000000        14.9575006644185     
   12.6013500000000        14.5553255377727     
   12.6110100000000        14.1554670729435     
   12.6206700000000        13.9352128335888     
   12.6303300000000        13.9598431388509     
   12.6399800000000        14.0804375104265     
   12.6496300000000        14.0650451336964     
   12.6592700000000        13.8588681209704     
   12.6689200000000        13.5551390367359     
   12.6785500000000        13.2122927649970     
   12.6881900000000        12.8786037712033     
   12.6978200000000        12.6569766210301     
   12.7074500000000        12.6231704276056     
   12.7170800000000        12.7642425665884     
   12.7267000000000        13.0088222479101     
   12.7363200000000        13.2417418454184     
   12.7459400000000        13.3280576986056     
   12.7555500000000        13.2096677498329     
   12.7651600000000        12.9863493175120     
   12.7747700000000        12.8403197987479     
   12.7843800000000        12.8505148794993     
   12.7939800000000        12.9300448349259     
   12.8035800000000        12.9326088316082     
   12.8131700000000        12.7544131603022     
   12.8227600000000        12.3767926520613     
   12.8323500000000        11.8567843769787     
   12.8419400000000        11.2822706761979     
   12.8515200000000        10.7489336406765     
   12.8611000000000        10.3579136525281     
   12.8706700000000        10.1922065407233     
   12.8802500000000        10.2797847993660     
   12.8898100000000        10.5924044599453     
   12.8993800000000        11.0603334781120     
   12.9089400000000        11.5706624584800     
   12.9185000000000        11.9849654468563     
   12.9280600000000        12.2015604275296     
   12.9376100000000        12.2266733616342     
   12.9471700000000        12.1648731951178     
   12.9567100000000        12.1051190601032     
   12.9662600000000        12.0389189406883     
   12.9758000000000        11.9702226735227     
   12.9853400000000        11.9990071899780     
   12.9948700000000        12.2122893497210     
   13.0044000000000        12.5974338687849     
   13.0139300000000        13.0601650149032     
   13.0234600000000        13.4993417207983     
   13.0329800000000        13.8546799023535     
   13.0425000000000        14.0542857075765     
   13.0520100000000        14.0387762765087     
   13.0615200000000        13.8723108679745     
   13.0710300000000        13.6754004900895     
   13.0805400000000        13.4782610121415     
   13.0900400000000        13.2508824383972     
   13.0995400000000        13.0146373520526     
   13.1090400000000        12.8429128838229     
   13.1185300000000        12.7608362567393     
   13.1280200000000        12.6992444701278     
   13.1375100000000        12.5927652609448     
   13.1469900000000        12.4475664330839     
   13.1564700000000        12.2785697806928     
   13.1659500000000        12.0551821604192     
   13.1754300000000        11.7421002339537     
   13.1849000000000        11.3460687964595     
   13.1943700000000        10.9006158484541     
   13.2038300000000        10.4202086800988     
   13.2132900000000        9.89345041815959     
   13.2227500000000        9.34088662410480     
   13.2322100000000        8.81710744094218     
   13.2416600000000        8.34148469724680     
   13.2511100000000        7.88527057822656     
   13.2605500000000        7.43000555317458     
   13.2700000000000        6.98212187533601     
   13.2794400000000        6.56503308596591     
   13.2888700000000        6.21369557059377     
   13.2983100000000        5.95566636190865     
   13.3077400000000        5.78758910260442     
   13.3171600000000        5.66148228407037     
   13.3265900000000        5.50656203012083     
   13.3360100000000        5.29074899772748     
   13.3454300000000        5.04749756948389     
   13.3548400000000        4.82798247767228     
   13.3642500000000        4.65174381847214     
   13.3736600000000        4.50484822874442     
   13.3830600000000        4.36736031159317     
   13.3924700000000        4.23528721630071     
   13.4018600000000        4.11509629985483     
   13.4112600000000        4.00814189945653     
   13.4206500000000        3.91140390743530     
   13.4300400000000        3.82478991549857     
   13.4394300000000        3.75486129622468     
   13.4488100000000        3.70994259991612     
   13.4581900000000        3.69601003092732     
   13.4675600000000        3.71307267932579     
   13.4769400000000        3.74924509034740     
   13.4863100000000        3.78531923036655     
   13.4956700000000        3.80982327975500     
   13.5050400000000        3.82223645566199     
   13.5144000000000        3.82394467544890     
   13.5237600000000        3.81416389569773     
   13.5331100000000        3.79309258981742     
   13.5424600000000        3.76715137830572     
   13.5518100000000        3.75222733476852     
   13.5611500000000        3.76914886894720     
   13.5704900000000        3.83349558674721     
   13.5798300000000        3.94631174519876     
   13.5891700000000        4.08950351787472     
   13.5985000000000        4.23510494873976     
   13.6078300000000        4.36576059117593     
   13.6171500000000        4.47717453055516     
   13.6264800000000        4.56030814133907     
   13.6358000000000        4.59696823579872     
   13.6451100000000        4.58026141876953     
   13.6544200000000        4.52394635427795     
   13.6637300000000        4.45887639894947     
   13.6730400000000        4.42203894024002     
   13.6823400000000        4.43769842417713     
   13.6916400000000        4.50573111495788     
   13.7009400000000        4.60242516996837     
   13.7102400000000        4.69222968152645     
   13.7195300000000        4.74835446731830     
   13.7288100000000        4.76399703690474     
   13.7381000000000        4.73776658220458     
   13.7473800000000        4.66317459421076     
   13.7566600000000        4.54096227634118     
   13.7659300000000        4.38415997420150     
   13.7752000000000        4.21089223619688     
   13.7844700000000        4.04026332822807     
   13.7937400000000        3.88420581156796     
   13.8030000000000        3.74363674364493     
   13.8122600000000        3.61638718026950     
   13.8215200000000        3.50416098357836     
   13.8307700000000        3.40908531077463     
   13.8400200000000        3.33107543674568     
   13.8492600000000        3.27123011010290     
   13.8585100000000        3.23243758248122     
   13.8677500000000        3.21650383235855     
   13.8769800000000        3.22077808636838     
   13.8862200000000        3.23782708722834     
   13.8954500000000        3.25714110864035     
   13.9046800000000        3.27126056340628     
   13.9139000000000        3.28220571619089     
   13.9231200000000        3.29843607722520     
   13.9323400000000        3.32551746505864     
   13.9415500000000        3.36231974397848     
   13.9507700000000        3.40547110063073     
   13.9599700000000        3.45569801250153     
   13.9691800000000        3.51942162144542     
   13.9783800000000        3.60174994561240     
   13.9875800000000        3.70161761330174     
   13.9967800000000        3.81459682871813     
   14.0059700000000        3.94021913496357     
   14.0151600000000        4.08573765938119     
   14.0243400000000        4.26402161706617     
   14.0335300000000        4.49100442104590     
   14.0427100000000        4.77897495553407     
   14.0518800000000        5.13506845933486     
   14.0610600000000        5.56283446296143     
   14.0702300000000        6.05352012181486     
   14.0794000000000        6.57620991257041     
   14.0885600000000        7.07399968026164     
   14.0977200000000        7.48376047805606     
   14.1068800000000        7.76275174906119     
   14.1160300000000        7.91837633480660     
   14.1251800000000        8.01976143137443     
   14.1343300000000        8.17469316102959     
   14.1434800000000        8.48537238173867     
   14.1526200000000        9.01466493637758     
   14.1617600000000        9.77976745983537     
   14.1708900000000        10.7542342785455     
   14.1800300000000        11.8723685532628     
   14.1891500000000        13.0045291151421     
   14.1982800000000        13.9684260968104     
   14.2074000000000        14.5835131248989     
   14.2165200000000        14.7924275932991     
   14.2256400000000        14.6978005786333     
   14.2347500000000        14.4776452025007     
   14.2438600000000        14.2598174956968     
   14.2529700000000        14.0769254419996     
   14.2620700000000        13.9188774754360     
   14.2711800000000        13.8019179357396     
   14.2802700000000        13.7580542684929     
   14.2893700000000        13.7660287503656     
   14.2984600000000        13.7464717606587     
   14.3075500000000        13.6395942962585     
   14.3166300000000        13.4671710229860     
   14.3257100000000        13.2919080805092     
   14.3347900000000        13.1182167042738     
   14.3438700000000        12.8609032412381     
   14.3529400000000        12.4271292373186     
   14.3620100000000        11.8090148744330     
   14.3710700000000        11.0913359128557     
   14.3801400000000        10.3935847944214     
   14.3892000000000        9.82474700370938     
   14.3982500000000        9.44898571087297     
   14.4073100000000        9.27688479253584     
   14.4163600000000        9.26605799789477     
   14.4254000000000        9.32428229551832     
   14.4344500000000        9.33704859300246     
   14.4434900000000        9.22192892768940     
   14.4525200000000        8.97150476554619     
   14.4615600000000        8.63948200925198     
   14.4705900000000        8.29801219499266     
   14.4796200000000        7.99720244436048     
   14.4886400000000        7.75246765343737     
   14.4976600000000        7.55873860646574     
   14.5066800000000        7.41949072222229     
   14.5157000000000        7.35523384965699     
   14.5247100000000        7.38826747269887     
   14.5337200000000        7.52579937360473     
   14.5427200000000        7.75430168078738     
   14.5517300000000        8.04672662291635     
   14.5607300000000        8.37642608752013     
   14.5697200000000        8.73484220276682     
   14.5787100000000        9.13795127907371     
   14.5877000000000        9.62345555738678     
   14.5966900000000        10.2384909144493     
   14.6056700000000        11.0169754600580     
   14.6146600000000        11.9687230403966     
   14.6236300000000        13.0714091545256     
   14.6326100000000        14.2852914516309     
   14.6415800000000        15.5425207977160     
   14.6505400000000        16.7727744639127     
   14.6595100000000        17.9289365861940     
   14.6684700000000        18.9874856726639     
   14.6774300000000        19.9534928782672     
   14.6863800000000        20.8501693362309     
   14.6953400000000        21.7020010993190     
   14.7042800000000        22.4900820565187     
   14.7132300000000        23.1535186853086     
   14.7221700000000        23.6232868597278     
   14.7311100000000        23.8915797087709     
   14.7400500000000        24.0327203162938     
   14.7489800000000        24.1680161880080     
   14.7579100000000        24.3957113655577     
   14.7668400000000        24.7294334642617     
   14.7757600000000        25.0841220684345     
   14.7846800000000        25.3249918852898     
   14.7936000000000        25.3393858160131     
   14.8025100000000        25.0713894048970     
   14.8114200000000        24.4997165121884     
   14.8203300000000        23.6175251289314     
   14.8292300000000        22.4551554341934     
   14.8381300000000        21.1051217911740     
   14.8470300000000        19.7140022309009     
   14.8559300000000        18.4350509798466     
   14.8648200000000        17.3778265237907     
   14.8737100000000        16.5712974525178     
   14.8825900000000        15.9725028079106     
   14.8914700000000        15.4979749557137     
   14.9003500000000        15.0605564869636     
   14.9092300000000        14.5841519564980     
   14.9181000000000        14.0111721691715     
   14.9269700000000        13.3077158952567     
   14.9358400000000        12.4727608629441     
   14.9447000000000        11.5411309751422     
   14.9535600000000        10.5723756416612     
   14.9624200000000        9.63628399273788     
   14.9712700000000        8.79114043360865     
   14.9801200000000        8.06741456826765     
   14.9889700000000        7.47247640767858     
   14.9978100000000        6.99939619454482     
   15.0066500000000        6.63416549742733     
   15.0154900000000        6.36284279825866     
   15.0243300000000        6.17356949908255     
   15.0331600000000        6.05852652316031     
   15.0419900000000        6.01456502513784     
   15.0508100000000        6.04352846253775     
   15.0596300000000        6.15065075944270     
   15.0684500000000        6.34264780077668     
   15.0772700000000        6.62550474334520     
   15.0860800000000        7.00096812428874     
   15.0948900000000        7.46216837828762     
   15.1037000000000        7.98564853497045     
   15.1125000000000        8.52919239054038     
   15.1213000000000        9.04471796442136     
   15.1301000000000        9.49821807452165     
   15.1388900000000        9.88605671851685     
   15.1476800000000        10.2302324928450     
   15.1564700000000        10.5539215686583     
   15.1652500000000        10.8653899287307     
   15.1740300000000        11.1622976356252     
   15.1828100000000        11.4422861120502     
   15.1915800000000        11.7074373223147     
   15.2003500000000        11.9588531989555     
   15.2091200000000        12.1867523655493     
   15.2178900000000        12.3714759487712     
   15.2266500000000        12.4997737089894     
   15.2354100000000        12.5838762929569     
   15.2441600000000        12.6555714812243     
   15.2529200000000        12.7340394740788     
   15.2616700000000        12.7964532793137     
   15.2704100000000        12.7866872860637     
   15.2791500000000        12.6565405529864     
   15.2878900000000        12.3998571785991     
   15.2966300000000        12.0458902113812     
   15.3053600000000        11.6268956500061     
   15.3140900000000        11.1582298113745     
   15.3228200000000        10.6475920430609     
   15.3315400000000        10.1090360991899     
   15.3402600000000        9.56326661586388     
   15.3489800000000        9.03368323801929     
   15.3577000000000        8.54048792198553     
   15.3664100000000        8.09551400664638     
   15.3751200000000        7.69534685363246     
   15.3838200000000        7.32532092372905     
   15.3925200000000        6.96859445058471     
   15.4012200000000        6.61828946554783     
   15.4099200000000        6.27824046903904     
   15.4186100000000        5.95696173278970     
   15.4273000000000        5.66050647266697     
   15.4359800000000        5.39196488488809     
   15.4446700000000        5.15085677552420     
   15.4533400000000        4.93719340343102     
   15.4620200000000        4.74928859508407     
   15.4706900000000        4.58617812163292     
   15.4793600000000        4.44535690424914     
   15.4880300000000        4.32405628129033     
   15.4966900000000        4.21969979368343     
   15.5053500000000        4.12951777965582     
   15.5140100000000        4.05033055251766     
   15.5226700000000        3.97788092016748     
   15.5313200000000        3.90755849097702     
   15.5399600000000        3.83619886379338     
   15.5486100000000        3.76353312731932     
   15.5572500000000        3.69213089785283     
   15.5658900000000        3.62492919318372     
   15.5745200000000        3.56444505532073     
   15.5831600000000        3.51247316987360     
   15.5917900000000        3.47076073016328     
   15.6004100000000        3.44004207919057     
   15.6090300000000        3.41934289002758     
   15.6176500000000        3.40619048110382     
   15.6262700000000        3.39786215728434     
   15.6348800000000        3.39252568404017     
   15.6434900000000        3.38906804840079     
   15.6521000000000        3.38610495615375     
   15.6607000000000        3.38138036456355     
   15.6693000000000        3.37232853706794     
   15.6779000000000        3.35739563961209     
   15.6864900000000        3.33703790775463     
   15.6950800000000        3.31367855786104     
   15.7036700000000        3.29108276588673     
   15.7122600000000        3.27333345153326     
   15.7208400000000        3.26370949009768     
   15.7294100000000        3.26370763941459     
   15.7379900000000        3.27285071982404     
   15.7465600000000        3.28922575164734     
   15.7551300000000        3.31061046678103     
   15.7637000000000        3.33538559459370     
   15.7722600000000        3.36286597559362     
   15.7808200000000        3.39313869447051     
   15.7893700000000        3.42645227339389     
   15.7979300000000        3.46308858150602     
   15.8064700000000        3.50302031408278     
   15.8150200000000        3.54650106640530     
   15.8235600000000        3.59342878905356     
   15.8321000000000        3.64352817287275     
   15.8406400000000        3.69646933570423     
   15.8491800000000        3.75255672108350     
   15.8577100000000        3.81280769907543     
   15.8662300000000        3.87874450225350     
   15.8747600000000        3.95230166262051     
   15.8832800000000        4.03535031311762     
   15.8918000000000        4.13030306775992     
   15.9003100000000        4.23955254092314     
   15.9088200000000        4.36567416551704     
   15.9173300000000        4.51074223786631     
   15.9258400000000        4.67629464843311     
   15.9343400000000        4.86333450268110     
   15.9428400000000        5.07334603210436     
   15.9513300000000        5.30774680495609     
   15.9598300000000        5.56966832314219     
   15.9683100000000        5.86219132807311     
   15.9768000000000        6.19214910029061     
   15.9852800000000        6.56579587818343     
   15.9937600000000        6.98990625180160     
   16.0022400000000        7.46763923987057     
   16.0107100000000        7.99566468069025     
   16.0191800000000        8.56433369093742     
   16.0276500000000        9.15583295355113     
   16.0361200000000        9.74670697238544     
   16.0445800000000        10.3110543041937     
   16.0530300000000        10.8264485056267     
   16.0614900000000        11.2777405780370     
   16.0699400000000        11.6552363733234     
   16.0783900000000        11.9574553701284     
   16.0868300000000        12.1849655825422     
   16.0952800000000        12.3374106818062     
   16.1037100000000        12.4095629360655     
   16.1121500000000        12.3951335627258     
   16.1205800000000        12.2906315492824     
   16.1290100000000        12.0999017305635     
   16.1374400000000        11.8346645146674     
   16.1458600000000        11.5122599964396     
   16.1542800000000        11.1510706044953     
   16.1627000000000        10.7696243150764     
   16.1711100000000        10.3863196621395     
   16.1795200000000        10.0175549211842     
   16.1879300000000        9.67794544905394     
   16.1963300000000        9.37897825404760     
   16.2047300000000        9.12752608078319     
   16.2131300000000        8.92749434895819     
   16.2215200000000        8.77982808404481     
   16.2299100000000        8.68138032234578     
   16.2383000000000        8.62453652450115     
   16.2466900000000        8.59640730556058     
   16.2550700000000        8.57962915339608     
   16.2634500000000        8.55481866374046     
   16.2718200000000        8.50471547905863     
   16.2802000000000        8.41813832083533     
   16.2885600000000        8.29277196624390     
   16.2969300000000        8.13229207554859     
   16.3052900000000        7.94411955860025     
   16.3136500000000        7.73521760632827     
   16.3220100000000        7.51209996960414     
   16.3303600000000        7.28144733801826     
   16.3387100000000        7.04971160042026     
   16.3470600000000        6.82377749867752     
   16.3554000000000        6.61019379443900     
   16.3637400000000        6.41319156180544     
   16.3720800000000        6.23434473356430     
   16.3804200000000        6.07203630893138     
   16.3887500000000        5.92280656784258     
   16.3970700000000        5.78304778249545     
   16.4054000000000        5.65069536112143     
   16.4137200000000        5.52681881615425     
   16.4220400000000        5.41364121945894     
   16.4303500000000        5.31323362923979     
   16.4386700000000        5.22488504978018     
   16.4469700000000        5.14576799897506     
   16.4552800000000        5.07171663201232     
   16.4635800000000        5.00085087077265     
   16.4718800000000        4.93396572952036     
   16.4801800000000        4.87405172653188     
   16.4884700000000        4.82416572698671     
   16.4967600000000        4.78486259196704     
   16.5050500000000        4.75279146440492     
   16.5133300000000        4.72097412977873     
   16.5216100000000        4.68136183183472     
   16.5298900000000        4.62860263009809     
   16.5381600000000        4.56239933208896     
   16.5464300000000        4.48676459129199     
   16.5547000000000        4.40776110744592     
   16.5629700000000        4.33122167696616     
   16.5712300000000        4.26202549621523     
   16.5794900000000        4.20378908871339     
   16.5877400000000        4.15877769636683     
   16.5959900000000        4.12678270378898     
   16.6042400000000        4.10487059411533     
   16.6124900000000        4.08784587918381     
   16.6207300000000        4.06963654874639     
   16.6289700000000        4.04471773661244     
   16.6372000000000        4.00927326006196     
   16.6454400000000        3.96163836176633     
   16.6536700000000        3.90300057430104     
   16.6618900000000        3.83704511075109     
   16.6701200000000        3.76910627557394     
   16.6783400000000        3.70540192579828     
   16.6865500000000        3.65119175696925     
   16.6947700000000        3.60988209378789     
   16.7029800000000        3.58287982782461     
   16.7111900000000        3.56934647685318     
   16.7193900000000        3.56732560125046     
   16.7275900000000        3.57507141058556     
   16.7357900000000        3.59208625161270     
   16.7439800000000        3.61883259142237     
   16.7521800000000        3.65551085487855     
   16.7603600000000        3.70026705826038     
   16.7685500000000        3.74929399260814     
   16.7767300000000        3.79747721028131     
   16.7849100000000        3.84122952374837     
   16.7930900000000        3.88042694577911     
   16.8012600000000        3.91875583978614     
   16.8094300000000        3.96177650455487     
   16.8175900000000        4.01339773200939     
   16.8257600000000        4.07353532651894     
   16.8339200000000        4.13701931569110     
   16.8420700000000        4.19563642487275     
   16.8502300000000        4.24112813402221     
   16.8583800000000        4.26760086816530     
   16.8665300000000        4.27312915284255     
   16.8746700000000        4.25890361745648     
   16.8828100000000        4.22787155267881     
   16.8909500000000        4.18381829925942     
   16.8990800000000        4.13120621241936     
   16.9072100000000        4.07457516459510     
   16.9153400000000        4.01760099812480     
   16.9234700000000        3.96184174740249     
   16.9315900000000        3.90669256956035     
   16.9397100000000        3.85056035529714     
   16.9478200000000        3.79321693388996     
   16.9559400000000        3.73698355565903     
   16.9640500000000        3.68738974693697     
   16.9721500000000        3.65152967832984     
   16.9802600000000        3.63632847987408     
   16.9883600000000        3.64702457289771     
   16.9964500000000        3.68586646188819     
   17.0045500000000        3.75207129186435     
   17.0126400000000        3.84150449908905     
   17.0207200000000        3.94756797284960     
   17.0288100000000        4.06239087364149     
   17.0368900000000        4.17721900382281     
   17.0449700000000        4.28465920997293     
   17.0530400000000        4.37891172454635     
   17.0611100000000        4.45665061610171     
   17.0691800000000        4.51654549504663     
