   7.15970000000000        17.7152448432321     
   7.17100000000000        18.1840122007848     
   7.18231000000000        19.0086924335661     
   7.19360000000000        19.0537165331705     
   7.20490000000000        19.2256490137753     
   7.21619000000000        19.2128938014207     
   7.22748000000000        18.4578189826232     
   7.23877000000000        18.2411559114700     
   7.25005000000000        17.9621497952894     
   7.26133000000000        18.6327884399536     
   7.27261000000000        19.0759685609582     
   7.28388000000000        19.1267733547811     
   7.29515000000000        20.5690201042497     
   7.30642000000000        22.4939590158756     
   7.31768000000000        24.1408955094953     
   7.32894000000000        25.3753227084730     
   7.34020000000000        26.0090102362497     
   7.35146000000000        25.9677979549506     
   7.36271000000000        25.2593732395805     
   7.37396000000000        25.6127158750399     
   7.38520000000000        26.0831211536236     
   7.39644000000000        25.0399942026059     
   7.40768000000000        24.5577020253372     
   7.41892000000000        24.5549536628647     
   7.43015000000000        25.6401659807680     
   7.44138000000000        27.6105686331949     
   7.45261000000000        29.9369919420724     
   7.46383000000000        29.7054565619019     
   7.47505000000000        28.4402599600273     
   7.48626000000000        28.4785785402349     
   7.49748000000000        30.8765235523923     
   7.50869000000000        33.1579205656182     
   7.51990000000000        34.6816805157567     
   7.53110000000000        34.7894121734484     
   7.54230000000000        33.7732394376798     
   7.55350000000000        33.2639783263736     
   7.56469000000000        34.3416722595183     
   7.57588000000000        36.6903985207249     
   7.58707000000000        39.3465102559337     
   7.59826000000000        40.0744523694935     
   7.60944000000000        40.6781961984936     
   7.62062000000000        41.8021166104551     
   7.63179000000000        43.6548161974531     
   7.64296000000000        45.1894518053652     
   7.65413000000000        45.2203843611439     
   7.66530000000000        39.8124177078122     
   7.67646000000000        34.5543960246028     
   7.68762000000000        32.9838517228126     
   7.69878000000000        33.9929578851651     
   7.70993000000000        37.3337453941053     
   7.72108000000000        40.6607800442896     
   7.73223000000000        43.0844143460300     
   7.74337000000000        42.9472733187075     
   7.75451000000000        44.8647578852713     
   7.76565000000000        48.3218233416622     
   7.77678000000000        50.6553464333479     
   7.78791000000000        50.5382490600635     
   7.79904000000000        49.7999690978868     
   7.81017000000000        50.3769891265737     
   7.82129000000000        52.3066227003911     
   7.83241000000000        55.2011169172115     
   7.84352000000000        57.5563625372122     
   7.85463000000000        57.8369654405610     
   7.86574000000000        52.8577405483201     
   7.87685000000000        46.4909851555347     
   7.88795000000000        43.0881662094856     
   7.89905000000000        43.3029187141487     
   7.91015000000000        45.5468152485499     
   7.92124000000000        46.8204598467295     
   7.93233000000000        48.1636418882777     
   7.94342000000000        49.0651833353595     
   7.95450000000000        49.3386032592931     
   7.96558000000000        50.4355441383489     
   7.97666000000000        52.3239643429801     
   7.98773000000000        52.7750503901549     
   7.99880000000000        50.2677179885486     
   8.00987000000000        46.2977607461347     
   8.02093000000000        45.2426372152406     
   8.03200000000000        46.5986653617264     
   8.04305000000000        50.5475838207018     
   8.05411000000000        54.1300514561494     
   8.06516000000000        56.9303389104012     
   8.07621000000000        59.2072295052990     
   8.08726000000000        59.2398652047310     
   8.09830000000000        59.5119057383297     
   8.10934000000000        61.0295474015473     
   8.12037000000000        64.3897558899324     
   8.13141000000000        67.1446189077824     
   8.14244000000000        67.9946660119464     
   8.15346000000000        68.4274601724364     
   8.16449000000000        68.0093678610828     
   8.17551000000000        66.2950845781635     
   8.18652000000000        63.9460771582712     
   8.19754000000000        62.0255171250374     
   8.20855000000000        57.5542431160760     
   8.21955000000000        49.7839726751136     
   8.23056000000000        42.5486938316633     
   8.24156000000000        39.8688857005878     
   8.25256000000000        40.7529023493376     
   8.26355000000000        42.9838322688258     
   8.27454000000000        46.0340199836431     
   8.28553000000000        48.8152113162212     
   8.29652000000000        50.6978042459150     
   8.30750000000000        53.4427050354323     
   8.31848000000000        56.6320258002456     
   8.32946000000000        60.2597852213569     
   8.34043000000000        62.9790893855781     
   8.35140000000000        64.2217871838680     
   8.36236000000000        63.8534166392638     
   8.37333000000000        62.0092292545382     
   8.38429000000000        61.7463849841244     
   8.39524000000000        64.0786240377001     
   8.40620000000000        67.6883361710926     
   8.41715000000000        70.8990716529111     
   8.42810000000000        74.0416960006707     
   8.43904000000000        76.0716606097489     
   8.44998000000000        73.8035551275932     
   8.46092000000000        67.8906591454989     
   8.47185000000000        64.2852743926148     
   8.48278000000000        64.7108727959848     
   8.49371000000000        67.4083157854636     
   8.50464000000000        71.0581248442509     
   8.51556000000000        74.0708560319805     
   8.52648000000000        75.0684467920072     
   8.53739000000000        72.7285024831869     
   8.54831000000000        71.3478941456955     
   8.55922000000000        72.1942089414367     
   8.57012000000000        75.3073923011045     
   8.58103000000000        79.1480442864331     
   8.59193000000000        83.2734094412780     
   8.60282000000000        84.3407086575310     
   8.61372000000000        80.8424187436226     
   8.62461000000000        75.6174608136751     
   8.63549000000000        72.4387024742538     
   8.64638000000000        73.0011133881151     
   8.65726000000000        76.6535584220431     
   8.66814000000000        82.5294218947562     
   8.67901000000000        88.4293472416883     
   8.68988000000000        91.5180753971187     
   8.70075000000000        91.2135655018003     
   8.71161000000000        90.1726974837003     
   8.72248000000000        91.0299581903436     
   8.73333000000000        93.7117783418151     
   8.74419000000000        96.8203946354231     
   8.75504000000000        97.7853635705327     
   8.76589000000000        95.7545616068741     
   8.77674000000000        90.8078016737492     
   8.78758000000000        85.7095260486637     
   8.79842000000000        81.7390260209838     
   8.80926000000000        79.5420598619833     
   8.82009000000000        78.8997490094561     
   8.83092000000000        78.8254591140875     
   8.84175000000000        78.8363094139687     
   8.85257000000000        77.1156572559234     
   8.86339000000000        73.4246201775570     
   8.87421000000000        68.0477885108947     
   8.88502000000000        63.1654074982582     
   8.89583000000000        60.7125096090723     
   8.90664000000000        60.0860727351654     
   8.91745000000000        60.0258120131913     
   8.92825000000000        60.4916372721226     
   8.93905000000000        61.0244039729756     
   8.94984000000000        61.3189775767743     
   8.96063000000000        61.3089509224639     
   8.97142000000000        61.0772853698129     
   8.98221000000000        61.2548505451875     
   8.99299000000000        61.6292474654814     
   9.00377000000000        61.8475158592693     
   9.01455000000000        62.0710801526963     
   9.02532000000000        61.6969235215301     
   9.03609000000000        59.5758727307072     
   9.04686000000000        56.2201820510367     
   9.05762000000000        52.3885765511662     
   9.06838000000000        49.4556184827706     
   9.07914000000000        47.4943713623833     
   9.08989000000000        46.0631438948179     
   9.10064000000000        45.5734989023544     
   9.11139000000000        46.4504029705190     
   9.12214000000000        47.3407907001872     
   9.13288000000000        46.7933288550097     
   9.14362000000000        45.4217867034755     
   9.15435000000000        45.4906146738794     
   9.16508000000000        46.0454726826091     
   9.17581000000000        46.0379018358246     
   9.18654000000000        45.8461979824287     
   9.19726000000000        45.1590296271445     
   9.20798000000000        45.2005612158091     
   9.21870000000000        46.7076689933380     
   9.22941000000000        49.0058183977421     
   9.24012000000000        50.4235082225136     
   9.25082000000000        50.3678621118717     
   9.26153000000000        50.3513126712892     
   9.27223000000000        50.9986967313314     
   9.28293000000000        52.0752485762723     
   9.29362000000000        52.6236563593283     
   9.30431000000000        53.4702102943215     
   9.31500000000000        53.9901877637206     
   9.32568000000000        52.9475021261506     
   9.33636000000000        52.1022788620800     
   9.34704000000000        51.7639236625215     
   9.35772000000000        51.1560070805280     
   9.36839000000000        49.7518052078128     
   9.37906000000000        48.6590511127629     
   9.38972000000000        49.0400446980367     
   9.40038000000000        50.1597061673083     
   9.41104000000000        51.8284416752362     
   9.42170000000000        53.5491368985701     
   9.43235000000000        55.1285027347314     
   9.44300000000000        57.3143846788041     
   9.45365000000000        59.6393459654002     
   9.46429000000000        61.9021919387732     
   9.47493000000000        63.4025073416103     
   9.48557000000000        63.1683337369441     
   9.49620000000000        62.5080104979959     
   9.50683000000000        62.8144189669264     
   9.51746000000000        64.3474973787305     
   9.52808000000000        65.1913551808505     
   9.53871000000000        64.2670844125621     
   9.54932000000000        62.3558534886070     
   9.55994000000000        60.3678931233737     
   9.57055000000000        59.6373182117692     
   9.58116000000000        61.3218604516074     
   9.59176000000000        64.7021908161783     
   9.60237000000000        67.7817792319518     
   9.61296000000000        70.2197621150198     
   9.62356000000000        74.1320473343176     
   9.63415000000000        78.5021680867889     
   9.64474000000000        81.4493654770227     
   9.65533000000000        83.2842005437117     
   9.66591000000000        83.7108447952144     
   9.67649000000000        83.0123816508996     
   9.68707000000000        81.2117496536717     
   9.69764000000000        77.6985499037407     
   9.70821000000000        76.0620756734034     
   9.71878000000000        77.2865087248125     
   9.72934000000000        80.5484824937417     
   9.73990000000000        84.9762443396894     
   9.75046000000000        89.3840858509308     
   9.76102000000000        94.7566109839972     
   9.77157000000000        100.502662414851     
   9.78212000000000        105.237113446579     
   9.79266000000000        109.553616817294     
   9.80320000000000        112.264685377436     
   9.81374000000000        112.846511396289     
   9.82428000000000        113.278290359309     
   9.83481000000000        113.829153635304     
   9.84534000000000        114.828676211409     
   9.85586000000000        116.911133637230     
   9.86639000000000        117.286868277447     
   9.87691000000000        115.138160686416     
   9.88742000000000        111.352548793183     
   9.89794000000000        106.703751742303     
   9.90845000000000        102.716369146347     
   9.91895000000000        99.1291930820737     
   9.92946000000000        94.9224804726944     
   9.93996000000000        92.6299668248140     
   9.95046000000000        94.0307926025973     
   9.96095000000000        98.8004353439262     
   9.97144000000000        104.262265419311     
   9.98193000000000        108.229911920633     
   9.99242000000000        110.806550830097     
   10.0029000000000        112.243492469097     
   10.0133800000000        111.682978468261     
   10.0238500000000        109.117596180238     
   10.0343200000000        105.274607463168     
   10.0447900000000        101.389796163066     
   10.0552600000000        98.8055526399846     
   10.0657200000000        97.3606389352029     
   10.0761800000000        96.8522720479278     
   10.0866400000000        98.2709272250528     
   10.0970900000000        101.234457608170     
   10.1075400000000        105.216211709123     
   10.1179900000000        110.248579906740     
   10.1284300000000        115.547819733554     
   10.1388700000000        120.040242545123     
   10.1493100000000        122.692710306745     
   10.1597400000000        124.065206004504     
   10.1701700000000        126.101325523267     
   10.1806000000000        129.283958582967     
   10.1910300000000        131.361129066006     
   10.2014500000000        131.543493530753     
   10.2118700000000        129.530213553006     
   10.2222800000000        126.169792556921     
   10.2326900000000        122.846377479558     
   10.2431000000000        120.136652385872     
   10.2535100000000        116.804329756642     
   10.2639100000000        113.307735750726     
   10.2743100000000        110.884539104222     
   10.2847100000000        109.398356584645     
   10.2951000000000        108.216506229003     
   10.3054900000000        107.094697372806     
   10.3158800000000        105.938574073650     
   10.3262600000000        104.749113998866     
   10.3366400000000        103.442411755629     
   10.3470200000000        102.056314813427     
   10.3573900000000        100.877107251177     
   10.3677600000000        99.3364533875883     
   10.3781300000000        96.5001593092925     
   10.3884900000000        92.0566351199848     
   10.3988600000000        85.9588884742204     
   10.4092100000000        79.8714806660948     
   10.4195700000000        75.1866923246689     
   10.4299200000000        72.2702781624013     
   10.4402700000000        70.7648606048918     
   10.4506100000000        70.2396513922375     
   10.4609600000000        70.2952832466298     
   10.4713000000000        71.4602983728512     
   10.4816300000000        73.7835300975948     
   10.4919600000000        76.4363796782738     
   10.5022900000000        78.2929723363256     
   10.5126200000000        78.9491546725183     
   10.5229400000000        79.4717140364296     
   10.5332600000000        80.6998088506985     
   10.5435800000000        82.5962559933800     
   10.5539000000000        84.7859074047742     
   10.5642100000000        86.1033113715346     
   10.5745100000000        85.2935905593332     
   10.5848200000000        82.4428229789721     
   10.5951200000000        78.2364959838608     
   10.6054200000000        73.1765762476675     
   10.6157100000000        67.9408704915834     
   10.6260000000000        62.6684841958814     
   10.6362900000000        56.7963189158672     
   10.6465800000000        50.5039216583370     
   10.6568600000000        44.9596749570080     
   10.6671400000000        41.3359154519379     
   10.6774100000000        39.5905200697689     
   10.6876900000000        38.9797870412726     
   10.6979600000000        39.1322786565253     
   10.7082200000000        39.7559455548721     
   10.7184900000000        40.9687500894441     
   10.7287500000000        42.6789117363933     
   10.7390000000000        44.2362671526150     
   10.7492600000000        45.1409066686919     
   10.7595100000000        45.3882052849419     
   10.7697500000000        45.2148222760731     
   10.7800000000000        45.1204547931022     
   10.7902400000000        45.5146510321123     
   10.8004800000000        46.1266322843686     
   10.8107100000000        46.3478894986328     
   10.8209400000000        46.0355325936359     
   10.8311700000000        45.0351005680470     
   10.8414000000000        43.4878553956357     
   10.8516200000000        42.2450758954825     
   10.8618400000000        41.5414872523563     
   10.8720500000000        41.0747072970632     
   10.8822700000000        40.7188531837680     
   10.8924800000000        40.5601861157650     
   10.9026800000000        40.8701488612557     
   10.9128800000000        41.6568890092030     
   10.9230800000000        42.7031329180518     
   10.9332800000000        43.6318864037481     
   10.9434700000000        43.9706289267857     
   10.9536600000000        43.4261320743339     
   10.9638500000000        42.2018875260086     
   10.9740400000000        40.7597288495694     
   10.9842200000000        39.5960287280570     
   10.9943900000000        38.8659505678289     
   11.0045700000000        38.2415538983349     
   11.0147400000000        37.4298810680278     
   11.0249100000000        36.5592404258423     
   11.0350700000000        35.8476348757900     
   11.0452300000000        35.2347718251833     
   11.0553900000000        34.4102107912186     
   11.0655500000000        33.3111580452541     
   11.0757000000000        32.0931141879017     
   11.0858500000000        31.0448033544314     
   11.0960000000000        30.4174177148934     
   11.1061400000000        30.2128707177445     
   11.1162800000000        30.2165936280169     
   11.1264200000000        30.4715183150487     
   11.1365500000000        31.2348635041200     
   11.1466800000000        32.4536766784860     
   11.1568100000000        33.6760801849050     
   11.1669300000000        34.6217545772850     
   11.1770500000000        35.3693670808188     
   11.1871700000000        36.0499217791498     
   11.1972800000000        36.7105088822170     
   11.2073900000000        37.2929218439864     
   11.2175000000000        37.9909195228902     
   11.2276100000000        39.0620259323591     
   11.2377100000000        40.4335774671943     
   11.2478100000000        41.9883921798210     
   11.2579000000000        43.6578260784084     
   11.2679900000000        45.2117065211695     
   11.2780800000000        46.4798915554669     
   11.2881700000000        47.6358384166893     
   11.2982500000000        48.6932755642604     
   11.3083300000000        49.6096400534595     
   11.3184100000000        50.4328649251727     
   11.3284800000000        51.1057162439486     
   11.3385500000000        51.8274148481026     
   11.3486200000000        52.8413915257749     
   11.3586800000000        54.0416041870774     
   11.3687400000000        55.1574168197925     
   11.3788000000000        55.7982110038608     
   11.3888500000000        55.7529291545836     
   11.3989000000000        55.3626499961324     
   11.4089500000000        54.9526158914549     
   11.4189900000000        54.3952158266860     
   11.4290400000000        53.3707648039834     
   11.4390700000000        51.8653270350882     
   11.4491100000000        50.4506838157444     
   11.4591400000000        49.7049242800468     
   11.4691700000000        49.7161510160610     
   11.4792000000000        50.2035140724065     
   11.4892200000000        50.8257046425600     
   11.4992400000000        51.4445384463721     
   11.5092500000000        52.0428518957861     
   11.5192700000000        52.7879215377810     
   11.5292800000000        53.7291218736782     
   11.5392800000000        54.7645487878559     
   11.5492900000000        55.9411082482392     
   11.5592900000000        57.4682715181621     
   11.5692800000000        59.4522490521298     
   11.5792800000000        61.7888193252229     
   11.5892700000000        64.2793551410004     
   11.5992600000000        66.7017149734333     
   11.6092400000000        68.7822646599691     
   11.6192200000000        70.2811108075702     
   11.6292000000000        71.4337450305429     
   11.6391700000000        72.7919019462506     
   11.6491500000000        74.7226705225945     
   11.6591200000000        77.2717467766099     
   11.6690800000000        79.9315638187480     
   11.6790400000000        82.0535904833545     
   11.6890000000000        83.6637750383859     
   11.6989600000000        85.1547307106756     
   11.7089100000000        86.7143197602863     
   11.7188600000000        88.3278666224934     
   11.7288100000000        90.0091682124028     
   11.7387500000000        91.9002799951117     
   11.7486900000000        94.0917069565876     
   11.7586300000000        96.5330299230397     
   11.7685600000000        98.9594804436413     
   11.7784900000000        101.059065580262     
   11.7884200000000        102.709441441625     
   11.7983400000000        103.758987684757     
   11.8082600000000        104.217461227033     
   11.8181800000000        104.076112718666     
   11.8281000000000        103.094626899777     
   11.8380100000000        101.510691618201     
   11.8479200000000        100.040985269885     
   11.8578200000000        99.2962605892570     
   11.8677200000000        99.2572796935527     
   11.8776200000000        99.3393019465908     
   11.8875200000000        99.0098317323158     
   11.8974100000000        98.2338110425334     
   11.9073000000000        97.1468100243435     
   11.9171900000000        95.8110947518418     
   11.9270700000000        94.5321578203106     
   11.9369500000000        93.7436367694524     
   11.9468300000000        93.6848482934278     
   11.9567000000000        94.2157115364455     
   11.9665700000000        94.9340948493596     
   11.9764400000000        95.6126903100132     
   11.9863000000000        96.4281913369114     
   11.9961600000000        97.5828246803681     
   12.0060200000000        98.9047076553017     
   12.0158700000000        100.397511651606     
   12.0257300000000        102.437062528660     
   12.0355700000000        105.118160296534     
   12.0454200000000        108.218541946685     
   12.0552600000000        111.582427168694     
   12.0651000000000        115.288482387626     
   12.0749400000000        119.316274116551     
   12.0847700000000        123.332277486862     
   12.0946000000000        127.026309170405     
   12.1044200000000        130.229962995186     
   12.1142500000000        133.052578155807     
   12.1240700000000        135.798166880866     
   12.1338800000000        138.487444482621     
   12.1437000000000        140.614391593285     
   12.1535100000000        141.657967453836     
   12.1633100000000        141.696587697137     
   12.1731200000000        141.291423872053     
   12.1829200000000        140.940825038101     
   12.1927200000000        140.950305324242     
   12.2025100000000        141.603151983382     
   12.2123000000000        142.754111519249     
   12.2220900000000        143.795679140859     
   12.2318700000000        144.370337388093     
   12.2416600000000        144.573493862731     
   12.2514300000000        144.432381225970     
   12.2612100000000        143.872724318905     
   12.2709800000000        142.865118233969     
   12.2807500000000        141.218990735625     
   12.2905200000000        138.983395451429     
   12.3002800000000        136.773375749761     
   12.3100400000000        135.114211346631     
   12.3198000000000        133.955297340804     
   12.3295500000000        132.818114508156     
   12.3393000000000        131.472277862082     
   12.3490500000000        130.303534138730     
   12.3587900000000        129.702426443680     
   12.3685300000000        129.544441354260     
   12.3782700000000        129.429485705128     
   12.3880000000000        129.228511550354     
   12.3977300000000        129.157647713850     
   12.4074600000000        129.376075143275     
   12.4171800000000        129.731742465511     
   12.4269100000000        130.085120193179     
   12.4366200000000        130.453461768461     
   12.4463400000000        130.745050136604     
   12.4560500000000        130.812085674205     
   12.4657600000000        130.646207413143     
   12.4754700000000        130.418038444028     
   12.4851700000000        130.338422010361     
   12.4948700000000        130.472121146845     
   12.5045600000000        130.734324694134     
   12.5142600000000        130.993700637730     
   12.5239500000000        131.337038776524     
   12.5336300000000        132.087026425729     
   12.5433200000000        133.446964866762     
   12.5530000000000        135.385300451540     
   12.5626800000000        137.721950088019     
   12.5723500000000        140.053322806796     
   12.5820200000000        142.061107329026     
   12.5916900000000        143.837191023078     
   12.6013500000000        145.533352912061     
   12.6110100000000        147.097377666106     
   12.6206700000000        148.520958695174     
   12.6303300000000        149.929493396120     
   12.6399800000000        151.401884250728     
   12.6496300000000        152.864156493119     
   12.6592700000000        154.312777904269     
   12.6689200000000        155.877745448405     
   12.6785500000000        157.639277664981     
   12.6881900000000        159.654352672061     
   12.6978200000000        161.967119843156     
   12.7074500000000        164.537976101509     
   12.7170800000000        167.311921172080     
   12.7267000000000        170.401685092280     
   12.7363200000000        173.918177139055     
   12.7459400000000        177.541070499829     
   12.7555500000000        180.690180842584     
   12.7651600000000        183.085346684049     
   12.7747700000000        184.810639036931     
   12.7843800000000        186.090217076389     
   12.7939800000000        187.065896386184     
   12.8035800000000        187.676166317509     
   12.8131700000000        187.858031722080     
   12.8227600000000        187.720860498286     
   12.8323500000000        187.548884568682     
   12.8419400000000        187.703648013455     
   12.8515200000000        188.449003478959     
   12.8611000000000        189.867994179588     
   12.8706700000000        191.840462642906     
   12.8802500000000        194.088125573552     
   12.8898100000000        196.220242048201     
   12.8993800000000        197.932755095082     
   12.9089400000000        199.256221172971     
   12.9185000000000        200.436670964904     
   12.9280600000000        201.519620788661     
   12.9376100000000        202.311621813183     
   12.9471700000000        202.665855540227     
   12.9567100000000        202.625572035251     
   12.9662600000000        202.319211567828     
   12.9758000000000        201.897599872893     
   12.9853400000000        201.618737312275     
   12.9948700000000        201.789592099942     
   13.0044000000000        202.540098280585     
   13.0139300000000        203.807554456308     
   13.0234600000000        205.392470014190     
   13.0329800000000        206.927302472217     
   13.0425000000000        208.020919197020     
   13.0520100000000        208.501640403581     
   13.0615200000000        208.543351472798     
   13.0710300000000        208.557361796815     
   13.0805400000000        208.870503059629     
   13.0900400000000        209.399765556639     
   13.0995400000000        209.732916602337     
   13.1090400000000        209.715413168343     
   13.1185300000000        209.647273633081     
   13.1280200000000        209.632795773085     
   13.1375100000000        209.280474170487     
   13.1469900000000        208.188956748346     
   13.1564700000000        206.294982185446     
   13.1659500000000        203.897129352311     
   13.1754300000000        201.581859342082     
   13.1849000000000        199.926066725994     
   13.1943700000000        199.146147922063     
   13.2038300000000        199.013233334519     
   13.2132900000000        199.051315813619     
   13.2227500000000        198.870121170127     
   13.2322100000000        198.277197292686     
   13.2416600000000        197.180840949648     
   13.2511100000000        195.671510728741     
   13.2605500000000        194.072755152503     
   13.2700000000000        192.766868737033     
   13.2794400000000        192.103736030288     
   13.2888700000000        192.309210188991     
   13.2983100000000        193.321355304541     
   13.3077400000000        194.804897358167     
   13.3171600000000        196.400130685903     
   13.3265900000000        197.814043732856     
   13.3360100000000        198.803173733263     
   13.3454300000000        199.267977544578     
   13.3548400000000        199.279237033764     
   13.3642500000000        198.995896795396     
   13.3736600000000        198.498922591875     
   13.3830600000000        197.689686179738     
   13.3924700000000        196.437839858888     
   13.4018600000000        194.778424068441     
   13.4112600000000        192.905256545901     
   13.4206500000000        191.099197014990     
   13.4300400000000        189.609430464991     
   13.4394300000000        188.589020448420     
   13.4488100000000        188.096872643630     
   13.4581900000000        188.145609506671     
   13.4675600000000        188.686804847449     
   13.4769400000000        189.622336548263     
   13.4863100000000        190.945289632858     
   13.4956700000000        192.786551763790     
   13.5050400000000        195.311139687162     
   13.5144000000000        198.545321532325     
   13.5237600000000        202.267397737307     
   13.5331100000000        206.065414067419     
   13.5424600000000        209.631190112536     
   13.5518100000000        212.993258377415     
   13.5611500000000        216.441180877665     
   13.5704900000000        220.251086025165     
   13.5798300000000        224.412912782453     
   13.5891700000000        228.532471632125     
   13.5985000000000        232.044308928014     
   13.6078300000000        234.594192234736     
   13.6171500000000        236.140592406020     
   13.6264800000000        236.819421186309     
   13.6358000000000        236.854828032012     
   13.6451100000000        236.567262091562     
   13.6544200000000        236.298378353632     
   13.6637300000000        236.366877142453     
   13.6730400000000        237.014775601720     
   13.6823400000000        238.316418817503     
   13.6916400000000        240.166663701933     
   13.7009400000000        242.257722492854     
   13.7102400000000        244.134691556574     
   13.7195300000000        245.496578660375     
   13.7288100000000        246.377186036291     
   13.7381000000000        246.889629341546     
   13.7473800000000        246.964862180403     
   13.7566600000000        246.419168522355     
   13.7659300000000        245.123598884861     
   13.7752000000000        243.126078206362     
   13.7844700000000        240.670388732904     
   13.7937400000000        237.981088104848     
   13.8030000000000        235.091306505878     
   13.8122600000000        231.982109986019     
   13.8215200000000        228.722996688274     
   13.8307700000000        225.382515514487     
   13.8400200000000        222.004231601888     
   13.8492600000000        218.721998141250     
   13.8585100000000        215.730538325179     
   13.8677500000000        213.145092198728     
   13.8769800000000        210.852780090441     
   13.8862200000000        208.649845681943     
   13.8954500000000        206.488339891034     
   13.9046800000000        204.496678655327     
   13.9139000000000        202.858093762362     
   13.9231200000000        201.604229841950     
   13.9323400000000        200.521615133311     
   13.9415500000000        199.284260491502     
   13.9507700000000        197.709160320488     
   13.9599700000000        195.919078103557     
   13.9691800000000        194.180541999287     
   13.9783800000000        192.604473180522     
   13.9875800000000        191.036369763823     
   13.9967800000000        189.308521354563     
   14.0059700000000        187.412293320265     
   14.0151600000000        185.426965184837     
   14.0243400000000        183.464399379137     
   14.0335300000000        181.624782596917     
   14.0427100000000        179.942267934563     
   14.0518800000000        178.353828953378     
   14.0610600000000        176.746846556945     
   14.0702300000000        175.011879994168     
   14.0794000000000        173.057489732166     
   14.0885600000000        170.843229592507     
   14.0977200000000        168.411446570685     
   14.1068800000000        165.912255708501     
   14.1160300000000        163.514651156750     
   14.1251800000000        161.292222348273     
   14.1343300000000        159.261297050476     
   14.1434800000000        157.455379202349     
   14.1526200000000        155.925850097369     
   14.1617600000000        154.700748738276     
   14.1708900000000        153.789663153833     
   14.1800300000000        153.158038269971     
   14.1891500000000        152.678782710627     
   14.1982800000000        152.143934778273     
   14.2074000000000        151.372986662760     
   14.2165200000000        150.297097882504     
   14.2256400000000        148.990668516998     
   14.2347500000000        147.622924207606     
   14.2438600000000        146.353638718087     
   14.2529700000000        145.294969100289     
   14.2620700000000        144.561578409467     
   14.2711800000000        144.300407071684     
   14.2802700000000        144.609933865305     
   14.2893700000000        145.436701345300     
   14.2984600000000        146.595008665320     
   14.3075500000000        147.870404632890     
   14.3166300000000        149.095623807363     
   14.3257100000000        150.189999567510     
   14.3347900000000        151.121776891792     
   14.3438700000000        151.838979829376     
   14.3529400000000        152.285516393558     
   14.3620100000000        152.493079710493     
   14.3710700000000        152.549540657922     
   14.3801400000000        152.512788087244     
   14.3892000000000        152.451586485283     
   14.3982500000000        152.477066364492     
   14.4073100000000        152.637156231434     
   14.4163600000000        152.855498971520     
   14.4254000000000        153.025732534623     
   14.4344500000000        153.109686932052     
   14.4434900000000        153.136153708789     
   14.4525200000000        153.145442818072     
   14.4615600000000        153.136613492709     
   14.4705900000000        153.054712310919     
   14.4796200000000        152.798545996941     
   14.4886400000000        152.246106687191     
   14.4976600000000        151.338186350099     
   14.5066800000000        150.157594290666     
   14.5157000000000        148.892138793493     
   14.5247100000000        147.727863933215     
   14.5337200000000        146.769176995847     
   14.5427200000000        146.016038177007     
   14.5517300000000        145.349078991990     
   14.5607300000000        144.589072272415     
   14.5697200000000        143.642688665491     
   14.5787100000000        142.606527477204     
   14.5877000000000        141.685145802032     
   14.5966900000000        141.020793330445     
   14.6056700000000        140.640039171981     
   14.6146600000000        140.540469809511     
   14.6236300000000        140.765196654057     
   14.6326100000000        141.346688435614     
   14.6415800000000        142.198419421732     
   14.6505400000000        143.109410151960     
   14.6595100000000        143.865028616049     
   14.6684700000000        144.375059483983     
   14.6774300000000        144.715570327768     
   14.6863800000000        145.051410706708     
   14.6953400000000        145.524497423693     
   14.7042800000000        146.182866164414     
   14.7132300000000        147.001547855659     
   14.7221700000000        147.922012590015     
   14.7311100000000        148.877553430268     
   14.7400500000000        149.762774370868     
   14.7489800000000        150.406024978544     
   14.7579100000000        150.630166513236     
   14.7668400000000        150.384282708381     
   14.7757600000000        149.799245658066     
   14.7846800000000        149.065794452129     
   14.7936000000000        148.285432688072     
   14.8025100000000        147.472012000022     
   14.8114200000000        146.654501836631     
   14.8203300000000        145.905019122353     
   14.8292300000000        145.280760220801     
   14.8381300000000        144.823754499189     
   14.8470300000000        144.605655751306     
   14.8559300000000        144.692436754041     
   14.8648200000000        145.054900129476     
   14.8737100000000        145.535616196377     
   14.8825900000000        145.916976998129     
   14.8914700000000        146.028634381279     
   14.9003500000000        145.776843923174     
   14.9092300000000        145.115267385372     
   14.9181000000000        144.048335058916     
   14.9269700000000        142.652859270990     
   14.9358400000000        141.066634652287     
   14.9447000000000        139.434974246733     
   14.9535600000000        137.853024121487     
   14.9624200000000        136.368869334998     
   14.9712700000000        135.025443734787     
   14.9801200000000        133.883285554294     
   14.9889700000000        133.011585166624     
   14.9978100000000        132.460562254721     
   15.0066500000000        132.232828014805     
   15.0154900000000        132.263076906821     
   15.0243300000000        132.434112768782     
   15.0331600000000        132.644550862587     
   15.0419900000000        132.882278698673     
   15.0508100000000        133.246366385516     
   15.0596300000000        133.895520876437     
   15.0684500000000        134.955968496589     
   15.0772700000000        136.475126451932     
   15.0860800000000        138.430999845749     
   15.0948900000000        140.733942684794     
   15.1037000000000        143.191820741893     
   15.1125000000000        145.543016812520     
   15.1213000000000        147.586432606819     
   15.1301000000000        149.276399864584     
   15.1388900000000        150.704982225734     
   15.1476800000000        152.000281455539     
   15.1564700000000        153.246511407493     
   15.1652500000000        154.484339737648     
   15.1740300000000        155.743696830722     
   15.1828100000000        157.052975213917     
   15.1915800000000        158.434444035312     
   15.2003500000000        159.909035246677     
   15.2091200000000        161.505140118073     
   15.2178900000000        163.263373572667     
   15.2266500000000        165.203755845647     
   15.2354100000000        167.303576551679     
   15.2441600000000        169.522672944487     
   15.2529200000000        171.886535767542     
   15.2616700000000        174.485691670840     
   15.2704100000000        177.436433859836     
   15.2791500000000        180.823616992362     
   15.2878900000000        184.677588982591     
   15.2966300000000        188.975364011927     
   15.3053600000000        193.615100001476     
   15.3140900000000        198.411457189758     
   15.3228200000000        203.120040709784     
   15.3315400000000        207.545395958332     
   15.3402600000000        211.652397447382     
   15.3489800000000        215.545711116143     
   15.3577000000000        219.379332372092     
   15.3664100000000        223.253354750223     
   15.3751200000000        227.162629278216     
   15.3838200000000        230.931287881642     
   15.3925200000000        234.238897174790     
   15.4012200000000        236.713254403617     
   15.4099200000000        238.080968238695     
   15.4186100000000        238.252116200746     
   15.4273000000000        237.308328004443     
   15.4359800000000        235.443411624103     
   15.4446700000000        232.920798464331     
   15.4533400000000        230.074998790349     
   15.4620200000000        227.217328998380     
   15.4706900000000        224.573155343865     
   15.4793600000000        222.222659087012     
   15.4880300000000        220.180359501204     
   15.4966900000000        218.469950682045     
   15.5053500000000        217.116866820446     
   15.5140100000000        216.086511463595     
   15.5226700000000        215.222805263103     
   15.5313200000000        214.284312373944     
   15.5399600000000        213.075995083851     
   15.5486100000000        211.558229873657     
   15.5572500000000        209.839801981874     
   15.5658900000000        208.063146613226     
   15.5745200000000        206.343584655842     
   15.5831600000000        204.764358082758     
   15.5917900000000        203.410230514443     
   15.6004100000000        202.330037263011     
   15.6090300000000        201.486857462831     
   15.6176500000000        200.756367899393     
   15.6262700000000        199.996186071659     
   15.6348800000000        199.120951335876     
   15.6434900000000        198.101010956296     
   15.6521000000000        196.908871892179     
   15.6607000000000        195.478611371667     
   15.6693000000000        193.719355845043     
   15.6779000000000        191.577670988606     
   15.6864900000000        189.086356531087     
   15.6950800000000        186.365280665780     
   15.7036700000000        183.607805131956     
   15.7122600000000        181.034496333034     
   15.7208400000000        178.836015631574     
   15.7294100000000        177.111134730203     
   15.7379900000000        175.844403847862     
   15.7465600000000        174.938287207802     
   15.7551300000000        174.257878573482     
   15.7637000000000        173.697342029296     
   15.7722600000000        173.210648929535     
   15.7808200000000        172.798708693787     
   15.7893700000000        172.474234671134     
   15.7979300000000        172.228191949465     
   15.8064700000000        172.029550724479     
   15.8150200000000        171.841161224397     
   15.8235600000000        171.633501166215     
   15.8321000000000        171.382027181572     
   15.8406400000000        171.080250674036     
   15.8491800000000        170.755231289296     
   15.8577100000000        170.456487920988     
   15.8662300000000        170.232477185628     
   15.8747600000000        170.129589993304     
   15.8832800000000        170.201895453217     
   15.8918000000000        170.503364462617     
   15.9003100000000        171.068920883564     
   15.9088200000000        171.901692033910     
   15.9173300000000        172.973192173306     
   15.9258400000000        174.245584724399     
   15.9343400000000        175.698812247521     
   15.9428400000000        177.342203877651     
   15.9513300000000        179.187328018761     
   15.9598300000000        181.242114178131     
   15.9683100000000        183.503383365616     
   15.9768000000000        186.009664696381     
   15.9852800000000        188.825022560650     
   15.9937600000000        192.046275901697     
   16.0022400000000        195.752058686075     
   16.0107100000000        199.953731716047     
   16.0191800000000        204.574864858628     
   16.0276500000000        209.429319134016     
   16.0361200000000        214.256623919628     
   16.0445800000000        218.776537232760     
   16.0530300000000        222.753791953920     
   16.0614900000000        226.025981655343     
   16.0699400000000        228.487876966193     
   16.0783900000000        230.111851581774     
   16.0868300000000        230.895546287370     
   16.0952800000000        230.821374263114     
   16.1037100000000        229.835452427186     
   16.1121500000000        227.878207530186     
   16.1205800000000        224.959139896942     
   16.1290100000000        221.182909020057     
   16.1374400000000        216.737019544683     
   16.1458600000000        211.838328774156     
   16.1542800000000        206.670912566778     
   16.1627000000000        201.395472373922     
   16.1711100000000        196.163062399443     
   16.1795200000000        191.102968309188     
   16.1879300000000        186.337788244624     
   16.1963300000000        181.974270255344     
   16.2047300000000        178.080668643082     
   16.2131300000000        174.697259833931     
   16.2215200000000        171.822770701798     
   16.2299100000000        169.391315543494     
   16.2383000000000        167.282921000059     
   16.2466900000000        165.338015014360     
   16.2550700000000        163.391911799399     
   16.2634500000000        161.301081974780     
   16.2718200000000        158.979601944255     
   16.2802000000000        156.399914235547     
   16.2885600000000        153.606083092446     
   16.2969300000000        150.642919697501     
   16.3052900000000        147.555367095943     
   16.3136500000000        144.354341106973     
   16.3220100000000        141.052382036102     
   16.3303600000000        137.688138448475     
   16.3387100000000        134.319777251573     
   16.3470600000000        131.024490767895     
   16.3554000000000        127.879509552172     
   16.3637400000000        124.934549916409     
   16.3720800000000        122.210655135633     
   16.3804200000000        119.684572751245     
   16.3887500000000        117.290303785041     
   16.3970700000000        114.936769573786     
   16.4054000000000        112.549629674858     
   16.4137200000000        110.124494786542     
   16.4220400000000        107.709963468839     
   16.4303500000000        105.396102999514     
   16.4386700000000        103.269776649400     
   16.4469700000000        101.413985426575     
   16.4552800000000        99.8668905578668     
   16.4635800000000        98.6360621938664     
   16.4718800000000        97.6782245126822     
   16.4801800000000        96.9224249345137     
   16.4884700000000        96.3026562153597     
   16.4967600000000        95.7846676748185     
   16.5050500000000        95.3675658496436     
   16.5133300000000        95.0573243749058     
   16.5216100000000        94.8440755180148     
   16.5298900000000        94.7038705121005     
   16.5381600000000        94.6114214031287     
   16.5464300000000        94.5494938937561     
   16.5547000000000        94.5093166848958     
   16.5629700000000        94.4830637369677     
   16.5712300000000        94.4547850428968     
   16.5794900000000        94.3964681850213     
   16.5877400000000        94.2736048813148     
   16.5959900000000        94.0557000963214     
   16.6042400000000        93.7238220429915     
   16.6124900000000        93.2688901707501     
   16.6207300000000        92.6861883854710     
   16.6289700000000        91.9705837275717     
   16.6372000000000        91.1210405231725     
   16.6454400000000        90.1378865844494     
   16.6536700000000        89.0323535515782     
   16.6618900000000        87.8235938627149     
   16.6701200000000        86.5409447327005     
   16.6783400000000        85.2345535717601     
   16.6865500000000        83.9634676936842     
   16.6947700000000        82.7879854432564     
   16.7029800000000        81.7672286950836     
   16.7111900000000        80.9385133256322     
   16.7193900000000        80.3193221275733     
   16.7275900000000        79.9052024736868     
   16.7357900000000        79.6772417550583     
   16.7439800000000        79.6036820654568     
   16.7521800000000        79.6396665920844     
   16.7603600000000        79.7295058122247     
   16.7685500000000        79.8186669398884     
   16.7767300000000        79.8740832679097     
   16.7849100000000        79.9038893660167     
   16.7930900000000        79.9580053169397     
   16.8012600000000        80.1057030168267     
   16.8094300000000        80.4009275486062     
   16.8175900000000        80.8522747943122     
   16.8257600000000        81.4143398636929     
   16.8339200000000        81.9911848878377     
   16.8420700000000        82.4609414978152     
   16.8502300000000        82.7046259348064     
   16.8583800000000        82.6365530965622     
   16.8665300000000        82.2320422930356     
   16.8746700000000        81.5301880364882     
   16.8828100000000        80.6108843333892     
   16.8909500000000        79.5637307618150     
   16.8990800000000        78.4596193595738     
   16.9072100000000        77.3289569440429     
   16.9153400000000        76.1631751394702     
   16.9234700000000        74.9273269432691     
   16.9315900000000        73.5872980444930     
   16.9397100000000        72.1296231902010     
   16.9478200000000        70.5800961919310     
   16.9559400000000        68.9917343672640     
   16.9640500000000        67.4460620480932     
   16.9721500000000        66.0260024042579     
   16.9802600000000        64.8017289194467     
   16.9883600000000        63.8269128846377     
   16.9964500000000        63.1190576518222     
   17.0045500000000        62.6600670801779     
   17.0126400000000        62.4046917132073     
   17.0207200000000        62.2868015404412     
   17.0288100000000        62.2364294814079     
   17.0368900000000        62.1950957128545     
   17.0449700000000        62.1249373788333     
   17.0530400000000        62.0092138729399     
   17.0611100000000        61.8434605272952     
   17.0691800000000        61.6250899718276     
