   7.15970000000000        423.406487719792     
   7.17100000000000        428.124123872652     
   7.18231000000000        438.104462882226     
   7.19360000000000        436.734258008694     
   7.20490000000000        435.425635476873     
   7.21619000000000        434.227217498758     
   7.22748000000000        420.073734159459     
   7.23877000000000        414.109591845313     
   7.25005000000000        407.344301653361     
   7.26133000000000        413.168747348761     
   7.27261000000000        416.245957603988     
   7.28388000000000        416.720510607303     
   7.29515000000000        433.731640206065     
   7.30642000000000        460.006620778406     
   7.31768000000000        480.890424171712     
   7.32894000000000        495.496885128035     
   7.34020000000000        504.748051795026     
   7.35146000000000        517.953194898059     
   7.36271000000000        525.464513867943     
   7.37396000000000        539.145402657826     
   7.38520000000000        538.185498627952     
   7.39644000000000        514.200892133067     
   7.40768000000000        500.211100390161     
   7.41892000000000        491.656066522648     
   7.43015000000000        497.929430361831     
   7.44138000000000        513.686762686315     
   7.45261000000000        525.084744419100     
   7.46383000000000        515.188842331258     
   7.47505000000000        502.782899750569     
   7.48626000000000        499.740118421870     
   7.49748000000000        522.256801377483     
   7.50869000000000        543.705140980654     
   7.51990000000000        551.888722198206     
   7.53110000000000        539.713416437175     
   7.54230000000000        528.800563337127     
   7.55350000000000        526.225948653645     
   7.56469000000000        533.803984630025     
   7.57588000000000        548.112781129308     
   7.58707000000000        555.862833223309     
   7.59826000000000        551.672495676039     
   7.60944000000000        556.484847301776     
   7.62062000000000        574.574486923668     
   7.63179000000000        600.400188796130     
   7.64296000000000        610.843071121971     
   7.65413000000000        596.014747119623     
   7.66530000000000        541.827289187403     
   7.67646000000000        492.299454458038     
   7.68762000000000        476.155209741158     
   7.69878000000000        479.892371561165     
   7.70993000000000        493.496483944595     
   7.72108000000000        502.271530255779     
   7.73223000000000        507.756156022920     
   7.74337000000000        501.010828781300     
   7.75451000000000        508.935699072081     
   7.76565000000000        529.583153383672     
   7.77678000000000        543.186915850624     
   7.78791000000000        540.437223551091     
   7.79904000000000        532.743132573293     
   7.81017000000000        532.423038988567     
   7.82129000000000        543.137750695906     
   7.83241000000000        562.888327292504     
   7.84352000000000        583.263248070178     
   7.85463000000000        584.025714198451     
   7.86574000000000        543.724197154902     
   7.87685000000000        490.901727516275     
   7.88795000000000        460.919849829108     
   7.89905000000000        456.889263169170     
   7.91015000000000        466.260183327754     
   7.92124000000000        463.698552771797     
   7.93233000000000        465.701724929104     
   7.94342000000000        466.766920027470     
   7.95450000000000        463.039850161099     
   7.96558000000000        462.924649932074     
   7.97666000000000        467.560412685058     
   7.98773000000000        464.496210775693     
   7.99880000000000        445.924762813988     
   8.00987000000000        416.556148332171     
   8.02093000000000        406.799914440762     
   8.03200000000000        418.800900604642     
   8.04305000000000        449.963588685952     
   8.05411000000000        474.839085048344     
   8.06516000000000        495.648362370133     
   8.07621000000000        516.092505375538     
   8.08726000000000        522.468231778684     
   8.09830000000000        530.242470868653     
   8.10934000000000        543.809312072536     
   8.12037000000000        568.095322070641     
   8.13141000000000        586.301505449705     
   8.14244000000000        587.968347609061     
   8.15346000000000        587.637562726045     
   8.16449000000000        581.954554913069     
   8.17551000000000        564.838577240013     
   8.18652000000000        537.024734706524     
   8.19754000000000        512.714425356861     
   8.20855000000000        476.965623202462     
   8.21955000000000        422.654890895132     
   8.23056000000000        376.062971367078     
   8.24156000000000        363.488497040641     
   8.25256000000000        374.791519265065     
   8.26355000000000        393.532628817403     
   8.27454000000000        418.080379234950     
   8.28553000000000        442.583398674179     
   8.29652000000000        467.000541757850     
   8.30750000000000        502.713256998679     
   8.31848000000000        538.682894108202     
   8.32946000000000        574.856868160063     
   8.34043000000000        598.340647838568     
   8.35140000000000        610.678986206365     
   8.36236000000000        614.577172643574     
   8.37333000000000        614.512511107664     
   8.38429000000000        627.111037283738     
   8.39524000000000        656.967734885431     
   8.40620000000000        684.926338420277     
   8.41715000000000        702.319242429925     
   8.42810000000000        713.214253183702     
   8.43904000000000        721.580602890925     
   8.44998000000000        701.139705026945     
   8.46092000000000        654.973600068941     
   8.47185000000000        623.506214136316     
   8.48278000000000        621.007260157098     
   8.49371000000000        631.353811065556     
   8.50464000000000        648.517557438190     
   8.51556000000000        665.849574240565     
   8.52648000000000        674.006661335279     
   8.53739000000000        666.241834603859     
   8.54831000000000        663.093690010380     
   8.55922000000000        673.312881101257     
   8.57012000000000        703.818501478401     
   8.58103000000000        738.890476577994     
   8.59193000000000        771.859620070225     
   8.60282000000000        782.619187981359     
   8.61372000000000        770.099635709127     
   8.62461000000000        753.798622672239     
   8.63549000000000        748.279881396950     
   8.64638000000000        761.601940622228     
   8.65726000000000        791.552855341962     
   8.66814000000000        831.348957994031     
   8.67901000000000        870.448991105968     
   8.68988000000000        894.784282236949     
   8.70075000000000        898.219328563821     
   8.71161000000000        891.363295714575     
   8.72248000000000        895.304055868283     
   8.73333000000000        908.828234219051     
   8.74419000000000        919.760541709486     
   8.75504000000000        913.188956950861     
   8.76589000000000        890.234673896881     
   8.77674000000000        850.313241596495     
   8.78758000000000        809.609650471086     
   8.79842000000000        780.334815202465     
   8.80926000000000        766.410909079540     
   8.82009000000000        761.613755683957     
   8.83092000000000        756.505532890974     
   8.84175000000000        751.629186185946     
   8.85257000000000        733.227945052413     
   8.86339000000000        710.619377057559     
   8.87421000000000        683.260761124871     
   8.88502000000000        657.256788331829     
   8.89583000000000        646.895916971273     
   8.90664000000000        649.843038217272     
   8.91745000000000        655.666707236405     
   8.92825000000000        657.684985746819     
   8.93905000000000        656.806971197571     
   8.94984000000000        656.841186911232     
   8.96063000000000        658.105037677662     
   8.97142000000000        657.925466735841     
   8.98221000000000        658.493966923270     
   8.99299000000000        655.302228801785     
   9.00377000000000        647.780744401043     
   9.01455000000000        641.287553016308     
   9.02532000000000        629.948291274795     
   9.03609000000000        605.555111628020     
   9.04686000000000        581.330305512536     
   9.05762000000000        563.457321629585     
   9.06838000000000        553.995838831764     
   9.07914000000000        548.078048899372     
   9.08989000000000        536.167832090706     
   9.10064000000000        521.398142255936     
   9.11139000000000        512.805984238897     
   9.12214000000000        502.332475389317     
   9.13288000000000        482.416474946268     
   9.14362000000000        459.543104699497     
   9.15435000000000        444.912136650489     
   9.16508000000000        434.469119119913     
   9.17581000000000        424.575108992304     
   9.18654000000000        418.143746895408     
   9.19726000000000        410.451754674737     
   9.20798000000000        402.760138776210     
   9.21870000000000        401.200080192802     
   9.22941000000000        403.642087553047     
   9.24012000000000        406.820147090596     
   9.25082000000000        407.241604577892     
   9.26153000000000        409.520601706816     
   9.27223000000000        417.392611444048     
   9.28293000000000        426.786110128721     
   9.29362000000000        431.972495448673     
   9.30431000000000        435.319618449622     
   9.31500000000000        432.750090277731     
   9.32568000000000        423.753665602496     
   9.33636000000000        419.847431516287     
   9.34704000000000        421.542821874439     
   9.35772000000000        422.661703019690     
   9.36839000000000        419.003003245027     
   9.37906000000000        414.425120000868     
   9.38972000000000        412.146685281247     
   9.40038000000000        410.417941617127     
   9.41104000000000        411.303462663392     
   9.42170000000000        410.337467322751     
   9.43235000000000        407.335516672945     
   9.44300000000000        407.040950003010     
   9.45365000000000        409.011331992218     
   9.46429000000000        410.386997361301     
   9.47493000000000        409.762329024932     
   9.48557000000000        407.248626648398     
   9.49620000000000        404.135913154502     
   9.50683000000000        403.462417996004     
   9.51746000000000        405.908894828834     
   9.52808000000000        408.119828029022     
   9.53871000000000        405.279227129759     
   9.54932000000000        400.074681509803     
   9.55994000000000        396.266165462965     
   9.57055000000000        394.088878794328     
   9.58116000000000        397.763706424427     
   9.59176000000000        407.164534074106     
   9.60237000000000        417.043484794758     
   9.61296000000000        425.528618601940     
   9.62356000000000        441.148918358172     
   9.63415000000000        459.137998168953     
   9.64474000000000        471.131899822129     
   9.65533000000000        478.389238771774     
   9.66591000000000        480.971468062412     
   9.67649000000000        478.258376175768     
   9.68707000000000        470.875773592134     
   9.69764000000000        457.859651376469     
   9.70821000000000        452.466407119913     
   9.71878000000000        459.062698101924     
   9.72934000000000        473.727315627472     
   9.73990000000000        491.236185966479     
   9.75046000000000        508.851573139283     
   9.76102000000000        530.039475009981     
   9.77157000000000        550.793524432642     
   9.78212000000000        566.587572004404     
   9.79266000000000        579.738106192779     
   9.80320000000000        586.158754072673     
   9.81374000000000        584.570437467317     
   9.82428000000000        581.917733465222     
   9.83481000000000        580.923514974464     
   9.84534000000000        583.556478270294     
   9.85586000000000        592.735178078951     
   9.86639000000000        597.104493255491     
   9.87691000000000        589.470340787902     
   9.88742000000000        574.764767934905     
   9.89794000000000        559.161015903186     
   9.90845000000000        545.639857950487     
   9.91895000000000        530.285189660326     
   9.92946000000000        510.896124155168     
   9.93996000000000        498.602361267257     
   9.95046000000000        500.177444987810     
   9.96095000000000        515.391322167086     
   9.97144000000000        535.471998630260     
   9.98193000000000        550.902597222537     
   9.99242000000000        561.623433881787     
   10.0029000000000        567.908824334866     
   10.0133800000000        566.138211014710     
   10.0238500000000        555.357072394476     
   10.0343200000000        536.728924086249     
   10.0447900000000        516.153048887467     
   10.0552600000000        501.240663896206     
   10.0657200000000        492.977447490268     
   10.0761800000000        490.713755090511     
   10.0866400000000        497.102925237021     
   10.0970900000000        509.533495403029     
   10.1075400000000        524.497974706697     
   10.1179900000000        542.407596315826     
   10.1284300000000        561.645078336753     
   10.1388700000000        579.463160581651     
   10.1493100000000        590.909255528830     
   10.1597400000000        593.941532363024     
   10.1701700000000        597.858975078649     
   10.1806000000000        608.766769352012     
   10.1910300000000        617.703948430119     
   10.2014500000000        620.252252337193     
   10.2118700000000        616.562801474118     
   10.2222800000000        608.937373982055     
   10.2326900000000        600.090541608996     
   10.2431000000000        590.677696337357     
   10.2535100000000        575.549114509219     
   10.2639100000000        558.185635334655     
   10.2743100000000        545.620776040151     
   10.2847100000000        538.953855944370     
   10.2951000000000        535.608757791895     
   10.3054900000000        533.011387210016     
   10.3158800000000        530.045069365860     
   10.3262600000000        527.978650983452     
   10.3366400000000        525.205540997492     
   10.3470200000000        520.782091227144     
   10.3573900000000        516.565202106549     
   10.3677600000000        510.603036563012     
   10.3781300000000        498.388865502244     
   10.3884900000000        478.498912492322     
   10.3988600000000        452.732844293625     
   10.4092100000000        427.564556121790     
   10.4195700000000        408.391641514116     
   10.4299200000000        396.829278731370     
   10.4402700000000        391.423903069300     
   10.4506100000000        389.702884250758     
   10.4609600000000        388.700532973528     
   10.4713000000000        390.205095236949     
   10.4816300000000        396.565130950839     
   10.4919600000000        405.993254768987     
   10.5022900000000        413.430036528251     
   10.5126200000000        416.586990875431     
   10.5229400000000        418.711487882716     
   10.5332600000000        422.451175816192     
   10.5435800000000        428.811408482877     
   10.5539000000000        436.916783000265     
   10.5642100000000        442.322007624034     
   10.5745100000000        441.759862984524     
   10.5848200000000        436.068193571984     
   10.5951200000000        426.185831260100     
   10.6054200000000        413.301274069567     
   10.6157100000000        399.137995343628     
   10.6260000000000        383.690237519307     
   10.6362900000000        366.733251483081     
   10.6465800000000        348.969950096705     
   10.6568600000000        333.199762302544     
   10.6671400000000        323.579929634894     
   10.6774100000000        320.481334351757     
   10.6876900000000        321.857517663146     
   10.6979600000000        326.521091060569     
   10.7082200000000        332.787656940733     
   10.7184900000000        341.717621644710     
   10.7287500000000        353.615223149135     
   10.7390000000000        365.182346460998     
   10.7492600000000        373.338177684140     
   10.7595100000000        378.241717260286     
   10.7697500000000        382.243999495139     
   10.7800000000000        387.479764850515     
   10.7902400000000        392.281423516950     
   10.8004800000000        395.547270904029     
   10.8107100000000        398.535925642951     
   10.8209400000000        402.036346913354     
   10.8311700000000        405.372871666133     
   10.8414000000000        409.227852917413     
   10.8516200000000        416.559350005558     
   10.8618400000000        427.053756743514     
   10.8720500000000        436.478147608405     
   10.8822700000000        444.059430972435     
   10.8924800000000        451.224734335680     
   10.9026800000000        460.183659162557     
   10.9128800000000        472.250396107329     
   10.9230800000000        486.386729971444     
   10.9332800000000        499.945931057257     
   10.9434700000000        509.883263978802     
   10.9536600000000        514.625161388472     
   10.9638500000000        513.417910365364     
   10.9740400000000        506.596599423766     
   10.9842200000000        499.501193917084     
   10.9943900000000        497.721832164083     
   11.0045700000000        501.510570827069     
   11.0147400000000        507.952362440256     
   11.0249100000000        515.443537059294     
   11.0350700000000        523.057109741904     
   11.0452300000000        529.426303012667     
   11.0553900000000        532.563515543848     
   11.0655500000000        531.888853317654     
   11.0757000000000        529.389781512679     
   11.0858500000000        528.223359318384     
   11.0960000000000        529.957179354014     
   11.1061400000000        532.810296921458     
   11.1162800000000        534.196205164157     
   11.1264200000000        535.528945076441     
   11.1365500000000        540.721430860794     
   11.1466800000000        548.869919052012     
   11.1568100000000        555.273117169046     
   11.1669300000000        560.026245821876     
   11.1770500000000        565.491316615868     
   11.1871700000000        570.446186634017     
   11.1972800000000        573.965846737381     
   11.2073900000000        576.799299825755     
   11.2175000000000        579.778872062930     
   11.2276100000000        585.632228949096     
   11.2377100000000        596.355306589577     
   11.2478100000000        612.112221787060     
   11.2579000000000        630.036698043590     
   11.2679900000000        644.397292599703     
   11.2780800000000        652.142216849195     
   11.2881700000000        655.562495808386     
   11.2982500000000        657.483039152983     
   11.3083300000000        660.600259795897     
   11.3184100000000        667.152895300774     
   11.3284800000000        676.080090034230     
   11.3385500000000        685.905698901938     
   11.3486200000000        696.020577556710     
   11.3586800000000        705.072654866584     
   11.3687400000000        712.485968962686     
   11.3788000000000        717.686115266178     
   11.3888500000000        720.776376033317     
   11.3989000000000        723.237107758411     
   11.4089500000000        725.054691134317     
   11.4189900000000        724.791801565040     
   11.4290400000000        722.453462483842     
   11.4390700000000        719.594766781841     
   11.4491100000000        718.438931513006     
   11.4591400000000        720.801231252811     
   11.4691700000000        727.546905076067     
   11.4792000000000        737.266353531905     
   11.4892200000000        746.543601583834     
   11.4992400000000        754.580834612701     
   11.5092500000000        761.833900135289     
   11.5192700000000        768.227319774589     
   11.5292800000000        773.824382514543     
   11.5392800000000        779.433666535229     
   11.5492900000000        785.630512436366     
   11.5592900000000        792.487943115341     
   11.5692800000000        800.073578540446     
   11.5792800000000        808.986938697096     
   11.5892700000000        818.939375871556     
   11.5992600000000        827.277575537295     
   11.6092400000000        832.669858890484     
   11.6192200000000        836.212231127160     
   11.6292000000000        840.634640309551     
   11.6391700000000        848.586177881209     
   11.6491500000000        860.334301357649     
   11.6591200000000        875.207710868719     
   11.6690800000000        891.762721278118     
   11.6790400000000        907.659296101859     
   11.6890000000000        921.922568648259     
   11.6989600000000        934.743842754268     
   11.7089100000000        946.161553828929     
   11.7188600000000        955.123478862691     
   11.7288100000000        960.693147187983     
   11.7387500000000        963.744408201517     
   11.7486900000000        965.359768658216     
   11.7586300000000        966.253552890113     
   11.7685600000000        966.990906436810     
   11.7784900000000        967.075214109605     
   11.7884200000000        965.628787647857     
   11.7983400000000        963.429671971624     
   11.8082600000000        962.265218058940     
   11.8181800000000        961.459267893042     
   11.8281000000000        958.263239357202     
   11.8380100000000        952.177728832354     
   11.8479200000000        945.096403884969     
   11.8578200000000        939.431048610610     
   11.8677200000000        936.338686672419     
   11.8776200000000        934.868445417232     
   11.8875200000000        933.384157604955     
   11.8974100000000        930.212441872263     
   11.9073000000000        923.743288491145     
   11.9171900000000        914.581019009734     
   11.9270700000000        906.430603477112     
   11.9369500000000        902.480684578609     
   11.9468300000000        902.072027558737     
   11.9567000000000        901.369674061506     
   11.9665700000000        897.853228968735     
   11.9764400000000        892.603168336812     
   11.9863000000000        889.170458511623     
   11.9961600000000        890.207093947751     
   12.0060200000000        895.351866470158     
   12.0158700000000        903.895830951963     
   12.0257300000000        916.170850752050     
   12.0355700000000        932.052253898118     
   12.0454200000000        949.796504775402     
   12.0552600000000        966.934734242987     
   12.0651000000000        983.750101926574     
   12.0749400000000        1001.17821199279     
   12.0847700000000        1017.25458705105     
   12.0946000000000        1030.38127336078     
   12.1044200000000        1040.48577841024     
   12.1142500000000        1048.26700894854     
   12.1240700000000        1055.95945569262     
   12.1338800000000        1064.37461376883     
   12.1437000000000        1071.25844340937     
   12.1535100000000        1075.40048116232     
   12.1633100000000        1078.70967352906     
   12.1731200000000        1083.71360668522     
   12.1829200000000        1091.35312465551     
   12.1927200000000        1101.95525982898     
   12.2025100000000        1115.62671556300     
   12.2123000000000        1130.24346223476     
   12.2220900000000        1143.35653266181     
   12.2318700000000        1155.23343239559     
   12.2416600000000        1167.32072121001     
   12.2514300000000        1178.88467370476     
   12.2612100000000        1187.78282265527     
   12.2709800000000        1192.51065644680     
   12.2807500000000        1192.34009006550     
   12.2905200000000        1188.52798243922     
   12.3002800000000        1185.70835084600     
   12.3100400000000        1187.85305393319     
   12.3198000000000        1194.25229575273     
   12.3295500000000        1200.00252911066     
   12.3393000000000        1201.56653107913     
   12.3490500000000        1200.36094361751     
   12.3587900000000        1199.17905777919     
   12.3685300000000        1198.79457821851     
   12.3782700000000        1198.68049087494     
   12.3880000000000        1199.09422903295     
   12.3977300000000        1200.74624404475     
   12.4074600000000        1203.52274853047     
   12.4171800000000        1206.49926935639     
   12.4269100000000        1209.81724127218     
   12.4366200000000        1214.03649928461     
   12.4463400000000        1217.74067191872     
   12.4560500000000        1218.28445586648     
   12.4657600000000        1213.85789108875     
   12.4754700000000        1205.05770565303     
   12.4851700000000        1194.69220552205     
   12.4948700000000        1185.34740619414     
   12.5045600000000        1178.34378775713     
   12.5142600000000        1173.60225050355     
   12.5239500000000        1171.11489702705     
   12.5336300000000        1171.94128278986     
   12.5433200000000        1176.63213973922     
   12.5530000000000        1184.81327393212     
   12.5626800000000        1195.75369366850     
   12.5723500000000        1207.91348969380     
   12.5820200000000        1220.11698768605     
   12.5916900000000        1232.70072407821     
   12.6013500000000        1246.29554324096     
   12.6110100000000        1260.68599182059     
   12.6206700000000        1275.16249930220     
   12.6303300000000        1289.42625992970     
   12.6399800000000        1304.09971563629     
   12.6496300000000        1319.33067959193     
   12.6592700000000        1334.38072519793     
   12.6689200000000        1348.69646655984     
   12.6785500000000        1362.49688142721     
   12.6881900000000        1377.89558252790     
   12.6978200000000        1397.96256311057     
   12.7074500000000        1423.46205122757     
   12.7170800000000        1451.87352076717     
   12.7267000000000        1480.85607462798     
   12.7363200000000        1509.88127467789     
   12.7459400000000        1537.76184674231     
   12.7555500000000        1561.74213370515     
   12.7651600000000        1579.33923135253     
   12.7747700000000        1589.96079103667     
   12.7843800000000        1595.70338799125     
   12.7939800000000        1599.72106061075     
   12.8035800000000        1603.39613312994     
   12.8131700000000        1606.34811115981     
   12.8227600000000        1608.06644469284     
   12.8323500000000        1609.42674160930     
   12.8419400000000        1612.64428942885     
   12.8515200000000        1618.96924880386     
   12.8611000000000        1627.96009150074     
   12.8706700000000        1638.97788630909     
   12.8802500000000        1651.68103622467     
   12.8898100000000        1664.99765573044     
   12.8993800000000        1677.59941504617     
   12.9089400000000        1689.53483832618     
   12.9185000000000        1701.79147536972     
   12.9280600000000        1713.78159373473     
   12.9376100000000        1722.83936163077     
   12.9471700000000        1726.57348955953     
   12.9567100000000        1725.22160797233     
   12.9662600000000        1721.10492223860     
   12.9758000000000        1716.58120337629     
   12.9853400000000        1713.38012404017     
   12.9948700000000        1712.71289191662     
   13.0044000000000        1714.72918903262     
   13.0139300000000        1718.95354331668     
   13.0234600000000        1725.05251815209     
   13.0329800000000        1732.46318278646     
   13.0425000000000        1739.99132239197     
   13.0520100000000        1746.15497679885     
   13.0615200000000        1750.58467896512     
   13.0710300000000        1754.88974613160     
   13.0805400000000        1761.06031227779     
   13.0900400000000        1768.93217942102     
   13.0995400000000        1776.24199826087     
   13.1090400000000        1781.65930043456     
   13.1185300000000        1785.92777349392     
   13.1280200000000        1788.75730311460     
   13.1375100000000        1787.57984536733     
   13.1469900000000        1780.33984273372     
   13.1564700000000        1767.20167275950     
   13.1659500000000        1750.72143035362     
   13.1754300000000        1735.22789762723     
   13.1849000000000        1724.48377963619     
   13.1943700000000        1719.70943664290     
   13.2038300000000        1719.78190069103     
   13.2132900000000        1722.22556258780     
   13.2227500000000        1724.37685888596     
   13.2322100000000        1724.16002370364     
   13.2416600000000        1720.14044861120     
   13.2511100000000        1712.44690687725     
   13.2605500000000        1703.37469968218     
   13.2700000000000        1696.20839710939     
   13.2794400000000        1694.11758014970     
   13.2888700000000        1699.06055284477     
   13.2983100000000        1710.52467200640     
   13.3077400000000        1725.39732181678     
   13.3171600000000        1740.31477159967     
   13.3265900000000        1753.58789465758     
   13.3360100000000        1764.40722673519     
   13.3454300000000        1771.75422584297     
   13.3548400000000        1774.61921320866     
   13.3642500000000        1772.90830865829     
   13.3736600000000        1767.30701988728     
   13.3830600000000        1758.25834446732     
   13.3924700000000        1746.01913638335     
   13.4018600000000        1731.67893330107     
   13.4112600000000        1716.75974598029     
   13.4206500000000        1702.62246761021     
   13.4300400000000        1690.52208663037     
   13.4394300000000        1682.01389715353     
   13.4488100000000        1678.32820766823     
   13.4581900000000        1679.56157028418     
   13.4675600000000        1684.49222596989     
   13.4769400000000        1691.40393940102     
   13.4863100000000        1699.65530298285     
   13.4956700000000        1710.12476990657     
   13.5050400000000        1724.19441643395     
   13.5144000000000        1742.29626798567     
   13.5237600000000        1762.97057976184     
   13.5331100000000        1783.12205959757     
   13.5424600000000        1800.37577680633     
   13.5518100000000        1815.27151029206     
   13.5611500000000        1830.85618017226     
   13.5704900000000        1850.13464012935     
   13.5798300000000        1873.43214893552     
   13.5891700000000        1897.72930099972     
   13.5985000000000        1918.58471546925     
   13.6078300000000        1933.04724064709     
   13.6171500000000        1940.64383599490     
   13.6264800000000        1942.61746383040     
   13.6358000000000        1941.03330513916     
   13.6451100000000        1938.17513977949     
   13.6544200000000        1935.81168140512     
   13.6637300000000        1935.44757004062     
   13.6730400000000        1938.68916495979     
   13.6823400000000        1946.50008051005     
   13.6916400000000        1958.42079151393     
   13.7009400000000        1972.22239497178     
   13.7102400000000        1984.40283380110     
   13.7195300000000        1992.30185513719     
   13.7288100000000        1995.62725371172     
   13.7381000000000        1995.11849303467     
   13.7473800000000        1990.60811295480     
   13.7566600000000        1981.06927017613     
   13.7659300000000        1966.07014448440     
   13.7752000000000        1946.78259799343     
   13.7844700000000        1925.71125498863     
   13.7937400000000        1904.95495819909     
   13.8030000000000        1884.99267646074     
   13.8122600000000        1865.51708100367     
   13.8215200000000        1846.48753404190     
   13.8307700000000        1827.75390763483     
   13.8400200000000        1808.88570981019     
   13.8492600000000        1789.81205355374     
   13.8585100000000        1770.87918199227     
   13.8677500000000        1752.42846309824     
   13.8769800000000        1734.14790897636     
   13.8862200000000        1715.60819794939     
   13.8954500000000        1697.34689694285     
   13.9046800000000        1680.71278093068     
   13.9139000000000        1667.00251976408     
   13.9231200000000        1656.24176267740     
   13.9323400000000        1646.88299143160     
   13.9415500000000        1636.84096308920     
   13.9507700000000        1625.11204268744     
   13.9599700000000        1612.54718077940     
   13.9691800000000        1600.56517254426     
   13.9783800000000        1589.48086022411     
   13.9875800000000        1578.06597897155     
   13.9967800000000        1565.13106212962     
   14.0059700000000        1550.74474395336     
   14.0151600000000        1535.83779816934     
   14.0243400000000        1521.32694169145     
   14.0335300000000        1507.54000847146     
   14.0427100000000        1494.37488055812     
   14.0518800000000        1481.34480760278     
   14.0610600000000        1467.49161165426     
   14.0702300000000        1451.59704974374     
   14.0794000000000        1432.88405455294     
   14.0885600000000        1411.85072493608     
   14.0977200000000        1390.07486926219     
   14.1068800000000        1369.55549560963     
   14.1160300000000        1351.71853580349     
   14.1251800000000        1336.64157754323     
   14.1343300000000        1323.47431637326     
   14.1434800000000        1311.40504219947     
   14.1526200000000        1300.28635898200     
   14.1617600000000        1290.42879072515     
   14.1708900000000        1282.08043544036     
   14.1800300000000        1274.99801934031     
   14.1891500000000        1268.55531137930     
   14.1982800000000        1261.97689897922     
   14.2074000000000        1254.67025565294     
   14.2165200000000        1246.24601643004     
   14.2256400000000        1236.67970008958     
   14.2347500000000        1226.45622124428     
   14.2438600000000        1216.39714757162     
   14.2529700000000        1207.47278246835     
   14.2620700000000        1200.70963766611     
   14.2711800000000        1196.98485863694     
   14.2802700000000        1196.67842409543     
   14.2893700000000        1199.35969094408     
   14.2984600000000        1203.93768791289     
   14.3075500000000        1209.07363140559     
   14.3166300000000        1213.66363805935     
   14.3257100000000        1217.19559029138     
   14.3347900000000        1219.46761487091     
   14.3438700000000        1220.05822232485     
   14.3529400000000        1218.48267002766     
   14.3620100000000        1214.81394822452     
   14.3710700000000        1209.58836869115     
   14.3801400000000        1203.17195557801     
   14.3892000000000        1195.75601601522     
   14.3982500000000        1187.56938457977     
   14.4073100000000        1178.76099134511     
   14.4163600000000        1169.42003544056     
   14.4254000000000        1159.89034583975     
   14.4344500000000        1150.90259580714     
   14.4434900000000        1143.24863243127     
   14.4525200000000        1137.27039061896     
   14.4615600000000        1132.66294632345     
   14.4705900000000        1128.64534533704     
   14.4796200000000        1124.33807327280     
   14.4886400000000        1119.06606643029     
   14.4976600000000        1112.40654303424     
   14.5066800000000        1104.31235970694     
   14.5157000000000        1095.14200800852     
   14.5247100000000        1085.45983570859     
   14.5337200000000        1075.72727085299     
   14.5427200000000        1066.18337327127     
   14.5517300000000        1056.78295265549     
   14.5607300000000        1047.57171913944     
   14.5697200000000        1038.98727564178     
   14.5787100000000        1031.71357151848     
   14.5877000000000        1026.08711658298     
   14.5966900000000        1021.70761846202     
   14.6056700000000        1017.79816609213     
   14.6146600000000        1013.97342454562     
   14.6236300000000        1010.58766850271     
   14.6326100000000        1008.17128450317     
   14.6415800000000        1006.75363814997     
   14.6505400000000        1005.70208440513     
   14.6595100000000        1004.22838272075     
   14.6684700000000        1001.87462173490     
   14.6774300000000        998.565487637835     
   14.6863800000000        994.577643871046     
   14.6953400000000        990.517651547164     
   14.7042800000000        987.108737695280     
   14.7132300000000        984.732995959426     
   14.7221700000000        983.304010841432     
   14.7311100000000        982.404218478393     
   14.7400500000000        981.480463297480     
   14.7489800000000        979.800031551436     
   14.7579100000000        976.439820297510     
   14.7668400000000        970.687087452011     
   14.7757600000000        962.525851163584     
   14.7846800000000        952.546576535242     
   14.7936000000000        941.535737745372     
   14.8025100000000        930.270297805219     
   14.8114200000000        919.488277345540     
   14.8203300000000        909.803559964668     
   14.8292300000000        901.501579963777     
   14.8381300000000        894.568377292683     
   14.8470300000000        888.964494511675     
   14.8559300000000        884.683527667191     
   14.8648200000000        881.564938571045     
   14.8737100000000        879.087113923027     
   14.8825900000000        876.476239259489     
   14.8914700000000        873.048611366838     
   14.9003500000000        868.478696714323     
   14.9092300000000        862.778131461306     
   14.9181000000000        856.161101019567     
   14.9269700000000        848.891488763545     
   14.9358400000000        841.231373746671     
   14.9447000000000        833.432839786072     
   14.9535600000000        825.687846126179     
   14.9624200000000        818.149658660666     
   14.9712700000000        811.003478336888     
   14.9801200000000        804.494196873372     
   14.9889700000000        798.928639931525     
   14.9978100000000        794.615366775701     
   15.0066500000000        791.736511648094     
   15.0154900000000        790.203715518457     
   15.0243300000000        789.582444226098     
   15.0331600000000        789.230349136041     
   15.0419900000000        788.618647471490     
   15.0508100000000        787.646936450796     
   15.0596300000000        786.645477362427     
   15.0684500000000        786.051783464539     
   15.0772700000000        786.100488712582     
   15.0860800000000        786.757199659250     
   15.0948900000000        787.791647528720     
   15.1037000000000        788.870659804989     
   15.1125000000000        789.696588526224     
   15.1213000000000        790.171976637701     
   15.1301000000000        790.448541666023     
   15.1388900000000        790.799273718153     
   15.1476800000000        791.435531961648     
   15.1564700000000        792.445121073993     
   15.1652500000000        793.857003542651     
   15.1740300000000        795.753068964573     
   15.1828100000000        798.328552928162     
   15.1915800000000        801.851579031155     
   15.2003500000000        806.568039226027     
   15.2091200000000        812.591797206429     
   15.2178900000000        819.848627296684     
   15.2266500000000        828.048606800239     
   15.2354100000000        836.778592941508     
   15.2441600000000        845.664026957507     
   15.2529200000000        854.636622855581     
   15.2616700000000        863.919637145477     
   15.2704100000000        873.982418900394     
   15.2791500000000        885.402132016312     
   15.2878900000000        898.721091807596     
   15.2966300000000        914.295493489264     
   15.3053600000000        932.095380580422     
   15.3140900000000        951.697962175552     
   15.3228200000000        972.402051532654     
   15.3315400000000        993.583258581598     
   15.3402600000000        1015.08404541631     
   15.3489800000000        1037.12496208803     
   15.3577000000000        1059.94641373243     
   15.3664100000000        1083.34158724207     
   15.3751200000000        1106.51378085880     
   15.3838200000000        1128.02671183524     
   15.3925200000000        1146.24572301725     
   15.4012200000000        1159.74073357835     
   15.4099200000000        1167.66212316417     
   15.4186100000000        1169.80818900303     
   15.4273000000000        1166.52155475427     
   15.4359800000000        1158.57804687599     
   15.4446700000000        1147.14252242273     
   15.4533400000000        1133.76722895333     
   15.4620200000000        1119.90639851414     
   15.4706900000000        1106.65072106059     
   15.4793600000000        1094.48474139342     
   15.4880300000000        1083.61881924816     
   15.4966900000000        1074.28456737649     
   15.5053500000000        1066.70954078416     
   15.5140100000000        1060.90293408017     
   15.5226700000000        1056.41904914203     
   15.5313200000000        1052.44962876818     
   15.5399600000000        1048.19157041883     
   15.5486100000000        1043.15559615652     
   15.5572500000000        1037.21194300843     
   15.5658900000000        1030.38339019949     
   15.5745200000000        1022.76481682433     
   15.5831600000000        1014.49195579907     
   15.5917900000000        1005.83529951833     
   15.6004100000000        997.081949168390     
   15.6090300000000        988.391828923070     
   15.6176500000000        979.733984760010     
   15.6262700000000        970.967126962780     
   15.6348800000000        961.996832375928     
   15.6434900000000        952.755596947610     
   15.6521000000000        943.113828392997     
   15.6607000000000        932.801826354257     
   15.6693000000000        921.446537085508     
   15.6779000000000        908.781851413165     
   15.6864900000000        894.814007617098     
   15.6950800000000        879.831133191972     
   15.7036700000000        864.385654790719     
   15.7122600000000        849.130810529885     
   15.7208400000000        834.681983105947     
   15.7294100000000        821.481535755162     
   15.7379900000000        809.752169884674     
   15.7465600000000        799.575738765250     
   15.7551300000000        790.820553993556     
   15.7637000000000        783.274737192075     
   15.7722600000000        776.733514659447     
   15.7808200000000        771.012886587280     
   15.7893700000000        765.931411103758     
   15.7979300000000        761.196371734293     
   15.8064700000000        756.434090353380     
   15.8150200000000        751.225740901331     
   15.8235600000000        745.321998053774     
   15.8321000000000        738.717349298464     
   15.8406400000000        731.711917903518     
   15.8491800000000        724.808070150227     
   15.8577100000000        718.514159975763     
   15.8662300000000        713.184942492066     
   15.8747600000000        709.033850334541     
   15.8832800000000        706.224871167755     
   15.8918000000000        704.837605251060     
   15.9003100000000        704.857338228912     
   15.9088200000000        706.162432530771     
   15.9173300000000        708.556307027803     
   15.9258400000000        711.822686175675     
   15.9343400000000        715.773716307050     
   15.9428400000000        720.251036854025     
   15.9513300000000        725.043644194645     
   15.9598300000000        729.905740534987     
   15.9683100000000        734.617326391656     
   15.9768000000000        739.191025610411     
   15.9852800000000        743.872383545875     
   15.9937600000000        749.102669733020     
   16.0022400000000        755.305528582451     
   16.0107100000000        762.682646060840     
   16.0191800000000        771.132039285198     
   16.0276500000000        780.247934980304     
   16.0361200000000        789.447920891433     
   16.0445800000000        798.098779909699     
   16.0530300000000        805.621463311049     
   16.0614900000000        811.537588093320     
   16.0699400000000        815.481793982626     
   16.0783900000000        817.296844120424     
   16.0868300000000        816.961807191075     
   16.0952800000000        814.482624300306     
   16.1037100000000        809.825761678758     
   16.1121500000000        802.905158524305     
   16.1205800000000        793.744853713023     
   16.1290100000000        782.511654547819     
   16.1374400000000        769.529078551216     
   16.1458600000000        755.199104029052     
   16.1542800000000        739.880778362961     
   16.1627000000000        723.936067708610     
   16.1711100000000        707.762540021826     
   16.1795200000000        691.733068614712     
   16.1879300000000        676.221255061537     
   16.1963300000000        661.576752138329     
   16.2047300000000        648.075737702962     
   16.2131300000000        635.978968247961     
   16.2215200000000        625.483316219412     
   16.2299100000000        616.601139915354     
   16.2383000000000        609.138905861063     
   16.2466900000000        602.686887415420     
   16.2550700000000        596.698849293619     
   16.2634500000000        590.587167074091     
   16.2718200000000        583.891810487049     
   16.2802000000000        576.361363137964     
   16.2885600000000        568.049787977857     
   16.2969300000000        559.113578176039     
   16.3052900000000        549.763958824865     
   16.3136500000000        540.099021466168     
   16.3220100000000        530.169365866815     
   16.3303600000000        520.059668026600     
   16.3387100000000        509.906621301094     
   16.3470600000000        499.924802365260     
   16.3554000000000        490.354396963710     
   16.3637400000000        481.372824752740     
   16.3720800000000        473.083319724445     
   16.3804200000000        465.453605062572     
   16.3887500000000        458.302243148445     
   16.3970700000000        451.332953287113     
   16.4054000000000        444.239910608654     
   16.4137200000000        436.853278951504     
   16.4220400000000        429.111578389100     
   16.4303500000000        421.100988334969     
   16.4386700000000        413.005234597875     
   16.4469700000000        405.163708218800     
   16.4552800000000        397.896998900622     
   16.4635800000000        391.500350429437     
   16.4718800000000        386.078553249786     
   16.4801800000000        381.570954698361     
   16.4884700000000        377.828676395487     
   16.4967600000000        374.712109725116     
   16.5050500000000        372.159417807856     
   16.5133300000000        370.154343119586     
   16.5216100000000        368.658858943844     
   16.5298900000000        367.585221703451     
   16.5381600000000        366.792792188388     
   16.5464300000000        366.109579641145     
   16.5547000000000        365.368941217556     
   16.5629700000000        364.431505692449     
   16.5712300000000        363.188533288022     
   16.5794900000000        361.548340412656     
   16.5877400000000        359.443446855110     
   16.5959900000000        356.838994750572     
   16.6042400000000        353.753355227477     
   16.6124900000000        350.250391546752     
   16.6207300000000        346.423246470660     
   16.6289700000000        342.362269387315     
   16.6372000000000        338.160298580101     
   16.6454400000000        333.873998541589     
   16.6536700000000        329.553506697040     
   16.6618900000000        325.225133881443     
   16.6701200000000        320.918366374181     
   16.6783400000000        316.720393584737     
   16.6865500000000        312.748969193655     
   16.6947700000000        309.136638564429     
   16.7029800000000        306.023601018432     
   16.7111900000000        303.489422356483     
   16.7193900000000        301.547671545893     
   16.7275900000000        300.123385686673     
   16.7357900000000        299.067152738002     
   16.7439800000000        298.174772003958     
   16.7521800000000        297.220518325707     
   16.7603600000000        296.013951635320     
   16.7685500000000        294.435382404686     
   16.7767300000000        292.491790017549     
   16.7849100000000        290.315517282742     
   16.7930900000000        288.141487444583     
   16.8012600000000        286.238657679707     
   16.8094300000000        284.817781009929     
   16.8175900000000        283.973009019981     
   16.8257600000000        283.649103917767     
   16.8339200000000        283.664866859585     
   16.8420700000000        283.759508334779     
   16.8502300000000        283.667365978971     
   16.8583800000000        283.195147337810     
   16.8665300000000        282.277408351060     
   16.8746700000000        280.983142663221     
   16.8828100000000        279.461408780883     
   16.8909500000000        277.868275427286     
   16.8990800000000        276.297511966896     
   16.9072100000000        274.733548761289     
   16.9153400000000        273.058524206242     
   16.9234700000000        271.096394949199     
   16.9315900000000        268.689258836521     
   16.9397100000000        265.752502360923     
   16.9478200000000        262.312016625780     
   16.9559400000000        258.471949857070     
   16.9640500000000        254.415050432472     
   16.9721500000000        250.343756531023     
   16.9802600000000        246.447084833308     
   16.9883600000000        242.898029569260     
   16.9964500000000        239.795761145253     
   17.0045500000000        237.157157552102     
   17.0126400000000        234.939298065678     
   17.0207200000000        233.032846490345     
   17.0288100000000        231.296676629968     
   17.0368900000000        229.612945365522     
   17.0449700000000        227.909636218001     
   17.0530400000000        226.182091527099     
   17.0611100000000        224.460472313381     
   17.0691800000000        222.773761105679     
