   7.15970000000000        91.6676192708965     
   7.17100000000000        93.0172205804448     
   7.18231000000000        95.2594918789767     
   7.19360000000000        95.2373303320509     
   7.20490000000000        94.8588538883917     
   7.21619000000000        94.8960659731595     
   7.22748000000000        91.9732569102775     
   7.23877000000000        90.5618088082275     
   7.25005000000000        89.4782146696061     
   7.26133000000000        91.1589559419617     
   7.27261000000000        92.6117674256939     
   7.28388000000000        93.6107602665672     
   7.29515000000000        97.2713945550681     
   7.30642000000000        102.805091835574     
   7.31768000000000        107.440256274742     
   7.32894000000000        110.693274375927     
   7.34020000000000        113.125383282135     
   7.35146000000000        117.388932340202     
   7.36271000000000        120.830279445942     
   7.37396000000000        124.262211066999     
   7.38520000000000        123.031757311164     
   7.39644000000000        117.564046230904     
   7.40768000000000        114.466449175792     
   7.41892000000000        112.062616230526     
   7.43015000000000        112.485506141872     
   7.44138000000000        114.365669980322     
   7.45261000000000        114.717514525336     
   7.46383000000000        112.638182742612     
   7.47505000000000        111.260384390365     
   7.48626000000000        110.779637760099     
   7.49748000000000        114.576510539175     
   7.50869000000000        118.169061367299     
   7.51990000000000        118.907394890857     
   7.53110000000000        115.092987491489     
   7.54230000000000        113.405419672220     
   7.55350000000000        113.505290631429     
   7.56469000000000        114.527271304067     
   7.57588000000000        115.970140697504     
   7.58707000000000        114.771972759460     
   7.59826000000000        112.491744534007     
   7.60944000000000        113.476552704553     
   7.62062000000000        117.787222598650     
   7.63179000000000        123.278004246022     
   7.64296000000000        124.482555384508     
   7.65413000000000        119.660715006222     
   7.66530000000000        110.538905366368     
   7.67646000000000        102.623598226222     
   7.68762000000000        99.5894368952528     
   7.69878000000000        99.2479372200143     
   7.70993000000000        98.9578861458487     
   7.72108000000000        97.0815830061297     
   7.73223000000000        95.2236274833198     
   7.74337000000000        93.2777726244323     
   7.75451000000000        93.1294198250414     
   7.76565000000000        94.8755049995727     
   7.77678000000000        96.1197786696244     
   7.78791000000000        95.6329449088066     
   7.79904000000000        94.4721448645016     
   7.81017000000000        93.8461187957018     
   7.82129000000000        94.7638015499587     
   7.83241000000000        97.1049029949766     
   7.84352000000000        100.538110461298     
   7.85463000000000        100.617905368797     
   7.86574000000000        95.1595093436618     
   7.87685000000000        87.8751750449656     
   7.88795000000000        83.5011334622384     
   7.89905000000000        82.2489658836050     
   7.91015000000000        82.4603654788415     
   7.92124000000000        80.0260717805742     
   7.93233000000000        78.6187482151131     
   7.94342000000000        77.7424634250490     
   7.95450000000000        76.3812293209450     
   7.96558000000000        74.7868115706701     
   7.97666000000000        73.5160866633749     
   7.98773000000000        71.6190950339548     
   7.99880000000000        68.8769976854379     
   8.00987000000000        65.2518398952130     
   8.02093000000000        64.3110980819604     
   8.03200000000000        67.0107836747704     
   8.04305000000000        72.3031916787455     
   8.05411000000000        75.7250950940020     
   8.06516000000000        78.5272030690827     
   8.07621000000000        82.2113165694880     
   8.08726000000000        85.0583332703724     
   8.09830000000000        88.2602560861899     
   8.10934000000000        91.1240478033319     
   8.12037000000000        95.1808364826532     
   8.13141000000000        97.9828932661832     
   8.14244000000000        97.7922939420929     
   8.15346000000000        97.7051622945716     
   8.16449000000000        96.7551876482354     
   8.17551000000000        93.3405169800167     
   8.18652000000000        86.8031729970044     
   8.19754000000000        80.5766750724517     
   8.20855000000000        73.9902554779256     
   8.21955000000000        66.5890822644942     
   8.23056000000000        61.5479534721000     
   8.24156000000000        62.1327113104145     
   8.25256000000000        66.1755197639275     
   8.26355000000000        70.8566912366789     
   8.27454000000000        76.1768672474039     
   8.28553000000000        81.5122790847149     
   8.29652000000000        88.1794444180717     
   8.30750000000000        97.7101946751207     
   8.31848000000000        106.725210246376     
   8.32946000000000        115.106131662313     
   8.34043000000000        119.367384303390     
   8.35140000000000        121.527341701747     
   8.36236000000000        123.772892885233     
   8.37333000000000        127.270579606236     
   8.38429000000000        133.038894408662     
   8.39524000000000        140.876370320064     
   8.40620000000000        146.001741169010     
   8.41715000000000        148.085268770623     
   8.42810000000000        147.419014955741     
   8.43904000000000        147.708504146183     
   8.44998000000000        143.504608561049     
   8.46092000000000        134.549913588042     
   8.47185000000000        127.638647295737     
   8.48278000000000        125.932277966175     
   8.49371000000000        125.683927426485     
   8.50464000000000        126.315792207912     
   8.51556000000000        128.044863996136     
   8.52648000000000        130.123584560621     
   8.53739000000000        131.434392136786     
   8.54831000000000        133.067364829009     
   8.55922000000000        136.498139620944     
   8.57012000000000        144.668868811989     
   8.58103000000000        154.059841271369     
   8.59193000000000        162.560121691288     
   8.60282000000000        166.219046845635     
   8.61372000000000        167.296134118793     
   8.62461000000000        169.182388787048     
   8.63549000000000        171.617775502171     
   8.64638000000000        175.992041399637     
   8.65726000000000        182.956963852843     
   8.66814000000000        190.608783093313     
   8.67901000000000        197.922116657231     
   8.68988000000000        203.137804440531     
   8.70075000000000        205.053292553858     
   8.71161000000000        203.866567443208     
   8.72248000000000        203.763316452639     
   8.73333000000000        204.601482514918     
   8.74419000000000        203.583538261885     
   8.75504000000000        198.172204601026     
   8.76589000000000        190.928064630244     
   8.77674000000000        181.426357720980     
   8.78758000000000        172.291729003156     
   8.79842000000000        166.209914988474     
   8.80926000000000        163.580527770882     
   8.82009000000000        162.061693220069     
   8.83092000000000        159.256611747371     
   8.84175000000000        156.470874951913     
   8.85257000000000        151.034083066191     
   8.86339000000000        146.797408569308     
   8.87421000000000        143.024238655399     
   8.88502000000000        139.688416154335     
   8.89583000000000        139.188559335339     
   8.90664000000000        140.833302877514     
   8.91745000000000        142.888126388663     
   8.92825000000000        143.220963054125     
   8.93905000000000        142.604423955711     
   8.94984000000000        142.737841211926     
   8.96063000000000        143.941484967710     
   8.97142000000000        145.204986403296     
   8.98221000000000        145.487529780740     
   8.99299000000000        143.263906288626     
   9.00377000000000        139.784116282871     
   9.01455000000000        136.792774239029     
   9.02532000000000        131.948327128989     
   9.03609000000000        124.449903894194     
   9.04686000000000        119.238178330530     
   9.05762000000000        117.500724164313     
   9.06838000000000        117.688053135884     
   9.07914000000000        117.604034222568     
   9.08989000000000        114.829251352764     
   9.10064000000000        109.974424714104     
   9.11139000000000        106.080682030787     
   9.12214000000000        101.116402088809     
   9.13288000000000        94.2228037022861     
   9.14362000000000        87.4583699461075     
   9.15435000000000        82.3621227001149     
   9.16508000000000        78.4975198123804     
   9.17581000000000        75.3832377665942     
   9.18654000000000        73.3683880559844     
   9.19726000000000        70.8742320103519     
   9.20798000000000        67.0344989407168     
   9.21870000000000        63.2988812833741     
   9.22941000000000        60.2143568878400     
   9.24012000000000        59.2376693921485     
   9.25082000000000        59.4853357949052     
   9.26153000000000        60.6451867350090     
   9.27223000000000        62.8544686206370     
   9.28293000000000        64.8165671754617     
   9.29362000000000        66.1486776691151     
   9.30431000000000        66.9492338113790     
   9.31500000000000        66.1829201642368     
   9.32568000000000        64.2784906363247     
   9.33636000000000        63.7749459489035     
   9.34704000000000        64.5595363730940     
   9.35772000000000        65.5285139972477     
   9.36839000000000        66.4397852258354     
   9.37906000000000        67.1498285486992     
   9.38972000000000        67.4120989315253     
   9.40038000000000        66.7798139275676     
   9.41104000000000        65.8120909921043     
   9.42170000000000        63.5767396297813     
   9.43235000000000        60.6358076037238     
   9.44300000000000        58.3188837921507     
   9.45365000000000        56.5660284424747     
   9.46429000000000        54.4196786241045     
   9.47493000000000        52.6324561705748     
   9.48557000000000        52.0169638980289     
   9.49620000000000        51.8245598537254     
   9.50683000000000        51.6341354783349     
   9.51746000000000        51.3115415594364     
   9.52808000000000        51.3440307983501     
   9.53871000000000        51.3099176981541     
   9.54932000000000        51.1482127517552     
   9.55994000000000        51.1772047817496     
   9.57055000000000        50.9289656925459     
   9.58116000000000        50.7494149877728     
   9.59176000000000        50.8767941095446     
   9.60237000000000        51.3492828038270     
   9.61296000000000        52.1105093681249     
   9.62356000000000        53.8910147741190     
   9.63415000000000        56.2054621616258     
   9.64474000000000        58.1679680461000     
   9.65533000000000        59.5895106383716     
   9.66591000000000        60.4156609257441     
   9.67649000000000        60.6287199834769     
   9.68707000000000        60.4926353272480     
   9.69764000000000        60.0197813735867     
   9.70821000000000        60.1689624771493     
   9.71878000000000        61.3222669209238     
   9.72934000000000        63.3771552333723     
   9.73990000000000        65.8526285823563     
   9.75046000000000        68.6978586174498     
   9.76102000000000        71.7618039114981     
   9.77157000000000        73.9743307660519     
   9.78212000000000        75.3952182849552     
   9.79266000000000        76.6382749316401     
   9.80320000000000        77.1235987787171     
   9.81374000000000        76.6747417570468     
   9.82428000000000        75.9195804079937     
   9.83481000000000        75.4021814527003     
   9.84534000000000        75.6211860553425     
   9.85586000000000        77.2679523636708     
   9.86639000000000        79.2037468921310     
   9.87691000000000        79.7446860808246     
   9.88742000000000        79.0450374990945     
   9.89794000000000        77.9886400210199     
   9.90845000000000        76.8826859826251     
   9.91895000000000        75.3099189196867     
   9.92946000000000        73.3023147806965     
   9.93996000000000        72.3481746340046     
   9.95046000000000        73.3231235209600     
   9.96095000000000        76.0926759263510     
   9.97144000000000        79.4922265198893     
   9.98193000000000        82.1025464916699     
   9.99242000000000        83.8979125146643     
   10.0029000000000        85.1446815191660     
   10.0133800000000        85.2636246712677     
   10.0238500000000        83.8005194813866     
   10.0343200000000        80.8752062334315     
   10.0447900000000        77.4161588935228     
   10.0552600000000        74.7674586626185     
   10.0657200000000        73.5431652072801     
   10.0761800000000        73.6448515643073     
   10.0866400000000        75.0859279257667     
   10.0970900000000        77.3691732916693     
   10.1075400000000        79.7414547975315     
   10.1179900000000        82.2951443903889     
   10.1284300000000        85.1477647780774     
   10.1388700000000        88.0319244098030     
   10.1493100000000        90.0004501168963     
   10.1597400000000        90.2466720448868     
   10.1701700000000        90.2914914238901     
   10.1806000000000        91.6050251639024     
   10.1910300000000        93.0053175659406     
   10.2014500000000        93.7303312836940     
   10.2118700000000        93.9305496224373     
   10.2222800000000        93.7724189820471     
   10.2326900000000        93.3050014425447     
   10.2431000000000        92.2360643745016     
   10.2535100000000        89.7133013602439     
   10.2639100000000        86.8039490456722     
   10.2743100000000        85.1240676862801     
   10.2847100000000        84.8140508458954     
   10.2951000000000        85.0636055581754     
   10.3054900000000        85.2003464787861     
   10.3158800000000        85.1597288241436     
   10.3262600000000        85.5107273833934     
   10.3366400000000        85.7834451807288     
   10.3470200000000        85.5002942410420     
   10.3573900000000        84.9581782427966     
   10.3677600000000        83.9233457517678     
   10.3781300000000        81.8244512789506     
   10.3884900000000        78.6097761413496     
   10.3988600000000        74.7952428309303     
   10.4092100000000        71.2176752009602     
   10.4195700000000        68.5762482682207     
   10.4299200000000        67.0555423269166     
   10.4402700000000        66.5374311998688     
   10.4506100000000        66.7496468261839     
   10.4609600000000        67.1392428040871     
   10.4713000000000        67.6904513721903     
   10.4816300000000        68.9756110195870     
   10.4919600000000        70.8546756446053     
   10.5022900000000        72.5474188738007     
   10.5126200000000        73.5257018970062     
   10.5229400000000        73.9828786591981     
   10.5332600000000        74.5361836908156     
   10.5435800000000        75.6002691337780     
   10.5539000000000        77.0926170951422     
   10.5642100000000        78.4443676847830     
   10.5745100000000        79.3561673505940     
   10.5848200000000        79.9430716981856     
   10.5951200000000        80.1008512779733     
   10.6054200000000        79.9362193240091     
   10.6157100000000        79.3942524444530     
   10.6260000000000        78.1512170387948     
   10.6362900000000        76.6354685248146     
   10.6465800000000        75.1229518515474     
   10.6568600000000        73.7228733184190     
   10.6671400000000        73.0102643775472     
   10.6774100000000        73.1820391134596     
   10.6876900000000        74.0776077309478     
   10.6979600000000        75.4553918791052     
   10.7082200000000        76.9322697874649     
   10.7184900000000        78.9666425753202     
   10.7287500000000        81.5737654545846     
   10.7390000000000        83.8999065140092     
   10.7492600000000        85.4209670833791     
   10.7595100000000        86.3711979933331     
   10.7697500000000        87.3519485836158     
   10.7800000000000        88.6277518358423     
   10.7902400000000        89.2985627031553     
   10.8004800000000        89.3563379144082     
   10.8107100000000        89.7715120239092     
   10.8209400000000        90.9076620205786     
   10.8311700000000        92.4164759894706     
   10.8414000000000        94.5642627964872     
   10.8516200000000        98.0795304117053     
   10.8618400000000        102.387798379321     
   10.8720500000000        105.874457157867     
   10.8822700000000        108.531210328039     
   10.8924800000000        111.284986480163     
   10.9026800000000        115.107335464859     
   10.9128800000000        120.117635156712     
   10.9230800000000        125.285266814071     
   10.9332800000000        129.615989532205     
   10.9434700000000        132.499641662135     
   10.9536600000000        133.799098476023     
   10.9638500000000        133.619702148182     
   10.9740400000000        132.037645059246     
   10.9842200000000        130.615290435951     
   10.9943900000000        130.889802103068     
   11.0045700000000        132.617969987449     
   11.0147400000000        135.083505411818     
   11.0249100000000        138.326288311309     
   11.0350700000000        142.011464362403     
   11.0452300000000        145.445108914520     
   11.0553900000000        147.989220827024     
   11.0655500000000        149.170885121174     
   11.0757000000000        149.319885193977     
   11.0858500000000        149.516211207857     
   11.0960000000000        150.493079344487     
   11.1061400000000        151.708026236788     
   11.1162800000000        152.046913707060     
   11.1264200000000        151.730514547982     
   11.1365500000000        152.114289455731     
   11.1466800000000        153.092128408587     
   11.1568100000000        153.543615486111     
   11.1669300000000        153.893278768863     
   11.1770500000000        154.988767073223     
   11.1871700000000        156.046608317084     
   11.1972800000000        156.860972250223     
   11.2073900000000        158.010726335731     
   11.2175000000000        159.072112329410     
   11.2276100000000        160.436159765265     
   11.2377100000000        163.128595681440     
   11.2478100000000        167.657635707650     
   11.2579000000000        173.194553433438     
   11.2679900000000        177.676214481990     
   11.2780800000000        180.122805182714     
   11.2881700000000        181.360389522647     
   11.2982500000000        182.005197948838     
   11.3083300000000        182.744577948603     
   11.3184100000000        184.485782298668     
   11.3284800000000        187.064188221654     
   11.3385500000000        189.764328430746     
   11.3486200000000        192.042215590932     
   11.3586800000000        193.626089654648     
   11.3687400000000        194.947596300348     
   11.3788000000000        196.389913100495     
   11.3888500000000        198.069149566100     
   11.3989000000000        200.053654945854     
   11.4089500000000        201.747628357422     
   11.4189900000000        202.372927450575     
   11.4290400000000        202.233100711377     
   11.4390700000000        202.268072340776     
   11.4491100000000        203.298782000292     
   11.4591400000000        205.778623694123     
   11.4691700000000        209.667581062622     
   11.4792000000000        214.135020657382     
   11.4892200000000        217.920843361866     
   11.4992400000000        220.722178406042     
   11.5092500000000        222.905301541164     
   11.5192700000000        224.790010036522     
   11.5292800000000        226.317938917950     
   11.5392800000000        227.601605979902     
   11.5492900000000        229.024454531904     
   11.5592900000000        230.590313246283     
   11.5692800000000        231.931112818837     
   11.5792800000000        233.122475412836     
   11.5892700000000        234.320404678221     
   11.5992600000000        234.876285952207     
   11.6092400000000        234.454710015185     
   11.6192200000000        233.553432738889     
   11.6292000000000        233.130300805328     
   11.6391700000000        233.826191362492     
   11.6491500000000        235.434069142544     
   11.6591200000000        237.624652059419     
   11.6690800000000        240.229090052776     
   11.6790400000000        242.929760531607     
   11.6890000000000        245.471609507382     
   11.6989600000000        247.859973641698     
   11.7089100000000        250.401346670980     
   11.7188600000000        253.028683489891     
   11.7288100000000        255.253159929414     
   11.7387500000000        256.849545275904     
   11.7486900000000        257.663883265886     
   11.7586300000000        257.813973879264     
   11.7685600000000        257.665138551264     
   11.7784900000000        257.283337475000     
   11.7884200000000        256.547611609357     
   11.7983400000000        255.750977965223     
   11.8082600000000        255.414817822241     
   11.8181800000000        255.168562483283     
   11.8281000000000        254.008324445517     
   11.8380100000000        251.489000485070     
   11.8479200000000        247.922462594022     
   11.8578200000000        244.350798708131     
   11.8677200000000        241.712550371537     
   11.8776200000000        240.071511856892     
   11.8875200000000        239.227798185600     
   11.8974100000000        238.851014174011     
   11.9073000000000        238.200729123513     
   11.9171900000000        236.867981088670     
   11.9270700000000        235.345528765625     
   11.9369500000000        234.371306516431     
   11.9468300000000        233.760131007269     
   11.9567000000000        232.376526903719     
   11.9665700000000        229.830853092526     
   11.9764400000000        226.951797387326     
   11.9863000000000        224.939869619829     
   11.9961600000000        224.593982397180     
   12.0060200000000        225.911433628197     
   12.0158700000000        228.530163765272     
   12.0257300000000        232.116149809951     
   12.0355700000000        236.430302280283     
   12.0454200000000        241.155220562683     
   12.0552600000000        245.809731506742     
   12.0651000000000        250.503936744516     
   12.0749400000000        255.312209885610     
   12.0847700000000        259.356879404004     
   12.0946000000000        262.204986107918     
   12.1044200000000        264.323426309104     
   12.1142500000000        266.184692519157     
   12.1240700000000        268.352598019920     
   12.1338800000000        270.813495331215     
   12.1437000000000        272.622616212741     
   12.1535100000000        273.613295527259     
   12.1633100000000        274.728245052266     
   12.1731200000000        276.615383910896     
   12.1829200000000        279.280589688268     
   12.1927200000000        282.863426615731     
   12.2025100000000        287.510006781431     
   12.2123000000000        292.516309352040     
   12.2220900000000        297.218158590190     
   12.2318700000000        301.966286205807     
   12.2416600000000        307.336467331998     
   12.2514300000000        312.985415264842     
   12.2612100000000        318.131566973557     
   12.2709800000000        322.280502772924     
   12.2807500000000        325.243988273573     
   12.2905200000000        327.290506877179     
   12.3002800000000        329.562178278319     
   12.3100400000000        332.941520030242     
   12.3198000000000        336.913373974346     
   12.3295500000000        339.803869948721     
   12.3393000000000        340.706021460505     
   12.3490500000000        340.378800346715     
   12.3587900000000        339.874531949106     
   12.3685300000000        339.674400308694     
   12.3782700000000        339.875131897377     
   12.3880000000000        340.350664274855     
   12.3977300000000        340.637597556175     
   12.4074600000000        340.416645498220     
   12.4171800000000        339.840495767880     
   12.4269100000000        339.642775320098     
   12.4366200000000        340.674280148991     
   12.4463400000000        342.686558243842     
   12.4560500000000        344.309614726942     
   12.4657600000000        344.190221433706     
   12.4754700000000        342.159815414221     
   12.4851700000000        339.312005888890     
   12.4948700000000        336.672877867748     
   12.5045600000000        334.411633075722     
   12.5142600000000        332.150964590722     
   12.5239500000000        329.849687269220     
   12.5336300000000        328.102124174542     
   12.5433200000000        327.379508364063     
   12.5530000000000        327.853139060736     
   12.5626800000000        329.404614018512     
   12.5723500000000        331.373054007275     
   12.5820200000000        333.331533954442     
   12.5916900000000        335.762103521854     
   12.6013500000000        339.243003894968     
   12.6110100000000        343.569163699808     
   12.6206700000000        348.089151540177     
   12.6303300000000        352.576156340752     
   12.6399800000000        357.274956021230     
   12.6496300000000        362.068159697300     
   12.6592700000000        366.383630884070     
   12.6689200000000        369.770954396649     
   12.6785500000000        372.352323942113     
   12.6881900000000        375.137215912022     
   12.6978200000000        379.424980477763     
   12.7074500000000        385.527003517027     
   12.7170800000000        392.474314187124     
   12.7267000000000        399.457825043063     
   12.7363200000000        406.438404513950     
   12.7459400000000        413.175303727029     
   12.7555500000000        419.042050833087     
   12.7651600000000        423.648990887029     
   12.7747700000000        427.093786643995     
   12.7843800000000        430.143928225142     
   12.7939800000000        433.797108700138     
   12.8035800000000        438.220390353343     
   12.8131700000000        442.733017561494     
   12.8227600000000        446.720827641532     
   12.8323500000000        450.254877079472     
   12.8419400000000        453.921006258381     
   12.8515200000000        457.907289133477     
   12.8611000000000        461.871242643145     
   12.8706700000000        465.708052908139     
   12.8802500000000        469.755810654729     
   12.8898100000000        474.300959641301     
   12.8993800000000        479.519830221186     
   12.9089400000000        485.689799511244     
   12.9185000000000        492.819588238135     
   12.9280600000000        500.158595880351     
   12.9376100000000        506.438437718368     
   12.9471700000000        510.575056326970     
   12.9567100000000        512.403397845212     
   12.9662600000000        512.668644950665     
   12.9758000000000        512.301978590195     
   12.9853400000000        512.122003283017     
   12.9948700000000        512.785056474954     
   13.0044000000000        514.539648760194     
   13.0139300000000        517.257109558568     
   13.0234600000000        520.593175407598     
   13.0329800000000        523.976303529023     
   13.0425000000000        526.715504029453     
   13.0520100000000        528.269276696502     
   13.0615200000000        528.747568236694     
   13.0710300000000        529.069625366831     
   13.0805400000000        530.201004457994     
   13.0900400000000        532.197403929519     
   13.0995400000000        534.321954594781     
   13.1090400000000        536.145204479380     
   13.1185300000000        538.012897324844     
   13.1280200000000        540.056940783862     
   13.1375100000000        541.541018992986     
   13.1469900000000        541.500655862865     
   13.1564700000000        539.392240825942     
   13.1659500000000        535.556128585526     
   13.1754300000000        531.361371909627     
   13.1849000000000        528.422401864617     
   13.1943700000000        527.579302111305     
   13.2038300000000        528.649982739128     
   13.2132900000000        530.687425396438     
   13.2227500000000        532.493496199667     
   13.2322100000000        533.127057841141     
   13.2416600000000        531.939995461958     
   13.2511100000000        528.881470074061     
   13.2605500000000        524.800101025586     
   13.2700000000000        521.013236752721     
   13.2794400000000        518.845313685288     
   13.2888700000000        519.159090826700     
   13.2983100000000        521.875346301662     
   13.3077400000000        525.929424885773     
   13.3171600000000        530.156324808535     
   13.3265900000000        534.058500058506     
   13.3360100000000        537.466712600315     
   13.3454300000000        539.942543811489     
   13.3548400000000        540.784843436204     
   13.3642500000000        539.665535971233     
   13.3736600000000        536.940670745642     
   13.3830600000000        533.131526977915     
   13.3924700000000        528.565082476410     
   13.4018600000000        523.752669245991     
   13.4112600000000        519.444145800543     
   13.4206500000000        516.216534367384     
   13.4300400000000        514.226904970635     
   13.4394300000000        513.531566160905     
   13.4488100000000        514.123747518420     
   13.4581900000000        515.643923186633     
   13.4675600000000        517.236731699112     
   13.4769400000000        518.039530146423     
   13.4863100000000        518.106605930195     
   13.4956700000000        518.488914070862     
   13.5050400000000        520.327571579254     
   13.5144000000000        523.938472074629     
   13.5237600000000        528.387404375837     
   13.5331100000000        531.880090877218     
   13.5424600000000        533.155199980099     
   13.5518100000000        532.594406257582     
   13.5611500000000        531.737692042002     
   13.5704900000000        531.931385182460     
   13.5798300000000        533.454380705042     
   13.5891700000000        535.577259549842     
   13.5985000000000        537.344957113266     
   13.6078300000000        538.359868884832     
   13.6171500000000        538.848212453852     
   13.6264800000000        539.208870971476     
   13.6358000000000        539.730429272914     
   13.6451100000000        540.508456068663     
   13.6544200000000        541.391256421236     
   13.6637300000000        542.283028470362     
   13.6730400000000        543.513064452697     
   13.6823400000000        545.650015414911     
   13.6916400000000        549.049660601773     
   13.7009400000000        553.481556042495     
   13.7102400000000        558.074256002840     
   13.7195300000000        561.945776644637     
   13.7288100000000        564.839591251683     
   13.7381000000000        566.808996719961     
   13.7473800000000        567.550550391694     
   13.7566600000000        566.468164329131     
   13.7659300000000        563.354418831700     
   13.7752000000000        558.810594468438     
   13.7844700000000        553.921350861184     
   13.7937400000000        549.431239959535     
   13.8030000000000        545.313610495489     
   13.8122600000000        541.250529579691     
   13.8215200000000        537.147739639339     
   13.8307700000000        533.079918447002     
   13.8400200000000        529.173495930073     
   13.8492600000000        525.540911378583     
   13.8585100000000        522.166149728707     
   13.8677500000000        518.879062420508     
   13.8769800000000        515.326217717840     
   13.8862200000000        511.221240241474     
   13.8954500000000        506.749200143623     
   13.9046800000000        502.567104457596     
   13.9139000000000        499.428956617236     
   13.9231200000000        497.627899430887     
   13.9323400000000        496.771028840340     
   13.9415500000000        496.081906852862     
   13.9507700000000        494.993168216897     
   13.9599700000000        493.493892445128     
   13.9691800000000        491.849747202546     
   13.9783800000000        490.073541444044     
   13.9875800000000        487.775949002626     
   13.9967800000000        484.654804881817     
   14.0059700000000        480.952359712197     
   14.0151600000000        477.293522083869     
   14.0243400000000        474.167845620202     
   14.0335300000000        471.607251295526     
   14.0427100000000        469.378389261296     
   14.0518800000000        467.200287750227     
   14.0610600000000        464.677226102763     
   14.0702300000000        461.251030769860     
   14.0794000000000        456.483296414328     
   14.0885600000000        450.394100427563     
   14.0977200000000        443.475713711745     
   14.1068800000000        436.559742308694     
   14.1160300000000        430.398029975789     
   14.1251800000000        425.159140877988     
   14.1343300000000        420.529907697889     
   14.1434800000000        416.223616660891     
   14.1526200000000        412.288006770028     
   14.1617600000000        408.955361380973     
   14.1708900000000        406.362440042389     
   14.1800300000000        404.379804761808     
   14.1891500000000        402.676010788363     
   14.1982800000000        400.817421563546     
   14.2074000000000        398.411696508792     
   14.2165200000000        395.199827752632     
   14.2256400000000        391.155312477336     
   14.2347500000000        386.501488114551     
   14.2438600000000        381.586145993356     
   14.2529700000000        376.815422363568     
   14.2620700000000        372.646254035551     
   14.2711800000000        369.494630574219     
   14.2802700000000        367.633203051234     
   14.2893700000000        367.086546593865     
   14.2984600000000        367.649687288905     
   14.3075500000000        368.888124617744     
   14.3166300000000        370.265756435970     
   14.3257100000000        371.343182730876     
   14.3347900000000        371.810870364568     
   14.3438700000000        371.432120929007     
   14.3529400000000        370.143101253845     
   14.3620100000000        368.185966731651     
   14.3710700000000        365.946522034416     
   14.3801400000000        363.637065706427     
   14.3892000000000        361.270143278795     
   14.3982500000000        358.792954683000     
   14.4073100000000        356.178753256364     
   14.4163600000000        353.499396599294     
   14.4254000000000        350.983839952110     
   14.4344500000000        348.985618380209     
   14.4434900000000        347.828588996482     
   14.4525200000000        347.622806031607     
   14.4615600000000        348.174362738506     
   14.4705900000000        349.039854710197     
   14.4796200000000        349.762761664962     
   14.4886400000000        350.031008103065     
   14.4976600000000        349.666627515145     
   14.5066800000000        348.597485204269     
   14.5157000000000        346.838238531883     
   14.5247100000000        344.446617997431     
   14.5337200000000        341.512403116789     
   14.5427200000000        338.190449641905     
   14.5517300000000        334.671891494147     
   14.5607300000000        331.242652826362     
   14.5697200000000        328.286359530690     
   14.5787100000000        326.139604070879     
   14.5877000000000        324.855972339606     
   14.5966900000000        324.126624973226     
   14.6056700000000        323.510343878804     
   14.6146600000000        322.793491177330     
   14.6236300000000        322.132971058916     
   14.6326100000000        321.829326668239     
   14.6415800000000        321.997679011213     
   14.6505400000000        322.433775935564     
   14.6595100000000        322.769052939172     
   14.6684700000000        322.664786299415     
   14.6774300000000        321.905799667382     
   14.6863800000000        320.493326352645     
   14.6953400000000        318.722013472825     
   14.7042800000000        317.069985377434     
   14.7132300000000        315.894248592293     
   14.7221700000000        315.284586731427     
   14.7311100000000        315.111659472768     
   14.7400500000000        315.152194549750     
   14.7489800000000        315.111016861196     
   14.7579100000000        314.619660986703     
   14.7668400000000        313.345744049385     
   14.7757600000000        311.159361569625     
   14.7846800000000        308.160436966091     
   14.7936000000000        304.594052004161     
   14.8025100000000        300.775851898216     
   14.8114200000000        297.016560531014     
   14.8203300000000        293.532793799147     
   14.8292300000000        290.371530253918     
   14.8381300000000        287.455639499954     
   14.8470300000000        284.739824350969     
   14.8559300000000        282.285285651244     
   14.8648200000000        280.189103230025     
   14.8737100000000        278.446047683708     
   14.8825900000000        276.932496009191     
   14.8914700000000        275.494802621168     
   14.9003500000000        274.033119455581     
   14.9092300000000        272.487603724867     
   14.9181000000000        270.815319787456     
   14.9269700000000        268.992994747571     
   14.9358400000000        267.038579732346     
   14.9447000000000        265.014171301358     
   14.9535600000000        262.985496675628     
   14.9624200000000        260.987761181682     
   14.9712700000000        259.029186560479     
   14.9801200000000        257.122458860630     
   14.9889700000000        255.332800006342     
   14.9978100000000        253.788995607089     
   15.0066500000000        252.617920454094     
   15.0154900000000        251.848266304393     
   15.0243300000000        251.353396242042     
   15.0331600000000        250.889580759274     
   15.0419900000000        250.219104136137     
   15.0508100000000        249.256740170192     
   15.0596300000000        248.092385532933     
   15.0684500000000        246.871880091468     
   15.0772700000000        245.676034108972     
   15.0860800000000        244.510134690113     
   15.0948900000000        243.356191205956     
   15.1037000000000        242.227513095691     
   15.1125000000000        241.182739411120     
   15.1213000000000        240.300169093650     
   15.1301000000000        239.640418635842     
   15.1388900000000        239.212445727402     
   15.1476800000000        238.972313050300     
   15.1564700000000        238.854109706900     
   15.1652500000000        238.798120844274     
   15.1740300000000        238.780657853669     
   15.1828100000000        238.849097413570     
   15.1915800000000        239.123920398528     
   15.2003500000000        239.747502422021     
   15.2091200000000        240.801107686394     
   15.2178900000000        242.232770226019     
   15.2266500000000        243.835567229700     
   15.2354100000000        245.314750123896     
   15.2441600000000        246.408302055634     
   15.2529200000000        247.008640137768     
   15.2616700000000        247.189265264212     
   15.2704100000000        247.165011578231     
   15.2791500000000        247.208555266299     
   15.2878900000000        247.574181187695     
   15.2966300000000        248.433818017272     
   15.3053600000000        249.825465457752     
   15.3140900000000        251.642112515333     
   15.3228200000000        253.678475892831     
   15.3315400000000        255.739509111779     
   15.3402600000000        257.752513307032     
   15.3489800000000        259.771763168424     
   15.3577000000000        261.881515207167     
   15.3664100000000        264.071949689337     
   15.3751200000000        266.197935054846     
   15.3838200000000        268.007814841801     
   15.3925200000000        269.243762711445     
   15.4012200000000        269.726403925350     
   15.4099200000000        269.404188341153     
   15.4186100000000        268.342298167400     
   15.4273000000000        266.670501650037     
   15.4359800000000        264.550726959311     
   15.4446700000000        262.169592518928     
   15.4533400000000        259.766679475382     
   15.4620200000000        257.558976430748     
   15.4706900000000        255.687227555981     
   15.4793600000000        254.166499945990     
   15.4880300000000        252.956065236657     
   15.4966900000000        252.026581326533     
   15.5053500000000        251.359452167232     
   15.5140100000000        250.897126669021     
   15.5226700000000        250.503953310444     
   15.5313200000000        250.008492991251     
   15.5399600000000        249.290759267049     
   15.5486100000000        248.313677456785     
   15.5572500000000        247.083665112746     
   15.5658900000000        245.589006588756     
   15.5745200000000        243.804660123171     
   15.5831600000000        241.728195884200     
   15.5917900000000        239.440654108011     
   15.6004100000000        237.095003969989     
   15.6090300000000        234.868292573705     
   15.6176500000000        232.908403935913     
   15.6262700000000        231.303320125199     
   15.6348800000000        230.077661295811     
   15.6434900000000        229.177045910287     
   15.6521000000000        228.460470813745     
   15.6607000000000        227.715886729060     
   15.6693000000000        226.718934203537     
   15.6779000000000        225.317610626120     
   15.6864900000000        223.492588038654     
   15.6950800000000        221.348166685965     
   15.7036700000000        219.056035639835     
   15.7122600000000        216.779675355569     
   15.7208400000000        214.638747651132     
   15.7294100000000        212.707841538913     
   15.7379900000000        211.032141596423     
   15.7465600000000        209.644930065481     
   15.7551300000000        208.550702076164     
   15.7637000000000        207.736280805327     
   15.7722600000000        207.175212769485     
   15.7808200000000        206.819599945913     
   15.7893700000000        206.578580068264     
   15.7979300000000        206.288514488912     
   15.8064700000000        205.723325719511     
   15.8150200000000        204.657046230349     
   15.8235600000000        202.968673679362     
   15.8321000000000        200.701427871401     
   15.8406400000000        198.061543651561     
   15.8491800000000        195.336075744697     
   15.8577100000000        192.786714459326     
   15.8662300000000        190.581161485584     
   15.8747600000000        188.803114234163     
   15.8832800000000        187.500345146139     
   15.8918000000000        186.683746344864     
   15.9003100000000        186.335812982284     
   15.9088200000000        186.410428463919     
   15.9173300000000        186.845529978825     
   15.9258400000000        187.572236532122     
   15.9343400000000        188.515052019856     
   15.9428400000000        189.580493881535     
   15.9513300000000        190.637127747126     
   15.9598300000000        191.534668692905     
   15.9683100000000        192.142675374045     
   15.9768000000000        192.408338502676     
   15.9852800000000        192.360899813068     
   15.9937600000000        192.089495817250     
   16.0022400000000        191.694143051610     
   16.0107100000000        191.247125385231     
   16.0191800000000        190.780309525868     
   16.0276500000000        190.301609019809     
   16.0361200000000        189.813074346275     
   16.0445800000000        189.311079484226     
   16.0530300000000        188.768368154261     
   16.0614900000000        188.127981619302     
   16.0699400000000        187.329692666102     
   16.0783900000000        186.334596218559     
   16.0868300000000        185.139337135564     
   16.0952800000000        183.758353832825     
   16.1037100000000        182.218850184893     
   16.1121500000000        180.528451399817     
   16.1205800000000        178.688806697977     
   16.1290100000000        176.682378845817     
   16.1374400000000        174.485023405887     
   16.1458600000000        172.073282258279     
   16.1542800000000        169.427272057548     
   16.1627000000000        166.554117688701     
   16.1711100000000        163.498455862425     
   16.1795200000000        160.326025739405     
   16.1879300000000        157.120728705729     
   16.1963300000000        153.975474067058     
   16.2047300000000        150.975824385800     
   16.2131300000000        148.204439383320     
   16.2215200000000        145.727667472392     
   16.2299100000000        143.574083076278     
   16.2383000000000        141.738902947062     
   16.2466900000000        140.182307167898     
   16.2550700000000        138.837027062560     
   16.2634500000000        137.616924245368     
   16.2718200000000        136.448169381619     
   16.2802000000000        135.287958706671     
   16.2885600000000        134.141833073565     
   16.2969300000000        133.025147954871     
   16.3052900000000        131.944388045725     
   16.3136500000000        130.870868560342     
   16.3220100000000        129.759328080339     
   16.3303600000000        128.577503615118     
   16.3387100000000        127.324382827739     
   16.3470600000000        126.033832456561     
   16.3554000000000        124.756776121072     
   16.3637400000000        123.536755400836     
   16.3720800000000        122.399268986973     
   16.3804200000000        121.336438804580     
   16.3887500000000        120.302471367766     
   16.3970700000000        119.225229711810     
   16.4054000000000        118.031676315427     
   16.4137200000000        116.674552631244     
   16.4220400000000        115.126535931987     
   16.4303500000000        113.392856874780     
   16.4386700000000        111.515111256553     
   16.4469700000000        109.594891519845     
   16.4552800000000        107.749808526689     
   16.4635800000000        106.097040920537     
   16.4718800000000        104.695533541021     
   16.4801800000000        103.541999520549     
   16.4884700000000        102.591086983127     
   16.4967600000000        101.790731210974     
   16.5050500000000        101.114394920628     
   16.5133300000000        100.563716797778     
   16.5216100000000        100.151158959245     
   16.5298900000000        99.8817898724080     
   16.5381600000000        99.7372698904375     
   16.5464300000000        99.6724602300940     
   16.5547000000000        99.6262435453013     
   16.5629700000000        99.5356532940346     
   16.5712300000000        99.3458506291896     
   16.5794900000000        99.0134630812602     
   16.5877400000000        98.5110172826203     
   16.5959900000000        97.8303282865932     
   16.6042400000000        96.9858772953246     
   16.6124900000000        96.0088534110801     
   16.6207300000000        94.9382458921008     
   16.6289700000000        93.8091654066151     
   16.6372000000000        92.6536575550688     
   16.6454400000000        91.4901539938865     
   16.6536700000000        90.3319799112829     
   16.6618900000000        89.1841328861481     
   16.6701200000000        88.0535664982405     
   16.6783400000000        86.9661403987166     
   16.6865500000000        85.9597769644932     
   16.6947700000000        85.0782480931657     
   16.7029800000000        84.3650901214857     
   16.7111900000000        83.8426147033827     
   16.7193900000000        83.5074393224270     
   16.7275900000000        83.3234189813002     
   16.7357900000000        83.2245232886240     
   16.7439800000000        83.1241609702683     
   16.7521800000000        82.9343655969453     
   16.7603600000000        82.5917834570464     
   16.7685500000000        82.0742390350917     
   16.7767300000000        81.4119655848627     
   16.7849100000000        80.6744590762373     
   16.7930900000000        79.9509260830817     
   16.8012600000000        79.3241718938694     
   16.8094300000000        78.8470550191007     
   16.8175900000000        78.5361452068339     
   16.8257600000000        78.3719751329761     
   16.8339200000000        78.3105315444875     
   16.8420700000000        78.2924358433568     
   16.8502300000000        78.2566824959189     
   16.8583800000000        78.1566952056592     
   16.8665300000000        77.9752822269471     
   16.8746700000000        77.7305579505157     
   16.8828100000000        77.4655586879250     
   16.8909500000000        77.2282074828253     
   16.8990800000000        77.0477272822053     
   16.9072100000000        76.9167735650143     
   16.9153400000000        76.7894746886977     
   16.9234700000000        76.5953594337336     
   16.9315900000000        76.2647160911567     
   16.9397100000000        75.7494794316330     
   16.9478200000000        75.0334428553490     
   16.9559400000000        74.1239541122313     
   16.9640500000000        73.0497356180637     
   16.9721500000000        71.8487490862689     
   16.9802600000000        70.5628862154012     
   16.9883600000000        69.2442692998435     
   16.9964500000000        67.9419927669781     
   17.0045500000000        66.6976123032777     
   17.0126400000000        65.5494519883162     
   17.0207200000000        64.5176809680925     
   17.0288100000000        63.6042941980419     
   17.0368900000000        62.8055792928847     
   17.0449700000000        62.1130117885905     
   17.0530400000000        61.5240471636603     
   17.0611100000000        61.0357468937509     
   17.0691800000000        60.6380880456068     
