   7.15970000000000       0.252003529225887     
   7.17100000000000       0.242267631083783     
   7.18231000000000       0.326559128862763     
   7.19360000000000       0.435195565329471     
   7.20490000000000       0.467378527158068     
   7.21619000000000       0.456269702252807     
   7.22748000000000       0.419273622881293     
   7.23877000000000       0.425109556183231     
   7.25005000000000       0.477878938312988     
   7.26133000000000       0.477872005396339     
   7.27261000000000       0.507847224915761     
   7.28388000000000       0.480672909942176     
   7.29515000000000       0.520633051458519     
   7.30642000000000       0.606297034749357     
   7.31768000000000       0.695253370443108     
   7.32894000000000       0.792990736667355     
   7.34020000000000       0.777076361588618     
   7.35146000000000       0.764310974378009     
   7.36271000000000       0.792757246077349     
   7.37396000000000       0.699841257175171     
   7.38520000000000       0.571044162151716     
   7.39644000000000       0.428941805102056     
   7.40768000000000       0.374045525919840     
   7.41892000000000       0.440948049507918     
   7.43015000000000       0.587227359302888     
   7.44138000000000       0.635174730317246     
   7.45261000000000       0.603001339837733     
   7.46383000000000       0.485740313638846     
   7.47505000000000       0.400804429833318     
   7.48626000000000       0.348343452087570     
   7.49748000000000       0.339133050308717     
   7.50869000000000       0.324455856135086     
   7.51990000000000       0.393477959827490     
   7.53110000000000       0.502507746951623     
   7.54230000000000       0.581996768399923     
   7.55350000000000       0.642540806577757     
   7.56469000000000       0.793779151026615     
   7.57588000000000       0.852430401513903     
   7.58707000000000       0.783489301708454     
   7.59826000000000       0.730983526524933     
   7.60944000000000       0.733703226187807     
   7.62062000000000       0.695107746169495     
   7.63179000000000       0.627924476149073     
   7.64296000000000       0.537959125512748     
   7.65413000000000       0.480362674442312     
   7.66530000000000       0.399479555934139     
   7.67646000000000       0.329477833737902     
   7.68762000000000       0.254930147046656     
   7.69878000000000       0.226090316399372     
   7.70993000000000       0.220911704311279     
   7.72108000000000       0.238601367269515     
   7.73223000000000       0.265124708529402     
   7.74337000000000       0.253796137568793     
   7.75451000000000       0.255357898880158     
   7.76565000000000       0.277398755228618     
   7.77678000000000       0.290187822052690     
   7.78791000000000       0.280457345065234     
   7.79904000000000       0.275468475526477     
   7.81017000000000       0.274327041418284     
   7.82129000000000       0.273939830599853     
   7.83241000000000       0.284379548980590     
   7.84352000000000       0.291314592372689     
   7.85463000000000       0.292535483382739     
   7.86574000000000       0.279611063456082     
   7.87685000000000       0.265670027075890     
   7.88795000000000       0.258642858348819     
   7.89905000000000       0.267939950893989     
   7.91015000000000       0.275989097201835     
   7.92124000000000       0.273062230558261     
   7.93233000000000       0.281495363187836     
   7.94342000000000       0.291599177736654     
   7.95450000000000       0.294822038441549     
   7.96558000000000       0.316425448946438     
   7.97666000000000       0.353591553702278     
   7.98773000000000       0.364583129314729     
   7.99880000000000       0.343702385954461     
   8.00987000000000       0.330215385602979     
   8.02093000000000       0.330554300502846     
   8.03200000000000       0.329070811183966     
   8.04305000000000       0.329307013948581     
   8.05411000000000       0.326880741151262     
   8.06516000000000       0.331741570009728     
   8.07621000000000       0.351271331892215     
   8.08726000000000       0.361448855588619     
   8.09830000000000       0.355846867758145     
   8.10934000000000       0.360180446397988     
   8.12037000000000       0.383421476162160     
   8.13141000000000       0.406728589376629     
   8.14244000000000       0.422112775917234     
   8.15346000000000       0.434499025460016     
   8.16449000000000       0.429409973016869     
   8.17551000000000       0.432851622985663     
   8.18652000000000       0.449846521294436     
   8.19754000000000       0.446489405897286     
   8.20855000000000       0.435006625018933     
   8.21955000000000       0.403355411114682     
   8.23056000000000       0.356034489792393     
   8.24156000000000       0.321513695363652     
   8.25256000000000       0.309252158800295     
   8.26355000000000       0.325453629105445     
   8.27454000000000       0.336905369225116     
   8.28553000000000       0.332978067645173     
   8.29652000000000       0.330352955816669     
   8.30750000000000       0.342935748982610     
   8.31848000000000       0.365774949983216     
   8.32946000000000       0.399315363133379     
   8.34043000000000       0.431412066380476     
   8.35140000000000       0.474577949003868     
   8.36236000000000       0.505691102099133     
   8.37333000000000       0.505155798665444     
   8.38429000000000       0.498576379509701     
   8.39524000000000       0.537848078259860     
   8.40620000000000       0.600941036649767     
   8.41715000000000       0.695292343970205     
   8.42810000000000       0.754687443759257     
   8.43904000000000       0.767021378184061     
   8.44998000000000       0.834845019492211     
   8.46092000000000       0.868124736130887     
   8.47185000000000       0.821139413942583     
   8.48278000000000       0.819908330859712     
   8.49371000000000       0.941231264479090     
   8.50464000000000       0.926007587560830     
   8.51556000000000       0.786625996917204     
   8.52648000000000       0.703697351917703     
   8.53739000000000       0.636725952275887     
   8.54831000000000       0.626610868321472     
   8.55922000000000       0.640591638263081     
   8.57012000000000       0.648132272582754     
   8.58103000000000       0.655074802960396     
   8.59193000000000       0.667749942448982     
   8.60282000000000       0.685380677796616     
   8.61372000000000       0.674653101378224     
   8.62461000000000       0.646395320373843     
   8.63549000000000       0.628267788826610     
   8.64638000000000       0.645236690574651     
   8.65726000000000       0.665292098475723     
   8.66814000000000       0.723802387539563     
   8.67901000000000       0.817726057378519     
   8.68988000000000       0.867710495248410     
   8.70075000000000       0.884192228677296     
   8.71161000000000       0.934996893847845     
   8.72248000000000       0.986470447854869     
   8.73333000000000       0.995829868829395     
   8.74419000000000       0.966026724578547     
   8.75504000000000       0.901942210104887     
   8.76589000000000       0.856599351734677     
   8.77674000000000       0.844707567459267     
   8.78758000000000       0.882784556857646     
   8.79842000000000       0.915827899356434     
   8.80926000000000       0.975279763168485     
   8.82009000000000        1.07329648505273     
   8.83092000000000        1.14542467125832     
   8.84175000000000        1.28398810478509     
   8.85257000000000        1.46466407277867     
   8.86339000000000        1.40694256829291     
   8.87421000000000        1.33197164816546     
   8.88502000000000        1.40173997173107     
   8.89583000000000        1.43257465058311     
   8.90664000000000        1.41857410883972     
   8.91745000000000        1.35120494858183     
   8.92825000000000        1.35912806405638     
   8.93905000000000        1.54875504346154     
   8.94984000000000        1.76510741169036     
   8.96063000000000        1.90137123142986     
   8.97142000000000        2.02206545869109     
   8.98221000000000        2.15896021607524     
   8.99299000000000        2.27500932809593     
   9.00377000000000        2.38129311878030     
   9.01455000000000        2.41111332726157     
   9.02532000000000        2.41403947725198     
   9.03609000000000        2.44225403269765     
   9.04686000000000        2.29235451130630     
   9.05762000000000        2.06855061634686     
   9.06838000000000        1.96844340543814     
   9.07914000000000        1.90593450860250     
   9.08989000000000        1.82305532205798     
   9.10064000000000        1.75398469850548     
   9.11139000000000        1.81345506691641     
   9.12214000000000        2.04148492843123     
   9.13288000000000        2.29054564090792     
   9.14362000000000        2.37805082345548     
   9.15435000000000        2.52185321899997     
   9.16508000000000        2.76851935804152     
   9.17581000000000        2.97574043113974     
   9.18654000000000        3.14345354268113     
   9.19726000000000        3.16583259387661     
   9.20798000000000        3.26575486650849     
   9.21870000000000        3.49174116170441     
   9.22941000000000        3.73540585043845     
   9.24012000000000        3.73220405302084     
   9.25082000000000        3.55254397959853     
   9.26153000000000        3.36768727921258     
   9.27223000000000        3.24699725117378     
   9.28293000000000        3.20579212009880     
   9.29362000000000        3.13796949543569     
   9.30431000000000        3.15519858532553     
   9.31500000000000        3.22551978386105     
   9.32568000000000        3.20901121686769     
   9.33636000000000        3.30558198620345     
   9.34704000000000        3.59399894363660     
   9.35772000000000        3.98843555773926     
   9.36839000000000        4.19073424884890     
   9.37906000000000        4.24451974934531     
   9.38972000000000        4.48623161171594     
   9.40038000000000        4.91989250203119     
   9.41104000000000        5.23398410882798     
   9.42170000000000        5.26169988796356     
   9.43235000000000        5.29129120219982     
   9.44300000000000        5.57432992373578     
   9.45365000000000        5.88919780190291     
   9.46429000000000        6.08093819207105     
   9.47493000000000        6.14728014759064     
   9.48557000000000        5.94868538941962     
   9.49620000000000        5.50966324786586     
   9.50683000000000        5.15306241660541     
   9.51746000000000        5.07741519058155     
   9.52808000000000        5.01238572087714     
   9.53871000000000        4.78994725448062     
   9.54932000000000        4.50679316173526     
   9.55994000000000        4.31814944973173     
   9.57055000000000        4.40692934926773     
   9.58116000000000        4.79603768079792     
   9.59176000000000        5.35721338515709     
   9.60237000000000        5.70454811896751     
   9.61296000000000        5.76063429606099     
   9.62356000000000        5.88068197194279     
   9.63415000000000        6.11427387425423     
   9.64474000000000        6.24134631888278     
   9.65533000000000        6.21875383021146     
   9.66591000000000        5.99801286459388     
   9.67649000000000        5.63182818154232     
   9.68707000000000        5.18987430649228     
   9.69764000000000        4.64466483531327     
   9.70821000000000        4.31704923744298     
   9.71878000000000        4.33343900740507     
   9.72934000000000        4.48215795482113     
   9.73990000000000        4.67538230513731     
   9.75046000000000        4.87020273448235     
   9.76102000000000        5.22568178478908     
   9.77157000000000        5.73394277112798     
   9.78212000000000        6.09716395884338     
   9.79266000000000        6.31962855724757     
   9.80320000000000        6.55232561419480     
   9.81374000000000        6.77907863869935     
   9.82428000000000        7.05897244760326     
   9.83481000000000        7.32817360125347     
   9.84534000000000        7.47556665969095     
   9.85586000000000        7.40038948502448     
   9.86639000000000        6.94196505730183     
   9.87691000000000        6.31559842761689     
   9.88742000000000        5.70640598054722     
   9.89794000000000        5.20534034180168     
   9.90845000000000        4.84479432880896     
   9.91895000000000        4.52280989880297     
   9.92946000000000        4.15319386467710     
   9.93996000000000        3.79329728347173     
   9.95046000000000        3.58127507681931     
   9.96095000000000        3.52325783451041     
   9.97144000000000        3.46983305076411     
   9.98193000000000        3.43370132081364     
   9.99242000000000        3.50138545303505     
   10.0029000000000        3.64449014283038     
   10.0133800000000        3.73342272991063     
   10.0238500000000        3.78158167737000     
   10.0343200000000        3.85313447432227     
   10.0447900000000        3.94141176183584     
   10.0552600000000        4.07251677891628     
   10.0657200000000        4.11320924213728     
   10.0761800000000        3.92161498002271     
   10.0866400000000        3.66121250708604     
   10.0970900000000        3.50521046312211     
   10.1075400000000        3.57251793544849     
   10.1179900000000        3.81317880742195     
   10.1284300000000        4.06515130579477     
   10.1388700000000        4.29539448179731     
   10.1493100000000        4.48039506610027     
   10.1597400000000        4.65950259911437     
   10.1701700000000        4.87622310560203     
   10.1806000000000        5.10145852505305     
   10.1910300000000        5.18271462155813     
   10.2014500000000        5.08550973715132     
   10.2118700000000        4.84977025273223     
   10.2222800000000        4.60556605921753     
   10.2326900000000        4.44577982362875     
   10.2431000000000        4.40841873913376     
   10.2535100000000        4.44082031398304     
   10.2639100000000        4.47874029375398     
   10.2743100000000        4.47037811627922     
   10.2847100000000        4.40787235575119     
   10.2951000000000        4.33023655955721     
   10.3054900000000        4.22143825644554     
   10.3158800000000        4.09066347745575     
   10.3262600000000        3.91209357994925     
   10.3366400000000        3.71531228860529     
   10.3470200000000        3.60692447862949     
   10.3573900000000        3.59801672252881     
   10.3677600000000        3.62240103222876     
   10.3781300000000        3.63390343282706     
   10.3884900000000        3.60807583083526     
   10.3988600000000        3.54857545908638     
   10.4092100000000        3.53685388438053     
   10.4195700000000        3.59122154451646     
   10.4299200000000        3.66894049006786     
   10.4402700000000        3.74988958466392     
   10.4506100000000        3.86496242319893     
   10.4609600000000        4.02960583394242     
   10.4713000000000        4.28765812318767     
   10.4816300000000        4.61869199276757     
   10.4919600000000        4.92870660909957     
   10.5022900000000        5.14275077106475     
   10.5126200000000        5.25124974204226     
   10.5229400000000        5.35935322149507     
   10.5332600000000        5.51797397310825     
   10.5435800000000        5.71108385951163     
   10.5539000000000        5.88874965667723     
   10.5642100000000        5.91011562886204     
   10.5745100000000        5.68247258100610     
   10.5848200000000        5.25213953913891     
   10.5951200000000        4.71249292217978     
   10.6054200000000        4.17329164384350     
   10.6157100000000        3.73943508709549     
   10.6260000000000        3.39959247013040     
   10.6362900000000        3.08000488999309     
   10.6465800000000        2.72348792240956     
   10.6568600000000        2.34817146458539     
   10.6671400000000        2.01886194258669     
   10.6774100000000        1.78560202198963     
   10.6876900000000        1.66410947275374     
   10.6979600000000        1.64153471169134     
   10.7082200000000        1.69823402094505     
   10.7184900000000        1.83720598209608     
   10.7287500000000        2.04746458673109     
   10.7390000000000        2.29073557053491     
   10.7492600000000        2.54794786151791     
   10.7595100000000        2.80394945863526     
   10.7697500000000        3.08079880029795     
   10.7800000000000        3.43548676428132     
   10.7902400000000        3.82760098709247     
   10.8004800000000        3.98492235039323     
   10.8107100000000        3.85232513951105     
   10.8209400000000        3.65731079521394     
   10.8311700000000        3.47790788789316     
   10.8414000000000        3.28473583502086     
   10.8516200000000        3.03319214534024     
   10.8618400000000        2.73070870555839     
   10.8720500000000        2.46423796511745     
   10.8822700000000        2.26195770447125     
   10.8924800000000        2.11132772686793     
   10.9026800000000        2.01625554031486     
   10.9128800000000        1.97193452720431     
   10.9230800000000        1.97933327604296     
   10.9332800000000        2.02324925419523     
   10.9434700000000        2.06367875545118     
   10.9536600000000        2.06806052819117     
   10.9638500000000        2.04713174994957     
   10.9740400000000        2.02373781254308     
   10.9842200000000        1.99465642551457     
   10.9943900000000        1.94778567338014     
   11.0045700000000        1.88350642841014     
   11.0147400000000        1.81096760088692     
   11.0249100000000        1.75511635817038     
   11.0350700000000        1.73067148824346     
   11.0452300000000        1.72757056501699     
   11.0553900000000        1.72851749265698     
   11.0655500000000        1.71421924928359     
   11.0757000000000        1.69739973481299     
   11.0858500000000        1.70430645999471     
   11.0960000000000        1.75104876605528     
   11.1061400000000        1.84565169911748     
   11.1162800000000        2.00019474362168     
   11.1264200000000        2.25310022579911     
   11.1365500000000        2.64228632087861     
   11.1466800000000        3.12236972332140     
   11.1568100000000        3.46952959034623     
   11.1669300000000        3.52186026048200     
   11.1770500000000        3.45449023654039     
   11.1871700000000        3.47719587872452     
   11.1972800000000        3.67216513705175     
   11.2073900000000        3.95230110498723     
   11.2175000000000        4.08060922575068     
   11.2276100000000        4.02305489028424     
   11.2377100000000        3.96322196755511     
   11.2478100000000        3.98319738427083     
   11.2579000000000        4.07794084495761     
   11.2679900000000        4.24413896208140     
   11.2780800000000        4.50455643476038     
   11.2881700000000        4.86256838262013     
   11.2982500000000        5.29260800812246     
   11.3083300000000        5.83224379388573     
   11.3184100000000        6.52595712585277     
   11.3284800000000        7.38788128061628     
   11.3385500000000        8.47459385574001     
   11.3486200000000        9.58841646477015     
   11.3586800000000        10.1608133725249     
   11.3687400000000        10.1504506581898     
   11.3788000000000        10.2159099890403     
   11.3888500000000        10.8212690653658     
   11.3989000000000        12.0266722007011     
   11.4089500000000        13.5229056041343     
   11.4189900000000        14.8555939635052     
   11.4290400000000        15.7083921231316     
   11.4390700000000        15.5107260242105     
   11.4491100000000        14.1473359802115     
   11.4591400000000        12.7192174607733     
   11.4691700000000        12.1700768369248     
   11.4792000000000        12.6318451872161     
   11.4892200000000        13.5708664251440     
   11.4992400000000        14.0905071870416     
   11.5092500000000        13.8208209174853     
   11.5192700000000        12.8849134600939     
   11.5292800000000        11.5623730475852     
   11.5392800000000        10.4799774129730     
   11.5492900000000        10.0270702929220     
   11.5592900000000        10.1728414130911     
   11.5692800000000        10.5700288679925     
   11.5792800000000        10.6386108544203     
   11.5892700000000        10.2027622124099     
   11.5992600000000        9.71462608031729     
   11.6092400000000        9.47780820125904     
   11.6192200000000        9.45838475372648     
   11.6292000000000        9.55008900157735     
   11.6391700000000        9.73603901404479     
   11.6491500000000        10.0881857873222     
   11.6591200000000        10.6718099333448     
   11.6690800000000        11.4962404882734     
   11.6790400000000        12.5649519352042     
   11.6890000000000        13.9495886520828     
   11.6989600000000        15.6972981702986     
   11.7089100000000        17.6719689817154     
   11.7188600000000        19.6336273216361     
   11.7288100000000        21.4926989754434     
   11.7387500000000        23.3709489660208     
   11.7486900000000        25.1505422755351     
   11.7586300000000        26.3819007834954     
   11.7685600000000        27.1344526735566     
   11.7784900000000        28.0764119986972     
   11.7884200000000        29.6777274524801     
   11.7983400000000        31.8401805797654     
   11.8082600000000        33.8789946689784     
   11.8181800000000        35.0334509865834     
   11.8281000000000        35.1546256253556     
   11.8380100000000        34.4565504377976     
   11.8479200000000        33.1510944467226     
   11.8578200000000        31.8004638647049     
   11.8677200000000        31.0402441551854     
   11.8776200000000        30.9898247013732     
   11.8875200000000        31.5544087339839     
   11.8974100000000        32.4429541508913     
   11.9073000000000        32.7883968934130     
   11.9171900000000        31.9095426645651     
   11.9270700000000        30.0526994828597     
   11.9369500000000        28.0481712481573     
   11.9468300000000        26.7568383983796     
   11.9567000000000        26.5894489226110     
   11.9665700000000        27.1492838197928     
   11.9764400000000        27.5705118228450     
   11.9863000000000        27.2129420481225     
   11.9961600000000        25.7999066781295     
   12.0060200000000        23.5139032427981     
   12.0158700000000        21.0536330987202     
   12.0257300000000        19.1091323014833     
   12.0355700000000        17.9820229792820     
   12.0454200000000        17.6133374873212     
   12.0552600000000        17.7228933057642     
   12.0651000000000        17.8555729904855     
   12.0749400000000        17.7015837814532     
   12.0847700000000        17.4285506713787     
   12.0946000000000        17.3864976826419     
   12.1044200000000        17.7435342063656     
   12.1142500000000        18.5239652442296     
   12.1240700000000        19.7021278094524     
   12.1338800000000        21.1520850272154     
   12.1437000000000        22.6029460290895     
   12.1535100000000        23.8547224278900     
   12.1633100000000        25.0008030232202     
   12.1731200000000        26.1821452028082     
   12.1829200000000        27.2561891773650     
   12.1927200000000        28.1996883471898     
   12.2025100000000        29.3359714599259     
   12.2123000000000        30.7253161868492     
   12.2220900000000        31.9759457671999     
   12.2318700000000        32.7441957551731     
   12.2416600000000        32.8585962218098     
   12.2514300000000        32.0682627289971     
   12.2612100000000        30.5098041622060     
   12.2709800000000        28.9603915322322     
   12.2807500000000        27.9502474153611     
   12.2905200000000        27.2411167104735     
   12.3002800000000        26.3295316689866     
   12.3100400000000        24.9963480498101     
   12.3198000000000        23.2034122655088     
   12.3295500000000        21.0409724417608     
   12.3393000000000        18.8959136107342     
   12.3490500000000        17.1884944941488     
   12.3587900000000        16.0164699200409     
   12.3685300000000        15.2271342598186     
   12.3782700000000        14.6424122970130     
   12.3880000000000        14.1551216153578     
   12.3977300000000        13.7558074730561     
   12.4074600000000        13.5043423145885     
   12.4171800000000        13.4679499521050     
   12.4269100000000        13.6359381456359     
   12.4366200000000        13.9587464236804     
   12.4463400000000        14.4684340156721     
   12.4560500000000        15.2586360098598     
   12.4657600000000        16.3556497238647     
   12.4754700000000        17.5879428977161     
   12.4851700000000        18.5363863019316     
   12.4948700000000        18.8941000537072     
   12.5045600000000        18.8270618233174     
   12.5142600000000        18.7412758139108     
   12.5239500000000        19.0327571952449     
   12.5336300000000        19.9925109350364     
   12.5433200000000        21.6933502074752     
   12.5530000000000        23.9341078602007     
   12.5626800000000        26.2352616135062     
   12.5723500000000        27.9245129597626     
   12.5820200000000        28.5295423371154     
   12.5916900000000        28.1560874592682     
   12.6013500000000        27.3239097647023     
   12.6110100000000        26.5738845502622     
   12.6206700000000        26.3285357096957     
   12.6303300000000        26.6988780081840     
   12.6399800000000        27.3208477958956     
   12.6496300000000        27.6663067225835     
   12.6592700000000        27.6131500670336     
   12.6689200000000        27.3529615827910     
   12.6785500000000        26.9712806805785     
   12.6881900000000        26.5563321658524     
   12.6978200000000        26.3466476768418     
   12.7074500000000        26.5061831583832     
   12.7170800000000        26.9810329150519     
   12.7267000000000        27.6095265195493     
   12.7363200000000        28.1604606803322     
   12.7459400000000        28.3646158744071     
   12.7555500000000        28.1165841652554     
   12.7651600000000        27.6502301502700     
   12.7747700000000        27.3877870594852     
   12.7843800000000        27.5199413070655     
   12.7939800000000        27.8324240079117     
   12.8035800000000        27.9557929288642     
   12.8131700000000        27.6263685160798     
   12.8227600000000        26.7891145995070     
   12.8323500000000        25.5725918760906     
   12.8419400000000        24.1772068433199     
   12.8515200000000        22.8156056215725     
   12.8611000000000        21.7267265316753     
   12.8706700000000        21.1441934685292     
   12.8802500000000        21.1912455878126     
   12.8898100000000        21.8320706476322     
   12.8993800000000        22.8882656874294     
   12.9089400000000        24.0656647783837     
   12.9185000000000        25.0294077563303     
   12.9280600000000        25.5447428415501     
   12.9376100000000        25.6166091611356     
   12.9471700000000        25.4681411317835     
   12.9567100000000        25.2967656263730     
   12.9662600000000        25.0882299745402     
   12.9758000000000        24.8629367789809     
   12.9853400000000        24.8619341543119     
   12.9948700000000        25.2855650158302     
   13.0044000000000        26.0957933793580     
   13.0139300000000        27.0779089602625     
   13.0234600000000        28.0279689722719     
   13.0329800000000        28.8502368406724     
   13.0425000000000        29.3942003483051     
   13.0520100000000        29.4875875515414     
   13.0615200000000        29.2234409350796     
   13.0710300000000        28.8443428648146     
   13.0805400000000        28.4121469727496     
   13.0900400000000        27.8644968902127     
   13.0995400000000        27.2578427994442     
   13.1090400000000        26.7598907110774     
   13.1185300000000        26.4295431403561     
   13.1280200000000        26.1415463020635     
   13.1375100000000        25.8102262700967     
   13.1469900000000        25.4962788271178     
   13.1564700000000        25.2314863669118     
   13.1659500000000        24.9017668840292     
   13.1754300000000        24.3590392433948     
   13.1849000000000        23.5639320038019     
   13.1943700000000        22.5811733907531     
   13.2038300000000        21.4680235668323     
   13.2132900000000        20.2305272973666     
   13.2227500000000        18.9393328970470     
   13.2322100000000        17.7297596503848     
   13.2416600000000        16.6398977171137     
   13.2511100000000        15.5920651221994     
   13.2605500000000        14.5411080521030     
   13.2700000000000        13.5037703862299     
   13.2794400000000        12.5271737182043     
   13.2888700000000        11.6784821269437     
   13.2983100000000        11.0141852710549     
   13.3077400000000        10.5282040392932     
   13.3171600000000        10.1204084973095     
   13.3265900000000        9.65454528571911     
   13.3360100000000        9.08631582331871     
   13.3454300000000        8.49899063927359     
   13.3548400000000        7.99832423471962     
   13.3642500000000        7.62045213190166     
   13.3736600000000        7.33865485135882     
   13.3830600000000        7.11119575901096     
   13.3924700000000        6.91318261339269     
   13.4018600000000        6.73703069371081     
   13.4112600000000        6.57792422978435     
   13.4206500000000        6.43125278382931     
   13.4300400000000        6.30314836257533     
   13.4394300000000        6.21844567247852     
   13.4488100000000        6.20149177577131     
   13.4581900000000        6.25879392795316     
   13.4675600000000        6.37820829957159     
   13.4769400000000        6.52816643917520     
   13.4863100000000        6.66575409495933     
   13.4956700000000        6.75930777104233     
   13.5050400000000        6.79023896326720     
   13.5144000000000        6.74630334524572     
   13.5237600000000        6.63067348620974     
   13.5331100000000        6.47141506385928     
   13.5424600000000        6.31907596059419     
   13.5518100000000        6.23321004054821     
   13.5611500000000        6.26160311991898     
   13.5704900000000        6.42502658512423     
   13.5798300000000        6.70571546937230     
   13.5891700000000        7.04028473010887     
   13.5985000000000        7.34494118763944     
   13.6078300000000        7.57245556520335     
   13.6171500000000        7.72549769131007     
   13.6264800000000        7.80887264959375     
   13.6358000000000        7.80574354603850     
   13.6451100000000        7.71458450804621     
   13.6544200000000        7.56711435405216     
   13.6637300000000        7.42037320120920     
   13.6730400000000        7.34351098570394     
   13.6823400000000        7.38313786863474     
   13.6916400000000        7.53027519651162     
   13.7009400000000        7.71985331424706     
   13.7102400000000        7.86464964807111     
   13.7195300000000        7.90402056436460     
   13.7288100000000        7.82450782080212     
   13.7381000000000        7.62656197603146     
   13.7473800000000        7.30487124741919     
   13.7566600000000        6.88085823495197     
   13.7659300000000        6.41550492401238     
   13.7752000000000        5.97180789268100     
   13.7844700000000        5.58841836715545     
   13.7937400000000        5.27522281212760     
   13.8030000000000        5.02310509657202     
   13.8122600000000        4.81914467837493     
   13.8215200000000        4.65671199128108     
   13.8307700000000        4.53285893552719     
   13.8400200000000        4.44508337351320     
   13.8492600000000        4.39380385600584     
   13.8585100000000        4.38224281457791     
   13.8677500000000        4.41216746529744     
   13.8769800000000        4.47784914266725     
   13.8862200000000        4.56168271218942     
   13.8954500000000        4.63480647709722     
   13.9046800000000        4.67448301558800     
   13.9139000000000        4.68492073789883     
   13.9231200000000        4.69260257797223     
   13.9323400000000        4.72196600988653     
   13.9415500000000        4.78304237919123     
   13.9507700000000        4.87700833730768     
   13.9599700000000        5.00539021295023     
   13.9691800000000        5.17363914485597     
   13.9783800000000        5.38159419015975     
   13.9875800000000        5.61663632527781     
   13.9967800000000        5.85988456259693     
   14.0059700000000        6.10750028685229     
   14.0151600000000        6.38291554482796     
   14.0243400000000        6.72451121163204     
   14.0335300000000        7.17266952647890     
   14.0427100000000        7.75967701171688     
   14.0518800000000        8.50878523538304     
   14.0610600000000        9.43051889541621     
   14.0702300000000        10.5002651338245     
   14.0794000000000        11.6440714930493     
   14.0885600000000        12.7367211886915     
   14.0977200000000        13.6434650032602     
   14.1068800000000        14.2737968022390     
   14.1160300000000        14.6432112364639     
   14.1251800000000        14.8974537079979     
   14.1343300000000        15.2631401510064     
   14.1434800000000        15.9542530034897     
   14.1526200000000        17.1023252304039     
   14.1617600000000        18.7445698425716     
   14.1708900000000        20.8269154983611     
   14.1800300000000        23.2117676066822     
   14.1891500000000        25.6256344636807     
   14.1982800000000        27.6829596642507     
   14.2074000000000        29.0003651450637     
   14.2165200000000        29.4544956147698     
   14.2256400000000        29.2606849095605     
   14.2347500000000        28.7943106650643     
   14.2438600000000        28.3258227673301     
   14.2529700000000        27.9253806667056     
   14.2620700000000        27.5723530935392     
   14.2711800000000        27.2994338054210     
   14.2802700000000        27.1717103369231     
   14.2893700000000        27.1439135788766     
   14.2984600000000        27.0518345402690     
   14.3075500000000        26.7737460755790     
   14.3166300000000        26.3586331473707     
   14.3257100000000        25.9390384183432     
   14.3347900000000        25.5228105163980     
   14.3438700000000        24.9296676656793     
   14.3529400000000        23.9654066925234     
   14.3620100000000        22.6155150229537     
   14.3710700000000        21.0609237779996     
   14.3801400000000        19.5554093017952     
   14.3892000000000        18.3281340837054     
   14.3982500000000        17.5102949262949     
   14.4073100000000        17.1203547225940     
   14.4163600000000        17.0684642462630     
   14.4254000000000        17.1617228415485     
   14.4344500000000        17.1600621327298     
   14.4434900000000        16.8905152565662     
   14.4525200000000        16.3381029039150     
   14.4615600000000        15.6170187879105     
   14.4705900000000        14.8807122968750     
   14.4796200000000        14.2369140095849     
   14.4886400000000        13.7210660847185     
   14.4976600000000        13.3230732628834     
   14.5066800000000        13.0456465186929     
   14.5157000000000        12.9242183190178     
   14.5247100000000        12.9991635042008     
   14.5337200000000        13.2826100138509     
   14.5427200000000        13.7467336066291     
   14.5517300000000        14.3387763143878     
   14.5607300000000        15.0096066019802     
   14.5697200000000        15.7469492044393     
   14.5787100000000        16.5845137797120     
   14.5877000000000        17.5962067319576     
   14.5966900000000        18.8743520341742     
   14.6056700000000        20.4854312113135     
   14.6146600000000        22.4472046657452     
   14.6236300000000        24.7111307685916     
   14.6326100000000        27.1937876394741     
   14.6415800000000        29.7569349689709     
   14.6505400000000        32.2600053605462     
   14.6595100000000        34.6102030298498     
   14.6684700000000        36.7608914843339     
   14.6774300000000        38.7212256466651     
   14.6863800000000        40.5366561733486     
   14.6953400000000        42.2563439662773     
   14.7042800000000        43.8419680454704     
   14.7132300000000        45.1687326550418     
   14.7221700000000        46.0943315659977     
   14.7311100000000        46.6021005995943     
   14.7400500000000        46.8462771342936     
   14.7489800000000        47.0806661079921     
   14.7579100000000        47.5121829451065     
   14.7668400000000        48.1703863392948     
   14.7757600000000        48.8773879595191     
   14.7846800000000        49.3523245963377     
   14.7936000000000        49.3633059792579     
   14.8025100000000        48.7975364512604     
   14.8114200000000        47.6115521525412     
   14.8203300000000        45.7885602368498     
   14.8292300000000        43.3873761181938     
   14.8381300000000        40.5949523900874     
   14.8470300000000        37.7097498765629     
   14.8559300000000        35.0457109166697     
   14.8648200000000        32.8305379052397     
   14.8737100000000        31.1294488271337     
   14.8825900000000        29.8605944518034     
   14.8914700000000        28.8568248634300     
   14.9003500000000        27.9413813464336     
   14.9092300000000        26.9594622045384     
   14.9181000000000        25.7933320843245     
   14.9269700000000        24.3717561682154     
   14.9358400000000        22.6887676736601     
   14.9447000000000        20.8111607777969     
   14.9535600000000        18.8574615186938     
   14.9624200000000        16.9684656999638     
   14.9712700000000        15.2617921852319     
   14.9801200000000        13.7980108548740     
   14.9889700000000        12.5906192459463     
   14.9978100000000        11.6245840603785     
   15.0066500000000        10.8714465295553     
   15.0154900000000        10.3042371673010     
   15.0243300000000        9.90108795001642     
   15.0331600000000        9.64751966775166     
   15.0419900000000        9.53604718920030     
   15.0508100000000        9.56684290019468     
   15.0596300000000        9.74599680381925     
   15.0684500000000        10.0838740120146     
   15.0772700000000        10.5916041164048     
   15.0860800000000        11.2738828283668     
   15.0948900000000        12.1201925148353     
   15.1037000000000        13.0895571126128     
   15.1125000000000        14.1047692857172     
   15.1213000000000        15.0744803633802     
   15.1301000000000        15.9309460377938     
   15.1388900000000        16.6635927433908     
   15.1476800000000        17.3125221381378     
   15.1564700000000        17.9217532981150     
   15.1652500000000        18.5068798957381     
   15.1740300000000        19.0626583948103     
   15.1828100000000        19.5840082652346     
   15.1915800000000        20.0751093626634     
   15.2003500000000        20.5382284659911     
   15.2091200000000        20.9533106331135     
   15.2178900000000        21.2796801415913     
   15.2266500000000        21.4898241873838     
   15.2354100000000        21.6088368165568     
   15.2441600000000        21.7023284995156     
   15.2529200000000        21.8097404039608     
   15.2616700000000        21.8848567545565     
   15.2704100000000        21.8138229160779     
   15.2791500000000        21.4988933933222     
   15.2878900000000        20.9270557195166     
   15.2966300000000        20.1566438289892     
   15.3053600000000        19.2532307893398     
   15.3140900000000        18.2505383923282     
   15.3228200000000        17.1687167165459     
   15.3315400000000        16.0399903099380     
   15.3402600000000        14.9065596155784     
   15.3489800000000        13.8125328498440     
   15.3577000000000        12.7938189693681     
   15.3664100000000        11.8697280497122     
   15.3751200000000        11.0306447157622     
   15.3838200000000        10.2480905293759     
   15.3925200000000        9.49370437471869     
   15.4012200000000        8.76181444174114     
   15.4099200000000        8.06695984195825     
   15.4186100000000        7.42882702458575     
   15.4273000000000        6.85788823976377     
   15.4359800000000        6.35621073084415     
   15.4446700000000        5.91783614896353     
   15.4533400000000        5.53698336005435     
   15.4620200000000        5.20496124568170     
   15.4706900000000        4.91600131041272     
   15.4793600000000        4.66400179356418     
   15.4880300000000        4.44404716455794     
   15.4966900000000        4.25204570800408     
   15.5053500000000        4.08372561403440     
   15.5140100000000        3.93495646337200     
   15.5226700000000        3.80127387192860     
   15.5313200000000        3.67844270757638     
   15.5399600000000        3.56317558660036     
   15.5486100000000        3.45377849524654     
   15.5572500000000        3.35060581200859     
   15.5658900000000        3.25427040975767     
   15.5745200000000        3.16569062527420     
   15.5831600000000        3.08546514082612     
   15.5917900000000        3.01447503721445     
   15.6004100000000        2.95292236697796     
   15.6090300000000        2.90012835677494     
   15.6176500000000        2.85476611928596     
   15.6262700000000        2.81534421461021     
   15.6348800000000        2.78072384630903     
   15.6434900000000        2.74990267588612     
   15.6521000000000        2.72166707740407     
   15.6607000000000        2.69431407723462     
   15.6693000000000        2.66590911430379     
   15.6779000000000        2.63514487762845     
   15.6864900000000        2.60194975940034     
   15.6950800000000        2.56744874399627     
   15.7036700000000        2.53371776142014     
   15.7122600000000        2.50316867228584     
   15.7208400000000        2.47791092874111     
   15.7294100000000        2.45913637382073     
   15.7379900000000        2.44697249026177     
   15.7465600000000        2.44082201924844     
   15.7551300000000        2.43971320488493     
   15.7637000000000        2.44279066487213     
   15.7722600000000        2.44950046645950     
   15.7808200000000        2.45961548230925     
   15.7893700000000        2.47314473888358     
   15.7979300000000        2.49036137812554     
   15.8064700000000        2.51158953564935     
   15.8150200000000        2.53729579927723     
   15.8235600000000        2.56760285826766     
   15.8321000000000        2.60239658163831     
   15.8406400000000        2.64148117359153     
   15.8491800000000        2.68509019335431     
   15.8577100000000        2.73404339723481     
   15.8662300000000        2.78968263839043     
   15.8747600000000        2.85373133677802     
   15.8832800000000        2.92772438028564     
   15.8918000000000        3.01353069522495     
   15.9003100000000        3.11303433074287     
   15.9088200000000        3.22852100929804     
   15.9173300000000        3.36213231374619     
   15.9258400000000        3.51566984496685     
   15.9343400000000        3.69030081846131     
   15.9428400000000        3.88739405058394     
   15.9513300000000        4.10821386090260     
   15.9598300000000        4.35586947379658     
   15.9683100000000        4.63369906865309     
   15.9768000000000        4.94868389631319     
   15.9852800000000        5.30708733571505     
   15.9937600000000        5.71536208409668     
   16.0022400000000        6.17625836526424     
   16.0107100000000        6.68627296381673     
   16.0191800000000        7.23608309276252     
   16.0276500000000        7.80893572965467     
   16.0361200000000        8.38297327490713     
   16.0445800000000        8.93395169975567     
   16.0530300000000        9.44065989038461     
   16.0614900000000        9.88853734215459     
   16.0699400000000        10.2678406248643     
   16.0783900000000        10.5764311125507     
   16.0868300000000        10.8138918570350     
   16.0952800000000        10.9790085862755     
   16.1037100000000        11.0659751800241     
   16.1121500000000        11.0682761970385     
   16.1205800000000        10.9820109646856     
   16.1290100000000        10.8103420919875     
   16.1374400000000        10.5640841437407     
   16.1458600000000        10.2597786834457     
   16.1542800000000        9.91537297973789     
   16.1627000000000        9.54918296203986     
   16.1711100000000        9.17944876089093     
   16.1795200000000        8.82237194863740     
   16.1879300000000        8.49219470820558     
   16.1963300000000        8.19986615917045     
   16.2047300000000        7.95170302810209     
   16.2131300000000        7.75121095811918     
   16.2215200000000        7.59932064964671     
   16.2299100000000        7.49336328038192     
   16.2383000000000        7.42668354797901     
   16.2466900000000        7.38773379611163     
   16.2550700000000        7.36078917392914     
   16.2634500000000        7.32821505432324     
   16.2718200000000        7.27426684462751     
   16.2802000000000        7.18839631672481     
   16.2885600000000        7.06763557775079     
   16.2969300000000        6.91399122264330     
   16.3052900000000        6.73287521584799     
   16.3136500000000        6.52949862097591     
   16.3220100000000        6.30893264148379     
   16.3303600000000        6.07660598241051     
   16.3387100000000        5.83788514116829     
   16.3470600000000        5.59889194743271     
   16.3554000000000        5.36602302938912     
   16.3637400000000        5.14411755232440     
   16.3720800000000        4.93622565833902     
   16.3804200000000        4.74285908702699     
   16.3887500000000        4.56288670433546     
   16.3970700000000        4.39451526193626     
   16.4054000000000        4.23643944644720     
   16.4137200000000        4.08945405612775     
   16.4220400000000        3.95461778627942     
   16.4303500000000        3.83297202255600     
   16.4386700000000        3.72364290414246     
   16.4469700000000        3.62487141465055     
   16.4552800000000        3.53380772901402     
   16.4635800000000        3.44941166472422     
   16.4718800000000        3.37218268278896     
   16.4801800000000        3.30398670975716     
   16.4884700000000        3.24657098780876     
   16.4967600000000        3.19979259752051     
   16.5050500000000        3.16090858010791     
   16.5133300000000        3.12485368250553     
   16.5216100000000        3.08584414710102     
   16.5298900000000        3.03978623906384     
   16.5381600000000        2.98577047567285     
   16.5464300000000        2.92569594092320     
   16.5547000000000        2.86305220272704     
   16.5629700000000        2.80152514664939     
   16.5712300000000        2.74449995532056     
   16.5794900000000        2.69471101148774     
   16.5877400000000        2.65414364848139     
   16.5959900000000        2.62317394106607     
   16.6042400000000        2.60039613065843     
   16.6124900000000        2.58287167407805     
   16.6207300000000        2.56700094359971     
   16.6289700000000        2.54939229487560     
   16.6372000000000        2.52758296287749     
   16.6454400000000        2.50025956944475     
   16.6536700000000        2.46764104535450     
   16.6618900000000        2.43127432761248     
   16.6701200000000        2.39361909317428     
   16.6783400000000        2.35770531185128     
   16.6865500000000        2.32620081959430     
   16.6947700000000        2.30094176021975     
   16.7029800000000        2.28282320269839     
   16.7111900000000        2.27155283700779     
   16.7193900000000        2.26621399066229     
   16.7275900000000        2.26594852220095     
   16.7357900000000        2.27053396247168     
   16.7439800000000        2.28022529839381     
   16.7521800000000        2.29507013034554     
   16.7603600000000        2.31399542164127     
   16.7685500000000        2.33480205273725     
   16.7767300000000        2.35459827096015     
   16.7849100000000        2.37132335460253     
   16.7930900000000        2.38490586719344     
   16.8012600000000        2.39753309728133     
   16.8094300000000        2.41256963582201     
   16.8175900000000        2.43258360906070     
   16.8257600000000        2.45789868615705     
   16.8339200000000        2.48600070625002     
   16.8420700000000        2.51261233634604     
   16.8502300000000        2.53339289060428     
   16.8583800000000        2.54529069751936     
   16.8665300000000        2.54732574981152     
   16.8746700000000        2.54009625193801     
   16.8828100000000        2.52505163587355     
   16.8909500000000        2.50407896175304     
   16.8990800000000        2.47949981271524     
   16.9072100000000        2.45379123333804     
   16.9153400000000        2.42900573735429     
   16.9234700000000        2.40598455868806     
   16.9315900000000        2.38425027641741     
   16.9397100000000        2.36271667732071     
   16.9478200000000        2.34107618685704     
   16.9559400000000        2.32065162048409     
   16.9640500000000        2.30470109062029     
   16.9721500000000        2.29746853942512     
   16.9802600000000        2.30304811129321     
   16.9883600000000        2.32427768868911     
   16.9964500000000        2.36202220848402     
   17.0045500000000        2.41515676383012     
   17.0126400000000        2.48033865871395     
   17.0207200000000        2.55278136384697     
   17.0288100000000        2.62712050631775     
   17.0368900000000        2.69777526665294     
   17.0449700000000        2.76044884464569     
   17.0530400000000        2.81221015494534     
   17.0611100000000        2.85186221712030     
   17.0691800000000        2.87947095496707     
