   7.15970000000000        1143.42508948351     
   7.17100000000000        1112.64048596742     
   7.18231000000000        1089.84904894191     
   7.19360000000000        1020.48556016548     
   7.20490000000000        945.656518851545     
   7.21619000000000        864.923890644912     
   7.22748000000000        837.881048346143     
   7.23877000000000        858.176517672853     
   7.25005000000000        803.540582603211     
   7.26133000000000        744.124791033690     
   7.27261000000000        652.989603164951     
   7.28388000000000        571.852231144580     
   7.29515000000000        493.819009648975     
   7.30642000000000        472.329104206491     
   7.31768000000000        444.896758626851     
   7.32894000000000        440.959487791193     
   7.34020000000000        455.992358606783     
   7.35146000000000        484.467618186913     
   7.36271000000000        520.333636750328     
   7.37396000000000        570.590533462905     
   7.38520000000000        597.882232551334     
   7.39644000000000        576.523298476267     
   7.40768000000000        551.676705727073     
   7.41892000000000        510.607746185827     
   7.43015000000000        474.623373630579     
   7.44138000000000        470.427076271023     
   7.45261000000000        448.203087188264     
   7.46383000000000        417.233480517743     
   7.47505000000000        385.318015440992     
   7.48626000000000        337.194248649652     
   7.49748000000000        314.694762669472     
   7.50869000000000        315.740846573159     
   7.51990000000000        300.923977273993     
   7.53110000000000        297.437099530973     
   7.54230000000000        304.199320839471     
   7.55350000000000        309.389405982725     
   7.56469000000000        295.788437632054     
   7.57588000000000        280.717687480827     
   7.58707000000000        277.697933675874     
   7.59826000000000        294.617381791799     
   7.60944000000000        306.437150293247     
   7.62062000000000        321.889748389730     
   7.63179000000000        339.875247843495     
   7.64296000000000        342.792234952978     
   7.65413000000000        335.070156310584     
   7.66530000000000        329.332181709572     
   7.67646000000000        338.953528844389     
   7.68762000000000        359.692379170027     
   7.69878000000000        364.479879183684     
   7.70993000000000        348.631088176088     
   7.72108000000000        341.031849141450     
   7.73223000000000        349.941550445245     
   7.74337000000000        356.389200546840     
   7.75451000000000        363.747846002881     
   7.76565000000000        376.543996819688     
   7.77678000000000        391.840427899930     
   7.78791000000000        405.714161669140     
   7.79904000000000        418.758618441025     
   7.81017000000000        438.411050649131     
   7.82129000000000        450.316620634538     
   7.83241000000000        457.831521806466     
   7.84352000000000        457.001667856183     
   7.85463000000000        449.123875866279     
   7.86574000000000        452.367807116258     
   7.87685000000000        462.496800804480     
   7.88795000000000        470.148029677496     
   7.89905000000000        475.007643951680     
   7.91015000000000        469.613563880375     
   7.92124000000000        444.906652552669     
   7.93233000000000        430.135213324182     
   7.94342000000000        425.394933992340     
   7.95450000000000        425.150351484909     
   7.96558000000000        431.806296029598     
   7.97666000000000        436.290731519312     
   7.98773000000000        445.026846262211     
   7.99880000000000        460.102433053426     
   8.00987000000000        464.193445357122     
   8.02093000000000        461.784558508641     
   8.03200000000000        461.066155466407     
   8.04305000000000        461.111604863151     
   8.05411000000000        457.491029858726     
   8.06516000000000        468.643324040672     
   8.07621000000000        489.467852325408     
   8.08726000000000        513.874174096145     
   8.09830000000000        531.936114807648     
   8.10934000000000        552.168440797171     
   8.12037000000000        558.530293082881     
   8.13141000000000        553.592241007132     
   8.14244000000000        548.094799579427     
   8.15346000000000        541.824486325205     
   8.16449000000000        523.657587409863     
   8.17551000000000        505.252517908869     
   8.18652000000000        490.015188995279     
   8.19754000000000        477.509700475778     
   8.20855000000000        468.737128015456     
   8.21955000000000        470.817840715774     
   8.23056000000000        489.181247179366     
   8.24156000000000        497.564280347305     
   8.25256000000000        501.281182430206     
   8.26355000000000        498.184907109681     
   8.27454000000000        493.911780534138     
   8.28553000000000        507.344930920128     
   8.29652000000000        524.978896200412     
   8.30750000000000        545.495633943367     
   8.31848000000000        552.139675004690     
   8.32946000000000        539.647801590772     
   8.34043000000000        535.674131591445     
   8.35140000000000        527.902236743555     
   8.36236000000000        526.108415705988     
   8.37333000000000        529.212389494410     
   8.38429000000000        528.106844106442     
   8.39524000000000        524.526595854347     
   8.40620000000000        539.920791181534     
   8.41715000000000        565.183995052035     
   8.42810000000000        586.159573699960     
   8.43904000000000        608.890188120628     
   8.44998000000000        637.791557398241     
   8.46092000000000        675.066172511249     
   8.47185000000000        704.796819657693     
   8.48278000000000        721.347490489745     
   8.49371000000000        722.974119959068     
   8.50464000000000        720.916241954814     
   8.51556000000000        716.704172385788     
   8.52648000000000        702.457396024412     
   8.53739000000000        687.212713863535     
   8.54831000000000        685.190451799875     
   8.55922000000000        690.348646851522     
   8.57012000000000        689.136969790384     
   8.58103000000000        691.700592510109     
   8.59193000000000        701.573999701649     
   8.60282000000000        711.278092279118     
   8.61372000000000        710.216384940448     
   8.62461000000000        712.229701086386     
   8.63549000000000        715.288970734615     
   8.64638000000000        705.431481325699     
   8.65726000000000        691.378391961813     
   8.66814000000000        691.846019935017     
   8.67901000000000        701.226809995515     
   8.68988000000000        705.916374682003     
   8.70075000000000        693.219170818871     
   8.71161000000000        685.285512605977     
   8.72248000000000        675.293528359226     
   8.73333000000000        657.058228174704     
   8.74419000000000        642.053653484347     
   8.75504000000000        628.174895185510     
   8.76589000000000        613.319229668708     
   8.77674000000000        613.537295726212     
   8.78758000000000        618.356566448208     
   8.79842000000000        620.166922889167     
   8.80926000000000        618.381607811917     
   8.82009000000000        610.292633928051     
   8.83092000000000        602.884483084971     
   8.84175000000000        604.454457722263     
   8.85257000000000        602.341390670234     
   8.86339000000000        600.392812699861     
   8.87421000000000        606.330925101022     
   8.88502000000000        609.378286599328     
   8.89583000000000        607.679053158259     
   8.90664000000000        602.740831421659     
   8.91745000000000        601.427577628685     
   8.92825000000000        605.006062620545     
   8.93905000000000        604.376861671222     
   8.94984000000000        598.803028534314     
   8.96063000000000        593.205774354701     
   8.97142000000000        592.492534761284     
   8.98221000000000        596.668689468582     
   8.99299000000000        619.596285590372     
   9.00377000000000        655.846953719119     
   9.01455000000000        695.144484765011     
   9.02532000000000        762.072896663630     
   9.03609000000000        868.071662720577     
   9.04686000000000        1008.92784570239     
   9.05762000000000        1169.96674305629     
   9.06838000000000        1346.66604192581     
   9.07914000000000        1519.50855036336     
   9.08989000000000        1616.71552553920     
   9.10064000000000        1613.36312655916     
   9.11139000000000        1559.41132827848     
   9.12214000000000        1519.57648762563     
   9.13288000000000        1503.38850548816     
   9.14362000000000        1496.84905027732     
   9.15435000000000        1437.49725265555     
   9.16508000000000        1321.53973356544     
   9.17581000000000        1235.04410009998     
   9.18654000000000        1223.22507690460     
   9.19726000000000        1221.04253937014     
   9.20798000000000        1185.84216966396     
   9.21870000000000        1153.90531668222     
   9.22941000000000        1142.89940738829     
   9.24012000000000        1126.40848233772     
   9.25082000000000        1090.68883171333     
   9.26153000000000        1057.24929256971     
   9.27223000000000        1027.87943758467     
   9.28293000000000        1025.09431427933     
   9.29362000000000        1051.17107470362     
   9.30431000000000        1075.46233689107     
   9.31500000000000        1056.55556864589     
   9.32568000000000        1039.50889039648     
   9.33636000000000        1077.36865103643     
   9.34704000000000        1160.23354572561     
   9.35772000000000        1243.46175914350     
   9.36839000000000        1288.92049221043     
   9.37906000000000        1291.04084528490     
   9.38972000000000        1292.05606413441     
   9.40038000000000        1320.52021039773     
   9.41104000000000        1373.31770445621     
   9.42170000000000        1416.34414708208     
   9.43235000000000        1444.03681824059     
   9.44300000000000        1482.58409356018     
   9.45365000000000        1548.16416541008     
   9.46429000000000        1600.15684020357     
   9.47493000000000        1623.72325520556     
   9.48557000000000        1656.04353939051     
   9.49620000000000        1665.26365542933     
   9.50683000000000        1653.10224967420     
   9.51746000000000        1613.07940049246     
   9.52808000000000        1600.54545639844     
   9.53871000000000        1650.04384819863     
   9.54932000000000        1727.28534853107     
   9.55994000000000        1824.24670142321     
   9.57055000000000        1878.39008175855     
   9.58116000000000        1872.12138450104     
   9.59176000000000        1855.82005913231     
   9.60237000000000        1866.73529278831     
   9.61296000000000        1884.01362731798     
   9.62356000000000        1924.04607168931     
   9.63415000000000        1967.74269778376     
   9.64474000000000        1980.36338277024     
   9.65533000000000        1968.58921682600     
   9.66591000000000        1968.44940052649     
   9.67649000000000        1990.48680732726     
   9.68707000000000        2014.89049835880     
   9.69764000000000        2042.40933854227     
   9.70821000000000        2087.94887094189     
   9.71878000000000        2199.58636095874     
   9.72934000000000        2358.80048463434     
   9.73990000000000        2472.72597625594     
   9.75046000000000        2506.06949067933     
   9.76102000000000        2502.30963960755     
   9.77157000000000        2523.83291417398     
   9.78212000000000        2554.04671695441     
   9.79266000000000        2552.94907225109     
   9.80320000000000        2537.00309298501     
   9.81374000000000        2512.47238004955     
   9.82428000000000        2499.07741617935     
   9.83481000000000        2517.84848644952     
   9.84534000000000        2536.31583166422     
   9.85586000000000        2550.93761612036     
   9.86639000000000        2556.10931332391     
   9.87691000000000        2466.52361138754     
   9.88742000000000        2360.73977966038     
   9.89794000000000        2373.32944909674     
   9.90845000000000        2434.69092402483     
   9.91895000000000        2455.12936432966     
   9.92946000000000        2453.10895329401     
   9.93996000000000        2418.59690442369     
   9.95046000000000        2354.72553437235     
   9.96095000000000        2282.47424271555     
   9.97144000000000        2210.09643398944     
   9.98193000000000        2144.44940401988     
   9.99242000000000        2124.25618250130     
   10.0029000000000        2154.11695327203     
   10.0133800000000        2188.43117056946     
   10.0238500000000        2211.24605326660     
   10.0343200000000        2196.45713438341     
   10.0447900000000        2164.32023420338     
   10.0552600000000        2145.33303942387     
   10.0657200000000        2132.06227006865     
   10.0761800000000        2125.14995411365     
   10.0866400000000        2134.46465102350     
   10.0970900000000        2160.58247530072     
   10.1075400000000        2191.10971581707     
   10.1179900000000        2191.75894248330     
   10.1284300000000        2162.70125624923     
   10.1388700000000        2166.86219472248     
   10.1493100000000        2203.04077635934     
   10.1597400000000        2182.85833558729     
   10.1701700000000        2134.58801868249     
   10.1806000000000        2122.27700690509     
   10.1910300000000        2117.80316178421     
   10.2014500000000        2103.72665643620     
   10.2118700000000        2125.90055615514     
   10.2222800000000        2171.95869284639     
   10.2326900000000        2181.93559902907     
   10.2431000000000        2153.12994353341     
   10.2535100000000        2118.28333157974     
   10.2639100000000        2093.98535646458     
   10.2743100000000        2078.73812488225     
   10.2847100000000        2111.70500417790     
   10.2951000000000        2198.80789861307     
   10.3054900000000        2260.74757329610     
   10.3158800000000        2270.39676268542     
   10.3262600000000        2271.29204810613     
   10.3366400000000        2253.03150424495     
   10.3470200000000        2219.94871569905     
   10.3573900000000        2229.72820638528     
   10.3677600000000        2292.57968226630     
   10.3781300000000        2350.79712386666     
   10.3884900000000        2370.55493090928     
   10.3988600000000        2359.70496608905     
   10.4092100000000        2338.18425240293     
   10.4195700000000        2328.77548275511     
   10.4299200000000        2334.64840130611     
   10.4402700000000        2336.85205309330     
   10.4506100000000        2308.23786246436     
   10.4609600000000        2244.29953331492     
   10.4713000000000        2158.83628182844     
   10.4816300000000        2067.45821637506     
   10.4919600000000        2002.40374521304     
   10.5022900000000        1970.78070416160     
   10.5126200000000        1947.88191132119     
   10.5229400000000        1919.29049114859     
   10.5332600000000        1862.77873003737     
   10.5435800000000        1788.98247910329     
   10.5539000000000        1712.97357924946     
   10.5642100000000        1638.46044465830     
   10.5745100000000        1571.47257944458     
   10.5848200000000        1515.86327797632     
   10.5951200000000        1460.94894124780     
   10.6054200000000        1411.21145590125     
   10.6157100000000        1376.37683494103     
   10.6260000000000        1366.04095847982     
   10.6362900000000        1389.30553022134     
   10.6465800000000        1413.74280112328     
   10.6568600000000        1421.01433160548     
   10.6671400000000        1426.19899738582     
   10.6774100000000        1437.17031863136     
   10.6876900000000        1455.26606059220     
   10.6979600000000        1482.02770492031     
   10.7082200000000        1521.20305169607     
   10.7184900000000        1574.68505903940     
   10.7287500000000        1632.74943755689     
   10.7390000000000        1687.01224081613     
   10.7492600000000        1738.73309590713     
   10.7595100000000        1786.57472967411     
   10.7697500000000        1840.24684708967     
   10.7800000000000        1920.84352157511     
   10.7902400000000        2021.53737383873     
   10.8004800000000        2117.80091555854     
   10.8107100000000        2192.64243656919     
   10.8209400000000        2226.11703046607     
   10.8311700000000        2231.35625439834     
   10.8414000000000        2246.45981705489     
   10.8516200000000        2283.10922790927     
   10.8618400000000        2337.02962592628     
   10.8720500000000        2388.79008815505     
   10.8822700000000        2422.42990141741     
   10.8924800000000        2429.62028764297     
   10.9026800000000        2407.25951644506     
   10.9128800000000        2378.37030883674     
   10.9230800000000        2373.99287199731     
   10.9332800000000        2391.30834454893     
   10.9434700000000        2414.99003557032     
   10.9536600000000        2445.72425675437     
   10.9638500000000        2464.58886574457     
   10.9740400000000        2435.30546305246     
   10.9842200000000        2357.78645815938     
   10.9943900000000        2258.78428062815     
   11.0045700000000        2167.69618787680     
   11.0147400000000        2105.70474805435     
   11.0249100000000        2061.64821669881     
   11.0350700000000        2019.45788630924     
   11.0452300000000        1976.54213415049     
   11.0553900000000        1943.94071307194     
   11.0655500000000        1939.77262602733     
   11.0757000000000        1964.07878570551     
   11.0858500000000        2002.41110451468     
   11.0960000000000        2040.29045159627     
   11.1061400000000        2060.65622547011     
   11.1162800000000        2062.97595713523     
   11.1264200000000        2068.24928789445     
   11.1365500000000        2094.06274428532     
   11.1466800000000        2138.19850843377     
   11.1568100000000        2181.19754104734     
   11.1669300000000        2213.91279865095     
   11.1770500000000        2245.16922867248     
   11.1871700000000        2282.27032864736     
   11.1972800000000        2311.76796145689     
   11.2073900000000        2322.35711903596     
   11.2175000000000        2314.31518299525     
   11.2276100000000        2308.35534718057     
   11.2377100000000        2329.49961233626     
   11.2478100000000        2379.57487302197     
   11.2579000000000        2437.92472041049     
   11.2679900000000        2486.14477316598     
   11.2780800000000        2519.81660640704     
   11.2881700000000        2544.10036643420     
   11.2982500000000        2570.97791995800     
   11.3083300000000        2615.19338876624     
   11.3184100000000        2670.60863353730     
   11.3284800000000        2708.92568826209     
   11.3385500000000        2720.74658053070     
   11.3486200000000        2724.96162809084     
   11.3586800000000        2743.84679791766     
   11.3687400000000        2782.67296482216     
   11.3788000000000        2824.01961680455     
   11.3888500000000        2857.32823835912     
   11.3989000000000        2879.82301344969     
   11.4089500000000        2893.94065486479     
   11.4189900000000        2915.02757771188     
   11.4290400000000        2946.55533066089     
   11.4390700000000        2970.09433989896     
   11.4491100000000        2964.48534221997     
   11.4591400000000        2938.09842509940     
   11.4691700000000        2911.95295303310     
   11.4792000000000        2900.02369409898     
   11.4892200000000        2903.19631741395     
   11.4992400000000        2918.14438038677     
   11.5092500000000        2935.65364620036     
   11.5192700000000        2933.99438621420     
   11.5292800000000        2918.04396841899     
   11.5392800000000        2912.23300038298     
   11.5492900000000        2922.10017208474     
   11.5592900000000        2937.53311332377     
   11.5692800000000        2948.19107282554     
   11.5792800000000        2960.05161506313     
   11.5892700000000        2979.25061103704     
   11.5992600000000        2999.39077022096     
   11.6092400000000        3020.43208798942     
   11.6192200000000        3040.26816071392     
   11.6292000000000        3048.93911838907     
   11.6391700000000        3046.79020156468     
   11.6491500000000        3039.57564367454     
   11.6591200000000        3035.35035474125     
   11.6690800000000        3037.00117020325     
   11.6790400000000        3041.00755019505     
   11.6890000000000        3042.14201532132     
   11.6989600000000        3038.29073543691     
   11.7089100000000        3040.31240913782     
   11.7188600000000        3055.63399662200     
   11.7288100000000        3072.64719374514     
   11.7387500000000        3083.11114853684     
   11.7486900000000        3085.50557825311     
   11.7586300000000        3067.94976110153     
   11.7685600000000        3034.69494373322     
   11.7784900000000        2997.18870723376     
   11.7884200000000        2943.05325882911     
   11.7983400000000        2886.14947538283     
   11.8082600000000        2860.62664757057     
   11.8181800000000        2872.55517408919     
   11.8281000000000        2902.46108498431     
   11.8380100000000        2919.59576006677     
   11.8479200000000        2907.49684594020     
   11.8578200000000        2872.36310624832     
   11.8677200000000        2826.24518753733     
   11.8776200000000        2776.89462948055     
   11.8875200000000        2724.05938007020     
   11.8974100000000        2671.04735719231     
   11.9073000000000        2626.15932619943     
   11.9171900000000        2595.37055666595     
   11.9270700000000        2576.52547817253     
   11.9369500000000        2565.87553080047     
   11.9468300000000        2566.21879703648     
   11.9567000000000        2574.38581999970     
   11.9665700000000        2574.23653801883     
   11.9764400000000        2547.02773475763     
   11.9863000000000        2488.95691967201     
   11.9961600000000        2421.08164753383     
   12.0060200000000        2368.17187758180     
   12.0158700000000        2334.12851983999     
   12.0257300000000        2312.31185229051     
   12.0355700000000        2307.00262159964     
   12.0454200000000        2328.10344845291     
   12.0552600000000        2373.62528583608     
   12.0651000000000        2428.58898987180     
   12.0749400000000        2481.65763333511     
   12.0847700000000        2529.75412987771     
   12.0946000000000        2578.51427762137     
   12.1044200000000        2631.30117313930     
   12.1142500000000        2675.72567025873     
   12.1240700000000        2705.38746780018     
   12.1338800000000        2736.67573006790     
   12.1437000000000        2792.06468495440     
   12.1535100000000        2873.79272242854     
   12.1633100000000        2957.35187074714     
   12.1731200000000        3021.38646785316     
   12.1829200000000        3066.28490747579     
   12.1927200000000        3095.17357004657     
   12.2025100000000        3116.98899513364     
   12.2123000000000        3140.96042943325     
   12.2220900000000        3154.93429243697     
   12.2318700000000        3150.72501428479     
   12.2416600000000        3138.50413689508     
   12.2514300000000        3123.88849379497     
   12.2612100000000        3110.20255257105     
   12.2709800000000        3113.29031099197     
   12.2807500000000        3146.12136690132     
   12.2905200000000        3198.96013231925     
   12.3002800000000        3257.10345222876     
   12.3100400000000        3316.08047382676     
   12.3198000000000        3366.23415811279     
   12.3295500000000        3391.10152700810     
   12.3393000000000        3393.40733520291     
   12.3490500000000        3397.67221037609     
   12.3587900000000        3419.74379455286     
   12.3685300000000        3449.14440956371     
   12.3782700000000        3461.16159232885     
   12.3880000000000        3449.31074160115     
   12.3977300000000        3433.16703842358     
   12.4074600000000        3429.46349386125     
   12.4171800000000        3434.02859197900     
   12.4269100000000        3432.76822466147     
   12.4366200000000        3418.79837668348     
   12.4463400000000        3391.65735236819     
   12.4560500000000        3344.14395832378     
   12.4657600000000        3268.34399185468     
   12.4754700000000        3171.26459310628     
   12.4851700000000        3078.68610245994     
   12.4948700000000        3016.68833556586     
   12.5045600000000        2999.06286080805     
   12.5142600000000        3025.73622147995     
   12.5239500000000        3083.00512608362     
   12.5336300000000        3147.09147516363     
   12.5433200000000        3196.22581876000     
   12.5530000000000        3219.69308769388     
   12.5626800000000        3221.10775198338     
   12.5723500000000        3212.60822888539     
   12.5820200000000        3203.31762063282     
   12.5916900000000        3193.77213947394     
   12.6013500000000        3177.16081091225     
   12.6110100000000        3153.88638935555     
   12.6206700000000        3136.38468431210     
   12.6303300000000        3128.59849529097     
   12.6399800000000        3124.49139109219     
   12.6496300000000        3116.87081709439     
   12.6592700000000        3093.82455699499     
   12.6689200000000        3046.73550255276     
   12.6785500000000        2989.15288424449     
   12.6881900000000        2948.18485462388     
   12.6978200000000        2941.59450972911     
   12.7074500000000        2974.61987404704     
   12.7170800000000        3043.88975863388     
   12.7267000000000        3133.51447949795     
   12.7363200000000        3219.10768713077     
   12.7459400000000        3281.89920921218     
   12.7555500000000        3314.97048508365     
   12.7651600000000        3319.74584108321     
   12.7747700000000        3302.20696422757     
   12.7843800000000        3270.53303923447     
   12.7939800000000        3239.60501884667     
   12.8035800000000        3227.99609014507     
   12.8131700000000        3242.33565179593     
   12.8227600000000        3268.67594716594     
   12.8323500000000        3287.48416381461     
   12.8419400000000        3294.46552935360     
   12.8515200000000        3298.29872321486     
   12.8611000000000        3306.79446357918     
   12.8706700000000        3321.68240735200     
   12.8802500000000        3340.82371374501     
   12.8898100000000        3359.11591889786     
   12.8993800000000        3371.80118845404     
   12.9089400000000        3382.95517454348     
   12.9185000000000        3404.53637559300     
   12.9280600000000        3443.89962562983     
   12.9376100000000        3495.64322719991     
   12.9471700000000        3549.43437008027     
   12.9567100000000        3601.28324686289     
   12.9662600000000        3652.80622991537     
   12.9758000000000        3701.29501063486     
   12.9853400000000        3741.01304539724     
   12.9948700000000        3770.49756807151     
   13.0044000000000        3788.05289448202     
   13.0139300000000        3788.90832193433     
   13.0234600000000        3777.29526969805     
   13.0329800000000        3768.41233988810     
   13.0425000000000        3771.96007722955     
   13.0520100000000        3785.87734032810     
   13.0615200000000        3803.40891629147     
   13.0710300000000        3821.24287060303     
   13.0805400000000        3841.77565423603     
   13.0900400000000        3869.88995337142     
   13.0995400000000        3913.28613911713     
   13.1090400000000        3979.85812413353     
   13.1185300000000        4067.31173986544     
   13.1280200000000        4161.12314451901     
   13.1375100000000        4245.50231531001     
   13.1469900000000        4313.43478618781     
   13.1564700000000        4367.27467129264     
   13.1659500000000        4412.96837573623     
   13.1754300000000        4453.93036860732     
   13.1849000000000        4491.07362566521     
   13.1943700000000        4526.33761793518     
   13.2038300000000        4562.70924597779     
   13.2132900000000        4600.38273967012     
   13.2227500000000        4631.37199708623     
   13.2322100000000        4644.78775735664     
   13.2416600000000        4637.41129218335     
   13.2511100000000        4615.72378149134     
   13.2605500000000        4591.44094058895     
   13.2700000000000        4573.04317794340     
   13.2794400000000        4560.50497961654     
   13.2888700000000        4546.77906254205     
   13.2983100000000        4522.77263601991     
   13.3077400000000        4482.17929782596     
   13.3171600000000        4428.22070494753     
   13.3265900000000        4373.07940418816     
   13.3360100000000        4327.58463356424     
   13.3454300000000        4294.86576355312     
   13.3548400000000        4271.69818434353     
   13.3642500000000        4253.29559582641     
   13.3736600000000        4238.02945771064     
   13.3830600000000        4226.62703211768     
   13.3924700000000        4222.31047909314     
   13.4018600000000        4230.47349953462     
   13.4112600000000        4248.43776488613     
   13.4206500000000        4262.53559224391     
   13.4300400000000        4264.05128090688     
   13.4394300000000        4257.30157369799     
   13.4488100000000        4250.35075447034     
   13.4581900000000        4247.26721239313     
   13.4675600000000        4248.11951971795     
   13.4769400000000        4250.42794314297     
   13.4863100000000        4253.12577374457     
   13.4956700000000        4261.10965302658     
   13.5050400000000        4279.15893913833     
   13.5144000000000        4301.62754379729     
   13.5237600000000        4314.75100796969     
   13.5331100000000        4308.14598679958     
   13.5424600000000        4283.30994961164     
   13.5518100000000        4249.99515295804     
   13.5611500000000        4219.03040472355     
   13.5704900000000        4200.02910056279     
   13.5798300000000        4199.99951798225     
   13.5891700000000        4220.70964681308     
   13.5985000000000        4256.90517026148     
   13.6078300000000        4299.37272296565     
   13.6171500000000        4341.06756860749     
   13.6264800000000        4379.37753405113     
   13.6358000000000        4413.43500626879     
   13.6451100000000        4442.92724998476     
   13.6544200000000        4468.83542174146     
   13.6637300000000        4492.43545153471     
   13.6730400000000        4513.31099908719     
   13.6823400000000        4529.84653798789     
   13.6916400000000        4541.28542780641     
   13.7009400000000        4547.89457302926     
   13.7102400000000        4548.62108589893     
   13.7195300000000        4541.33906104502     
   13.7288100000000        4527.44984107743     
   13.7381000000000        4513.38976163365     
   13.7473800000000        4505.26700910687     
   13.7566600000000        4502.37789206759     
   13.7659300000000        4497.69278065047     
   13.7752000000000        4486.47948257982     
   13.7844700000000        4472.48649748600     
   13.7937400000000        4464.48801118756     
   13.8030000000000        4471.02051027273     
   13.8122600000000        4498.23818154738     
   13.8215200000000        4548.95877123505     
   13.8307700000000        4621.92897801574     
   13.8400200000000        4712.41444064095     
   13.8492600000000        4813.79819305321     
   13.8585100000000        4917.72697909489     
   13.8677500000000        5012.69584665025     
   13.8769800000000        5089.33024979147     
   13.8862200000000        5144.90298779709     
   13.8954500000000        5181.44617643603     
   13.9046800000000        5200.83151395129     
   13.9139000000000        5202.05422063374     
   13.9231200000000        5184.17241570820     
   13.9323400000000        5149.68331311166     
   13.9415500000000        5107.24129833886     
   13.9507700000000        5072.84704510697     
   13.9599700000000        5064.42215775480     
   13.9691800000000        5090.16386345817     
   13.9783800000000        5143.40977675751     
   13.9875800000000        5208.17834361165     
   13.9967800000000        5267.82360773706     
   14.0059700000000        5312.62852428991     
   14.0151600000000        5344.23478179495     
   14.0243400000000        5370.31101336412     
   14.0335300000000        5396.62039725289     
   14.0427100000000        5424.74838854780     
   14.0518800000000        5452.32652472697     
   14.0610600000000        5473.36564012933     
   14.0702300000000        5481.31067775426     
   14.0794000000000        5473.83856937979     
   14.0885600000000        5454.99705915408     
   14.0977200000000        5432.27848337023     
   14.1068800000000        5412.44718563058     
   14.1160300000000        5400.72963275661     
   14.1251800000000        5399.73949366444     
   14.1343300000000        5405.99777931519     
   14.1434800000000        5410.24105637140     
   14.1526200000000        5404.43771440315     
   14.1617600000000        5387.15112819062     
   14.1708900000000        5362.05953294325     
   14.1800300000000        5335.65973576174     
   14.1891500000000        5318.06889147330     
   14.1982800000000        5320.13178557067     
   14.2074000000000        5346.28434046231     
   14.2165200000000        5390.62507292245     
   14.2256400000000        5441.23747228772     
   14.2347500000000        5488.42612622985     
   14.2438600000000        5531.04415795917     
   14.2529700000000        5576.82054461144     
   14.2620700000000        5637.27997451733     
   14.2711800000000        5721.51224451635     
   14.2802700000000        5831.82545115462     
   14.2893700000000        5964.28585534850     
   14.2984600000000        6108.09131219865     
   14.3075500000000        6249.24026440097     
   14.3166300000000        6376.31733028555     
   14.3257100000000        6487.28041618607     
   14.3347900000000        6586.20826947616     
   14.3438700000000        6673.48515559547     
   14.3529400000000        6741.50790607088     
   14.3620100000000        6780.19860886006     
   14.3710700000000        6782.96383960043     
   14.3801400000000        6748.84469502734     
   14.3892000000000        6682.76049045391     
   14.3982500000000        6593.93517510632     
   14.4073100000000        6491.56059762484     
   14.4163600000000        6383.09911573355     
   14.4254000000000        6274.96545256576     
   14.4344500000000        6173.34798879403     
   14.4434900000000        6083.05343482726     
   14.4525200000000        6004.38616931826     
   14.4615600000000        5933.36557299610     
   14.4705900000000        5865.90003363653     
   14.4796200000000        5801.42936776542     
   14.4886400000000        5742.87670900492     
   14.4976600000000        5692.05966678061     
   14.5066800000000        5647.74991493814     
   14.5157000000000        5607.07380316765     
   14.5247100000000        5567.92112635205     
   14.5337200000000        5530.72447422084     
   14.5427200000000        5499.45320715763     
   14.5517300000000        5480.24635405226     
   14.5607300000000        5479.15682143710     
   14.5697200000000        5498.99997371304     
   14.5787100000000        5536.91745321065     
   14.5877000000000        5584.66844769094     
   14.5966900000000        5632.33267177685     
   14.6056700000000        5672.71898727784     
   14.6146600000000        5704.31775781464     
   14.6236300000000        5729.91502277376     
   14.6326100000000        5751.87140430273     
   14.6415800000000        5767.67414113338     
   14.6505400000000        5772.79493403465     
   14.6595100000000        5767.06314608650     
   14.6684700000000        5755.49392666068     
   14.6774300000000        5742.76454306782     
   14.6863800000000        5730.29947000288     
   14.6953400000000        5718.30312581044     
   14.7042800000000        5707.27913065837     
   14.7132300000000        5697.13973323450     
   14.7221700000000        5687.46551351067     
   14.7311100000000        5678.16449528837     
   14.7400500000000        5668.93292612934     
   14.7489800000000        5657.08271041996     
   14.7579100000000        5635.82917521757     
   14.7668400000000        5597.01792795429     
   14.7757600000000        5537.64693941117     
   14.7846800000000        5462.84216074331     
   14.7936000000000        5382.93822117232     
   14.8025100000000        5308.52932402948     
   14.8114200000000        5247.48557866025     
   14.8203300000000        5205.43849962024     
   14.8292300000000        5186.16765964530     
   14.8381300000000        5190.24308792644     
   14.8470300000000        5214.05302724429     
   14.8559300000000        5250.95236530339     
   14.8648200000000        5293.72960365283     
   14.8737100000000        5336.38996296549     
   14.8825900000000        5373.75305746445     
   14.8914700000000        5401.43364420810     
   14.9003500000000        5417.19813806791     
   14.9092300000000        5422.01527392287     
   14.9181000000000        5418.29744797911     
   14.9269700000000        5407.35235698710     
   14.9358400000000        5389.00432311494     
   14.9447000000000        5362.75070634381     
   14.9535600000000        5328.41876144313     
   14.9624200000000        5286.54391736791     
   14.9712700000000        5238.89093615715     
   14.9801200000000        5188.74838432949     
   14.9889700000000        5140.65248992604     
   14.9978100000000        5098.80741628319     
   15.0066500000000        5065.50158287287     
   15.0154900000000        5041.04255574896     
   15.0243300000000        5023.94495107014     
   15.0331600000000        5011.11523520083     
   15.0419900000000        4998.62013689405     
   15.0508100000000        4983.31026901150     
   15.0596300000000        4963.95694280308     
   15.0684500000000        4941.39543190213     
   15.0772700000000        4917.38776370874     
   15.0860800000000        4892.89163007297     
   15.0948900000000        4867.43230561308     
   15.1037000000000        4840.97070385146     
   15.1125000000000        4815.84426382558     
   15.1213000000000        4795.62913683772     
   15.1301000000000        4782.21244372883     
   15.1388900000000        4774.67932642828     
   15.1476800000000        4771.09439205154     
   15.1564700000000        4770.59458650311     
   15.1652500000000        4773.59532378121     
   15.1740300000000        4780.66186350778     
   15.1828100000000        4791.26953936302     
   15.1915800000000        4803.19026309423     
   15.2003500000000        4812.75073876066     
   15.2091200000000        4815.43566603910     
   15.2178900000000        4806.81659506619     
   15.2266500000000        4783.93302083883     
   15.2354100000000        4746.56581728176     
   15.2441600000000        4697.33815749562     
   15.2529200000000        4639.25892444420     
   15.2616700000000        4573.54367750800     
   15.2704100000000        4499.58235447119     
   15.2791500000000        4418.31791713206     
   15.2878900000000        4334.97572552182     
   15.2966300000000        4257.47009664004     
   15.3053600000000        4192.08138731160     
   15.3140900000000        4140.09474864738     
   15.3228200000000        4098.48972111745     
   15.3315400000000        4062.96572226256     
   15.3402600000000        4031.34121530235     
   15.3489800000000        4005.17086372461     
   15.3577000000000        3988.05748627882     
   15.3664100000000        3982.28640985456     
   15.3751200000000        3986.41525123222     
   15.3838200000000        3995.66304081254     
   15.3925200000000        4004.04288764455     
   15.4012200000000        4005.97803121084     
   15.4099200000000        3997.16572424905     
   15.4186100000000        3975.68446662400     
   15.4273000000000        3942.78393472575     
   15.4359800000000        3902.47957689628     
   15.4446700000000        3859.75022777805     
   15.4533400000000        3819.35136366218     
   15.4620200000000        3784.34300049021     
   15.4706900000000        3756.08001458133     
   15.4793600000000        3733.60992932715     
   15.4880300000000        3714.03334482325     
   15.4966900000000        3693.44573735923     
   15.5053500000000        3668.57088392993     
   15.5140100000000        3638.48331688403     
   15.5226700000000        3605.09326115725     
   15.5313200000000        3572.06987815209     
   15.5399600000000        3542.79686202873     
   15.5486100000000        3518.96706315080     
   15.5572500000000        3500.52091545186     
   15.5658900000000        3485.83482787189     
   15.5745200000000        3472.38617883694     
   15.5831600000000        3457.28301066740     
   15.5917900000000        3437.99959636687     
   15.6004100000000        3412.76763096722     
   15.6090300000000        3380.80982910519     
   15.6176500000000        3342.33692585814     
   15.6262700000000        3298.24385595915     
   15.6348800000000        3249.90630559221     
   15.6434900000000        3198.96584855393     
   15.6521000000000        3147.64818153337     
   15.6607000000000        3098.89676441347     
   15.6693000000000        3055.89513853143     
   15.6779000000000        3021.40823886309     
   15.6864900000000        2996.74775152927     
   15.6950800000000        2980.96810032086     
   15.7036700000000        2970.84856693607     
   15.7122600000000        2961.68483712533     
   15.7208400000000        2949.12837205719     
   15.7294100000000        2931.06330273184     
   15.7379900000000        2908.42104235348     
   15.7465600000000        2884.81718290769     
   15.7551300000000        2864.68036882031     
   15.7637000000000        2851.19385221414     
   15.7722600000000        2844.83021769361     
   15.7808200000000        2843.41895680151     
   15.7893700000000        2843.47367257991     
   15.7979300000000        2841.60578545465     
   15.8064700000000        2835.38620858502     
   15.8150200000000        2823.61386338755     
   15.8235600000000        2806.61026191950     
   15.8321000000000        2786.27565706843     
   15.8406400000000        2765.66111639977     
   15.8491800000000        2747.77410470813     
   15.8577100000000        2734.48778729850     
   15.8662300000000        2726.16450845147     
   15.8747600000000        2721.93851720498     
   15.8832800000000        2720.17310375912     
   15.8918000000000        2719.03084264819     
   15.9003100000000        2717.25933954920     
   15.9088200000000        2714.56823363363     
   15.9173300000000        2711.38259228022     
   15.9258400000000        2708.36946863007     
   15.9343400000000        2706.12197668741     
   15.9428400000000        2704.84456680898     
   15.9513300000000        2703.88652647012     
   15.9598300000000        2701.31082592680     
   15.9683100000000        2694.07707572736     
   15.9768000000000        2679.01412531446     
   15.9852800000000        2654.41544020506     
   15.9937600000000        2620.98295950010     
   16.0022400000000        2581.72938610716     
   16.0107100000000        2540.78752969553     
   16.0191800000000        2501.84501871633     
   16.0276500000000        2467.36388286004     
   16.0361200000000        2438.09436351230     
   16.0445800000000        2413.03080724547     
   16.0530300000000        2389.75061545410     
   16.0614900000000        2365.34435952854     
   16.0699400000000        2337.86925776556     
   16.0783900000000        2307.27717792980     
   16.0868300000000        2275.82056310946     
   16.0952800000000        2246.91484949563     
   16.1037100000000        2223.76296679504     
   16.1121500000000        2207.75405923361     
   16.1205800000000        2198.63979750655     
   16.1290100000000        2195.14733358398     
   16.1374400000000        2196.03582393704     
   16.1458600000000        2200.44246793816     
   16.1542800000000        2207.47023929751     
   16.1627000000000        2215.47022682099     
   16.1711100000000        2221.73951899875     
   16.1795200000000        2222.91543985890     
   16.1879300000000        2215.78535733229     
   16.1963300000000        2198.39483385788     
   16.2047300000000        2170.97702840446     
   16.2131300000000        2136.35032277419     
   16.2215200000000        2099.24167489230     
   16.2299100000000        2064.54871141824     
   16.2383000000000        2035.96061987862     
   16.2466900000000        2015.24707577246     
   16.2550700000000        2002.31526233752     
   16.2634500000000        1995.42220276805     
   16.2718200000000        1991.66080977545     
   16.2802000000000        1987.74876414258     
   16.2885600000000        1981.21282787427     
   16.2969300000000        1971.20056692929     
   16.3052900000000        1958.68160416168     
   16.3136500000000        1945.72287232895     
   16.3220100000000        1934.60573410149     
   16.3303600000000        1927.20755938313     
   16.3387100000000        1924.88117419970     
   16.3470600000000        1928.70282869900     
   16.3554000000000        1939.57219567012     
   16.3637400000000        1958.05972754959     
   16.3720800000000        1983.89351249465     
   16.3804200000000        2015.46044566197     
   16.3887500000000        2049.70761105075     
   16.3970700000000        2082.78786507917     
   16.4054000000000        2110.92316430315     
   16.4137200000000        2130.79724495660     
   16.4220400000000        2140.12253825511     
   16.4303500000000        2137.79831133938     
   16.4386700000000        2124.27429208312     
   16.4469700000000        2101.69920534043     
   16.4552800000000        2073.19338552211     
   16.4635800000000        2042.11404309148     
   16.4718800000000        2010.80329472583     
   16.4801800000000        1980.17342700530     
   16.4884700000000        1949.94047331155     
   16.4967600000000        1919.38148493628     
   16.5050500000000        1888.34223250490     
   16.5133300000000        1857.56598610035     
   16.5216100000000        1828.22186270343     
   16.5298900000000        1801.33932812709     
   16.5381600000000        1777.25840177707     
   16.5464300000000        1755.40723844120     
   16.5547000000000        1734.67509544162     
   16.5629700000000        1713.86009889700     
   16.5712300000000        1692.08409210696     
   16.5794900000000        1668.81670005431     
   16.5877400000000        1643.84732129130     
   16.5959900000000        1617.00800963553     
   16.6042400000000        1588.20785446157     
   16.6124900000000        1557.45377402699     
   16.6207300000000        1524.98949720045     
   16.6289700000000        1491.30775337589     
   16.6372000000000        1457.37429878979     
   16.6454400000000        1424.31621408930     
   16.6536700000000        1393.47546142040     
   16.6618900000000        1365.98076591190     
   16.6701200000000        1342.69405176117     
   16.6783400000000        1324.27842632449     
   16.6865500000000        1310.83593349151     
   16.6947700000000        1301.87138228002     
   16.7029800000000        1296.43024501801     
   16.7111900000000        1293.18529621875     
   16.7193900000000        1290.66325480894     
   16.7275900000000        1287.37502111614     
   16.7357900000000        1282.00368729014     
   16.7439800000000        1273.64167286577     
   16.7521800000000        1261.94741665368     
   16.7603600000000        1247.31368730366     
   16.7685500000000        1230.59931221570     
   16.7767300000000        1213.08720364389     
   16.7849100000000        1196.08298858587     
   16.7930900000000        1180.81036996600     
   16.8012600000000        1168.30084506071     
   16.8094300000000        1159.23987561500     
   16.8175900000000        1153.86762577212     
   16.8257600000000        1151.81536260972     
   16.8339200000000        1152.24115475144     
   16.8420700000000        1154.17911770651     
   16.8502300000000        1157.03964636434     
   16.8583800000000        1160.84088636475     
   16.8665300000000        1166.08175587570     
   16.8746700000000        1173.27508317003     
   16.8828100000000        1182.53446822048     
   16.8909500000000        1193.36601928970     
   16.8990800000000        1204.78083585787     
   16.9072100000000        1215.64849359313     
   16.9153400000000        1224.92046500071     
   16.9234700000000        1231.68952110676     
   16.9315900000000        1235.06036047795     
   16.9397100000000        1234.08031820311     
   16.9478200000000        1227.83425551874     
   16.9559400000000        1215.70020641561     
   16.9640500000000        1197.74753334425     
   16.9721500000000        1174.87657598448     
   16.9802600000000        1148.66649859592     
   16.9883600000000        1121.19663469940     
   16.9964500000000        1094.37653219200     
   17.0045500000000        1069.56117926745     
   17.0126400000000        1047.57043989560     
   17.0207200000000        1028.50234957420     
   17.0288100000000        1011.91900601352     
   17.0368900000000        997.210492916224     
   17.0449700000000        983.693664551784     
   17.0530400000000        970.889440241200     
   17.0611100000000        958.507924279947     
   17.0691800000000        946.424872842763     
