   7.15970000000000        1127.00731396073     
   7.17100000000000        1094.93951805775     
   7.18231000000000        1071.62947154007     
   7.19360000000000        1001.42853158648     
   7.20490000000000        925.859441632939     
   7.21619000000000        843.438538759693     
   7.22748000000000        815.779174156588     
   7.23877000000000        835.715623070481     
   7.25005000000000        778.475452421816     
   7.26133000000000        718.226645409130     
   7.27261000000000        626.702660777847     
   7.28388000000000        544.271162158611     
   7.29515000000000        465.125704733226     
   7.30642000000000        442.343462062772     
   7.31768000000000        413.851809756679     
   7.32894000000000        409.500502268052     
   7.34020000000000        423.550376096490     
   7.35146000000000        449.655707917114     
   7.36271000000000        484.194936339195     
   7.37396000000000        533.587348275936     
   7.38520000000000        561.912887679686     
   7.39644000000000        541.890682785097     
   7.40768000000000        517.173677728139     
   7.41892000000000        475.594317613457     
   7.43015000000000        440.047680468694     
   7.44138000000000        435.733282339802     
   7.45261000000000        415.062057570809     
   7.46383000000000        385.200938811276     
   7.47505000000000        352.986286993572     
   7.48626000000000        304.341219531092     
   7.49748000000000        280.282955734008     
   7.50869000000000        280.783453628350     
   7.51990000000000        266.263428505680     
   7.53110000000000        262.047241111040     
   7.54230000000000        266.927984141560     
   7.55350000000000        270.689758773637     
   7.56469000000000        256.213711984734     
   7.57588000000000        240.388305870488     
   7.58707000000000        236.767050617332     
   7.59826000000000        252.272356282507     
   7.60944000000000        263.615923889883     
   7.62062000000000        278.732502143958     
   7.63179000000000        296.314536665430     
   7.64296000000000        301.170075210533     
   7.65413000000000        294.772349353788     
   7.66530000000000        289.398236598184     
   7.67646000000000        300.024861079042     
   7.68762000000000        320.170582250628     
   7.69878000000000        324.787575507909     
   7.70993000000000        310.538119858604     
   7.72108000000000        305.105788696226     
   7.73223000000000        315.252520030990     
   7.74337000000000        321.421311244738     
   7.75451000000000        330.135125310358     
   7.76565000000000        345.793861455559     
   7.77678000000000        363.761993384934     
   7.78791000000000        379.522901584339     
   7.79904000000000        393.263669848926     
   7.81017000000000        412.823538934416     
   7.82129000000000        424.538316703910     
   7.83241000000000        431.529994907347     
   7.84352000000000        429.923321510778     
   7.85463000000000        421.572380054194     
   7.86574000000000        425.320970784785     
   7.87685000000000        437.555356538065     
   7.88795000000000        446.787362520556     
   7.89905000000000        451.501210479639     
   7.91015000000000        446.449873680263     
   7.92124000000000        423.505376975857     
   7.93233000000000        410.401292420097     
   7.94342000000000        407.057793097825     
   7.95450000000000        408.052591762783     
   7.96558000000000        416.557692573298     
   7.97666000000000        424.935528093108     
   7.98773000000000        438.232479821533     
   7.99880000000000        456.778140563084     
   8.00987000000000        463.661109481288     
   8.02093000000000        463.372513479667     
   8.03200000000000        462.334699719948     
   8.04305000000000        461.933272121476     
   8.05411000000000        458.710654158125     
   8.06516000000000        470.851942697973     
   8.07621000000000        492.611037839020     
   8.08726000000000        518.432471682069     
   8.09830000000000        538.457229380707     
   8.10934000000000        560.790828332266     
   8.12037000000000        569.708454827533     
   8.13141000000000        566.810651097400     
   8.14244000000000        562.981313430591     
   8.15346000000000        558.338077158710     
   8.16449000000000        540.307733515976     
   8.17551000000000        521.574964773985     
   8.18652000000000        506.845051985433     
   8.19754000000000        495.702393156436     
   8.20855000000000        487.722440157551     
   8.21955000000000        490.631452959470     
   8.23056000000000        510.817562435836     
   8.24156000000000        519.961408342900     
   8.25256000000000        523.637790109762     
   8.26355000000000        520.183222709518     
   8.27454000000000        516.119715507662     
   8.28553000000000        531.340128572768     
   8.29652000000000        550.352179438325     
   8.30750000000000        571.037575688774     
   8.31848000000000        576.046843704669     
   8.32946000000000        561.306074265806     
   8.34043000000000        556.180767511000     
   8.35140000000000        547.059570696254     
   8.36236000000000        545.546497031205     
   8.37333000000000        549.956770907938     
   8.38429000000000        549.606582891731     
   8.39524000000000        545.621867263294     
   8.40620000000000        561.973819417658     
   8.41715000000000        588.645041799643     
   8.42810000000000        610.988653842721     
   8.43904000000000        635.952791664167     
   8.44998000000000        668.672312959617     
   8.46092000000000        708.461757083895     
   8.47185000000000        739.705198032339     
   8.48278000000000        757.132065290541     
   8.49371000000000        758.373830203029     
   8.50464000000000        755.999487575059     
   8.51556000000000        752.262100478176     
   8.52648000000000        737.833344907541     
   8.53739000000000        723.076423640509     
   8.54831000000000        722.847602201200     
   8.55922000000000        729.720018011818     
   8.57012000000000        729.489843556851     
   8.58103000000000        733.982658938310     
   8.59193000000000        746.644657322617     
   8.60282000000000        757.393246752427     
   8.61372000000000        755.984757303006     
   8.62461000000000        757.605233512332     
   8.63549000000000        760.606126319013     
   8.64638000000000        748.357070367629     
   8.65726000000000        732.876427254695     
   8.66814000000000        734.501786685505     
   8.67901000000000        744.541571231728     
   8.68988000000000        748.164176553431     
   8.70075000000000        733.365732686006     
   8.71161000000000        724.709937295522     
   8.72248000000000        712.514999762509     
   8.73333000000000        692.415849878045     
   8.74419000000000        678.590343780952     
   8.75504000000000        664.256707545913     
   8.76589000000000        647.052076783438     
   8.77674000000000        646.037928983259     
   8.78758000000000        651.026019895491     
   8.79842000000000        653.800236370863     
   8.80926000000000        653.336573604704     
   8.82009000000000        645.379574674474     
   8.83092000000000        638.830549308825     
   8.84175000000000        642.621271970716     
   8.85257000000000        640.689776898505     
   8.86339000000000        636.978573155064     
   8.87421000000000        641.734289037346     
   8.88502000000000        644.596745217306     
   8.89583000000000        643.190883127850     
   8.90664000000000        638.117172982658     
   8.91745000000000        637.799700736657     
   8.92825000000000        642.666740715398     
   8.93905000000000        641.782119814448     
   8.94984000000000        634.655202560573     
   8.96063000000000        627.095839400517     
   8.97142000000000        624.701880764616     
   8.98221000000000        627.324110535104     
   8.99299000000000        649.110627700646     
   9.00377000000000        685.203108237584     
   9.01455000000000        725.439991140592     
   9.02532000000000        794.927965824214     
   9.03609000000000        905.528190101121     
   9.04686000000000        1052.55525380435     
   9.05762000000000        1221.33091977383     
   9.06838000000000        1406.63223773886     
   9.07914000000000        1587.92705175649     
   9.08989000000000        1689.87347596144     
   9.10064000000000        1686.82262780111     
   9.11139000000000        1630.11626640023     
   9.12214000000000        1586.27763558151     
   9.13288000000000        1566.69191490954     
   9.14362000000000        1557.38162814578     
   9.15435000000000        1494.62426440477     
   9.16508000000000        1373.61695395483     
   9.17581000000000        1281.61497038701     
   9.18654000000000        1265.73231008424     
   9.19726000000000        1261.24021286302     
   9.20798000000000        1224.17280796279     
   9.21870000000000        1190.55168726069     
   9.22941000000000        1179.33300278844     
   9.24012000000000        1163.74855457577     
   9.25082000000000        1128.10790918914     
   9.26153000000000        1093.93403711762     
   9.27223000000000        1063.74482326892     
   9.28293000000000        1060.67928850311     
   9.29362000000000        1087.23395057467     
   9.30431000000000        1112.38106174379     
   9.31500000000000        1094.64063936393     
   9.32568000000000        1078.34042863165     
   9.33636000000000        1116.21072810586     
   9.34704000000000        1198.38155875939     
   9.35772000000000        1281.24267392538     
   9.36839000000000        1327.50826375990     
   9.37906000000000        1330.68623116949     
   9.38972000000000        1331.65203402009     
   9.40038000000000        1358.90138435933     
   9.41104000000000        1410.36292514900     
   9.42170000000000        1451.44915125362     
   9.43235000000000        1477.09472329729     
   9.44300000000000        1514.17361438818     
   9.45365000000000        1578.16434921624     
   9.46429000000000        1628.12519677057     
   9.47493000000000        1649.57731821462     
   9.48557000000000        1680.66319386179     
   9.49620000000000        1689.60922110497     
   9.50683000000000        1676.34716527512     
   9.51746000000000        1634.66253725245     
   9.52808000000000        1620.48369915038     
   9.53871000000000        1668.64133929230     
   9.54932000000000        1745.08530276842     
   9.55994000000000        1840.25661868739     
   9.57055000000000        1892.34723697483     
   9.58116000000000        1885.31066784959     
   9.59176000000000        1869.44133773431     
   9.60237000000000        1880.75205296723     
   9.61296000000000        1897.61518423073     
   9.62356000000000        1936.06519243862     
   9.63415000000000        1977.75441910921     
   9.64474000000000        1989.32190669462     
   9.65533000000000        1977.53454043287     
   9.66591000000000        1977.23641651334     
   9.67649000000000        1997.78140021305     
   9.68707000000000        2019.59796129044     
   9.69764000000000        2045.05107964015     
   9.70821000000000        2088.92843412730     
   9.71878000000000        2197.59643165282     
   9.72934000000000        2352.97151584184     
   9.73990000000000        2463.71939304663     
   9.75046000000000        2495.12287687731     
   9.76102000000000        2490.35643391234     
   9.77157000000000        2511.07403194834     
   9.78212000000000        2540.90435147917     
   9.79266000000000        2540.12789062010     
   9.80320000000000        2524.51351530408     
   9.81374000000000        2500.43429557320     
   9.82428000000000        2487.04910686441     
   9.83481000000000        2504.98001877740     
   9.84534000000000        2522.32271070717     
   9.85586000000000        2535.64577810001     
   9.86639000000000        2539.99054429230     
   9.87691000000000        2450.93741343103     
   9.88742000000000        2345.33179771509     
   9.89794000000000        2356.52255011541     
   9.90845000000000        2416.38445109128     
   9.91895000000000        2436.35504798842     
   9.92946000000000        2434.66036286535     
   9.93996000000000        2401.22913469617     
   9.95046000000000        2338.81634347390     
   9.96095000000000        2268.00513875226     
   9.97144000000000        2196.76933140882     
   9.98193000000000        2132.19197913549     
   9.99242000000000        2112.82717914000     
   10.0029000000000        2142.58992998832     
   10.0133800000000        2176.39055301519     
   10.0238500000000        2199.10646724501     
   10.0343200000000        2184.90149181165     
   10.0447900000000        2153.50781814846     
   10.0552600000000        2134.47019099874     
   10.0657200000000        2120.76143496477     
   10.0761800000000        2113.91309462584     
   10.0866400000000        2123.56647603765     
   10.0970900000000        2149.65261378621     
   10.1075400000000        2179.65406229108     
   10.1179900000000        2178.98391229771     
   10.1284300000000        2148.17132628596     
   10.1388700000000        2150.34721456201     
   10.1493100000000        2184.14761908825     
   10.1597400000000        2162.33273537006     
   10.1701700000000        2113.24384370376     
   10.1806000000000        2099.91519284998     
   10.1910300000000        2094.83250414153     
   10.2014500000000        2080.65599182904     
   10.2118700000000        2101.99243430760     
   10.2222800000000        2146.37554625020     
   10.2326900000000        2154.83088431494     
   10.2431000000000        2125.02327437675     
   10.2535100000000        2089.75728467415     
   10.2639100000000        2065.82796659181     
   10.2743100000000        2051.49463838445     
   10.2847100000000        2084.86582634606     
   10.2951000000000        2171.52037317540     
   10.3054900000000        2233.23360622088     
   10.3158800000000        2243.51160114119     
   10.3262600000000        2245.31427885576     
   10.3366400000000        2228.62784883367     
   10.3470200000000        2198.03441139284     
   10.3573900000000        2210.53066510645     
   10.3677600000000        2276.01946417108     
   10.3781300000000        2337.17281290792     
   10.3884900000000        2360.62371215990     
   10.3988600000000        2354.21337737851     
   10.4092100000000        2337.72062922655     
   10.4195700000000        2332.67863891793     
   10.4299200000000        2341.25729620800     
   10.4402700000000        2344.74912741846     
   10.4506100000000        2316.31745316177     
   10.4609600000000        2251.56354138150     
   10.4713000000000        2164.05168829300     
   10.4816300000000        2070.29656135607     
   10.4919600000000        2003.13868404223     
   10.5022900000000        1969.22526458673     
   10.5126200000000        1943.94999284600     
   10.5229400000000        1913.02125785861     
   10.5332600000000        1854.62751944489     
   10.5435800000000        1779.57314789818     
   10.5539000000000        1702.88038365749     
   10.5642100000000        1628.40710014374     
   10.5745100000000        1561.71171491922     
   10.5848200000000        1506.17532881859     
   10.5951200000000        1450.83232885261     
   10.6054200000000        1400.11532682531     
   10.6157100000000        1364.14199898424     
   10.6260000000000        1352.70343891659     
   10.6362900000000        1374.19334480654     
   10.6465800000000        1396.39460562315     
   10.6568600000000        1401.62386573871     
   10.6671400000000        1405.40502584034     
   10.6774100000000        1415.42850544823     
   10.6876900000000        1432.42691562129     
   10.6979600000000        1457.87622723510     
   10.7082200000000        1495.72243152701     
   10.7184900000000        1547.92302303123     
   10.7287500000000        1605.37714071623     
   10.7390000000000        1659.91255606262     
   10.7492600000000        1711.69570054177     
   10.7595100000000        1758.90524616134     
   10.7697500000000        1811.83725548955     
   10.7800000000000        1891.86267064771     
   10.7902400000000        1993.10894594298     
   10.8004800000000        2091.11367391339     
   10.8107100000000        2167.72945353565     
   10.8209400000000        2202.65307421801     
   10.8311700000000        2209.78966155896     
   10.8414000000000        2226.82559567639     
   10.8516200000000        2264.23564794109     
   10.8618400000000        2317.94259185405     
   10.8720500000000        2369.32085169338     
   10.8822700000000        2401.86416862760     
   10.8924800000000        2406.74280927043     
   10.9026800000000        2380.59111419058     
   10.9128800000000        2347.04709791173     
   10.9230800000000        2338.18281687136     
   10.9332800000000        2351.94746708348     
   10.9434700000000        2373.76574298353     
   10.9536600000000        2404.33537533162     
   10.9638500000000        2424.13896122487     
   10.9740400000000        2397.51263896031     
   10.9842200000000        2322.84318925111     
   10.9943900000000        2224.21809486761     
   11.0045700000000        2131.53418014956     
   11.0147400000000        2067.72050221303     
   11.0249100000000        2022.60079844222     
   11.0350700000000        1980.50150709159     
   11.0452300000000        1937.89942369469     
   11.0553900000000        1904.82653753007     
   11.0655500000000        1899.42496556491     
   11.0757000000000        1921.85000782160     
   11.0858500000000        1958.20024402041     
   11.0960000000000        1994.87014820664     
   11.1061400000000        2015.46471201724     
   11.1162800000000        2019.55455834246     
   11.1264200000000        2027.08152588424     
   11.1365500000000        2053.87991547784     
   11.1466800000000        2097.57884948960     
   11.1568100000000        2139.99120452342     
   11.1669300000000        2172.33253618274     
   11.1770500000000        2203.74986839269     
   11.1871700000000        2242.04002898090     
   11.1972800000000        2272.76300553649     
   11.2073900000000        2284.55199406407     
   11.2175000000000        2278.68449531475     
   11.2276100000000        2274.95591751576     
   11.2377100000000        2297.06330907174     
   11.2478100000000        2346.40231589312     
   11.2579000000000        2402.64076207678     
   11.2679900000000        2449.01380280085     
   11.2780800000000        2481.77223346326     
   11.2881700000000        2505.61775563186     
   11.2982500000000        2532.45097819702     
   11.3083300000000        2576.82819093677     
   11.3184100000000        2632.57680656187     
   11.3284800000000        2671.59222669785     
   11.3385500000000        2683.69885309289     
   11.3486200000000        2686.84214930778     
   11.3586800000000        2703.43200628585     
   11.3687400000000        2739.74039966377     
   11.3788000000000        2779.48423198283     
   11.3888500000000        2812.33979810143     
   11.3989000000000        2835.05947379089     
   11.4089500000000        2849.83083716177     
   11.4189900000000        2872.15514348412     
   11.4290400000000        2905.57839654623     
   11.4390700000000        2931.22152893346     
   11.4491100000000        2927.25571606481     
   11.4591400000000        2900.37501479991     
   11.4691700000000        2870.18801444177     
   11.4792000000000        2852.71545213380     
   11.4892200000000        2852.13348292039     
   11.4992400000000        2865.89799391196     
   11.5092500000000        2883.80153678320     
   11.5192700000000        2882.48018048049     
   11.5292800000000        2865.50516697858     
   11.5392800000000        2857.42088658842     
   11.5492900000000        2864.34513274584     
   11.5592900000000        2876.89609224030     
   11.5692800000000        2884.88570194951     
   11.5792800000000        2893.81857314549     
   11.5892700000000        2910.16324496102     
   11.5992600000000        2928.08575987135     
   11.6092400000000        2947.51253022491     
   11.6192200000000        2966.09446256915     
   11.6292000000000        2973.93275159173     
   11.6391700000000        2971.75230983158     
   11.6491500000000        2965.30338772981     
   11.6591200000000        2961.43167893441     
   11.6690800000000        2961.83567446207     
   11.6790400000000        2963.75896333173     
   11.6890000000000        2963.43658544310     
   11.6989600000000        2959.33390031827     
   11.7089100000000        2962.32529478119     
   11.7188600000000        2979.63469432766     
   11.7288100000000        2998.95938062535     
   11.7387500000000        3011.36755035955     
   11.7486900000000        3014.98539738202     
   11.7586300000000        2998.34842106637     
   11.7685600000000        2966.87256582887     
   11.7784900000000        2932.45083839063     
   11.7884200000000        2882.16457023900     
   11.7983400000000        2828.60138609752     
   11.8082600000000        2804.29439383440     
   11.8181800000000        2815.33790178638     
   11.8281000000000        2843.56142313463     
   11.8380100000000        2859.19500472441     
   11.8479200000000        2846.43467117847     
   11.8578200000000        2811.46166781622     
   11.8677200000000        2765.73657489532     
   11.8776200000000        2716.90785056400     
   11.8875200000000        2664.95470984759     
   11.8974100000000        2612.81451804489     
   11.9073000000000        2568.54435922827     
   11.9171900000000        2538.50457121387     
   11.9270700000000        2520.77351735245     
   11.9369500000000        2511.04737066132     
   11.9468300000000        2512.08553676553     
   11.9567000000000        2521.91918919809     
   11.9665700000000        2525.13144311884     
   11.9764400000000        2502.30919555580     
   11.9863000000000        2448.30260523539     
   11.9961600000000        2383.04087913500     
   12.0060200000000        2331.17743651118     
   12.0158700000000        2297.63158561829     
   12.0257300000000        2276.64861912906     
   12.0355700000000        2272.44013118393     
   12.0454200000000        2294.34208055755     
   12.0552600000000        2339.84293327794     
   12.0651000000000        2393.46259997096     
   12.0749400000000        2443.73284165360     
   12.0847700000000        2488.21860626044     
   12.0946000000000        2533.85377346808     
   12.1044200000000        2585.07814528246     
   12.1142500000000        2629.03565025449     
   12.1240700000000        2657.45874076953     
   12.1338800000000        2685.81696996649     
   12.1437000000000        2737.17406190484     
   12.1535100000000        2814.36279766123     
   12.1633100000000        2893.46986481925     
   12.1731200000000        2953.68790981563     
   12.1829200000000        2995.52777824018     
   12.1927200000000        3022.11131396639     
   12.2025100000000        3042.07797099831     
   12.2123000000000        3064.44472442741     
   12.2220900000000        3077.30251542927     
   12.2318700000000        3072.26229943902     
   12.2416600000000        3058.87620659605     
   12.2514300000000        3042.78554590095     
   12.2612100000000        3027.85322229042     
   12.2709800000000        3030.09942222212     
   12.2807500000000        3062.46515653464     
   12.2905200000000        3115.38019124016     
   12.3002800000000        3173.85410960931     
   12.3100400000000        3232.92830789902     
   12.3198000000000        3283.16114622279     
   12.3295500000000        3308.68268485614     
   12.3393000000000        3312.23730360616     
   12.3490500000000        3317.88745816822     
   12.3587900000000        3341.40046792579     
   12.3685300000000        3372.55839728468     
   12.3782700000000        3386.74930894743     
   12.3880000000000        3377.08787383458     
   12.3977300000000        3362.36445725747     
   12.4074600000000        3359.12689297851     
   12.4171800000000        3363.81265615856     
   12.4269100000000        3363.17755495948     
   12.4366200000000        3350.71311820592     
   12.4463400000000        3325.66377524962     
   12.4560500000000        3280.68854574252     
   12.4657600000000        3208.13565101702     
   12.4754700000000        3115.15326084491     
   12.4851700000000        3027.10941527036     
   12.4948700000000        2969.46575031811     
   12.5045600000000        2955.44868009529     
   12.5142600000000        2984.62356947334     
   12.5239500000000        3043.64370984061     
   12.5336300000000        3109.76949412080     
   12.5433200000000        3162.03351721434     
   12.5530000000000        3189.44607915348     
   12.5626800000000        3194.67746342323     
   12.5723500000000        3188.89119522567     
   12.5820200000000        3180.48472957148     
   12.5916900000000        3170.05522850713     
   12.6013500000000        3151.54433308629     
   12.6110100000000        3126.10484853732     
   12.6206700000000        3106.77951981391     
   12.6303300000000        3098.12189065905     
   12.6399800000000        3094.09102656155     
   12.6496300000000        3086.75232606131     
   12.6592700000000        3064.01003560882     
   12.6689200000000        3017.80038457951     
   12.6785500000000        2961.71380358422     
   12.6881900000000        2922.32731167271     
   12.6978200000000        2917.06100318055     
   12.7074500000000        2950.92164988913     
   12.7170800000000        3020.33314791525     
   12.7267000000000        3109.25401266766     
   12.7363200000000        3193.00835048215     
   12.7459400000000        3252.87696727958     
   12.7555500000000        3282.66556059005     
   12.7651600000000        3284.66051641471     
   12.7747700000000        3265.52232180675     
   12.7843800000000        3233.69051224153     
   12.7939800000000        3203.78502815514     
   12.8035800000000        3193.86067133857     
   12.8131700000000        3209.84568377689     
   12.8227600000000        3237.13196137047     
   12.8323500000000        3256.08084570330     
   12.8419400000000        3262.88804311279     
   12.8515200000000        3266.77163751737     
   12.8611000000000        3275.55643255027     
   12.8706700000000        3290.56617638108     
   12.8802500000000        3309.54100622469     
   12.8898100000000        3327.53406865441     
   12.8993800000000        3339.78330939039     
   12.9089400000000        3350.13874722579     
   12.9185000000000        3370.31078446710     
   12.9280600000000        3407.63521879404     
   12.9376100000000        3456.94770170617     
   12.9471700000000        3508.29258645948     
   12.9567100000000        3558.13832349172     
   12.9662600000000        3608.45487756381     
   12.9758000000000        3656.66892998861     
   12.9853400000000        3696.77477083582     
   12.9948700000000        3726.76970225672     
   13.0044000000000        3744.81163378779     
   13.0139300000000        3746.61070102202     
   13.0234600000000        3736.95561265149     
   13.0329800000000        3731.04376333366     
   13.0425000000000        3738.14186794975     
   13.0520100000000        3755.61916798920     
   13.0615200000000        3776.04862155091     
   13.0710300000000        3795.58111911519     
   13.0805400000000        3816.49317536865     
   13.0900400000000        3843.82249805652     
   13.0995400000000        3885.50680082704     
   13.1090400000000        3949.69413111659     
   13.1185300000000        4034.40049774960     
   13.1280200000000        4125.43730208263     
   13.1375100000000        4207.08848738771     
   13.1469900000000        4272.19684439272     
   13.1564700000000        4323.12143627902     
   13.1659500000000        4366.10487870055     
   13.1754300000000        4404.91146965806     
   13.1849000000000        4440.69475030969     
   13.1943700000000        4475.43016621183     
   13.2038300000000        4511.75436136499     
   13.2132900000000        4549.30294072450     
   13.2227500000000        4579.83655694930     
   13.2322100000000        4592.78235348528     
   13.2416600000000        4585.54429466426     
   13.2511100000000        4564.95466807237     
   13.2605500000000        4542.45911501728     
   13.2700000000000        4525.79905180706     
   13.2794400000000        4514.17880943189     
   13.2888700000000        4500.39260730856     
   13.2983100000000        4475.95046889232     
   13.3077400000000        4435.41915393207     
   13.3171600000000        4382.39819054746     
   13.3265900000000        4328.62609635657     
   13.3360100000000        4284.12608373276     
   13.3454300000000        4251.54844011147     
   13.3548400000000        4227.79818986420     
   13.3642500000000        4208.65549990900     
   13.3736600000000        4193.07620985516     
   13.3830600000000        4182.01716092681     
   13.3924700000000        4178.48028286666     
   13.4018600000000        4187.35557494075     
   13.4112600000000        4205.61665388987     
   13.4206500000000        4219.72154918713     
   13.4300400000000        4221.18047475536     
   13.4394300000000        4214.23003635986     
   13.4488100000000        4206.86389087011     
   13.4581900000000        4203.40223568493     
   13.4675600000000        4204.32096114189     
   13.4769400000000        4207.39292843027     
   13.4863100000000        4211.45888922357     
   13.4956700000000        4220.98410000957     
   13.5050400000000        4240.22200338233     
   13.5144000000000        4263.27340942884     
   13.5237600000000        4276.63895977842     
   13.5331100000000        4270.51721264670     
   13.5424600000000        4246.85749229134     
   13.5518100000000        4215.56402193030     
   13.5611500000000        4187.29101239874     
   13.5704900000000        4171.08050370408     
   13.5798300000000        4173.16196440871     
   13.5891700000000        4194.80900627403     
   13.5985000000000        4230.82769804910     
   13.6078300000000        4272.34101720934     
   13.6171500000000        4312.45164612350     
   13.6264800000000        4348.52331718375     
   13.6358000000000        4379.90542554514     
   13.6451100000000        4406.75339444715     
   13.6544200000000        4430.51653084012     
   13.6637300000000        4452.70688356856     
   13.6730400000000        4472.73906604261     
   13.6823400000000        4488.59657229184     
   13.6916400000000        4499.18459310153     
   13.7009400000000        4504.58087274296     
   13.7102400000000        4503.82931673408     
   13.7195300000000        4495.23525922376     
   13.7288100000000        4480.60594269692     
   13.7381000000000        4466.44128201204     
   13.7473800000000        4458.76036611547     
   13.7566600000000        4456.97066957645     
   13.7659300000000        4454.21159350556     
   13.7752000000000        4445.52485015876     
   13.7844700000000        4433.97906048583     
   13.7937400000000        4427.59078451766     
   13.8030000000000        4434.35861403305     
   13.8122600000000        4460.24169392543     
   13.8215200000000        4508.24670817192     
   13.8307700000000        4577.49477821038     
   13.8400200000000        4663.51224240119     
   13.8492600000000        4759.89635481955     
   13.8585100000000        4858.75036120536     
   13.8677500000000        4949.35245319878     
   13.8769800000000        5023.06838087081     
   13.8862200000000        5077.52833883599     
   13.8954500000000        5114.59590555476     
   13.9046800000000        5135.49441858060     
   13.9139000000000        5138.33349500095     
   13.9231200000000        5121.48363509531     
   13.9323400000000        5087.34703827846     
   13.9415500000000        5045.03697891790     
   13.9507700000000        5011.03984260179     
   13.9599700000000        5003.36945628954     
   13.9691800000000        5030.06335321105     
   13.9783800000000        5084.37785229734     
   13.9875800000000        5150.40468900911     
   13.9967800000000        5211.50816326547     
   14.0059700000000        5257.69824293679     
   14.0151600000000        5290.11086945645     
   14.0243400000000        5316.05095606594     
   14.0335300000000        5341.36917514077     
   14.0427100000000        5368.06618551469     
   14.0518800000000        5394.19408820040     
   14.0610600000000        5414.13966049870     
   14.0702300000000        5421.88279292226     
   14.0794000000000        5415.67303761205     
   14.0885600000000        5399.72316064182     
   14.0977200000000        5381.16179640353     
   14.1068800000000        5366.12132285708     
   14.1160300000000        5359.25178321035     
   14.1251800000000        5362.94017095617     
   14.1343300000000        5373.79549128049     
   14.1434800000000        5382.61375599898     
   14.1526200000000        5381.16158223994     
   14.1617600000000        5367.70601701092     
   14.1708900000000        5345.77688335559     
   14.1800300000000        5321.96487293964     
   14.1891500000000        5306.61398182812     
   14.1982800000000        5310.81930635646     
   14.2074000000000        5339.14436870199     
   14.2165200000000        5385.70119866012     
   14.2256400000000        5438.49378713575     
   14.2347500000000        5487.62480023272     
   14.2438600000000        5531.62090445743     
   14.2529700000000        5577.88010382688     
   14.2620700000000        5637.80375057330     
   14.2711800000000        5720.62159434227     
   14.2802700000000        5828.86891488935     
   14.2893700000000        5958.74364689107     
   14.2984600000000        6099.58456952108     
   14.3075500000000        6237.67986019078     
   14.3166300000000        6362.05243576773     
   14.3257100000000        6471.04851564510     
   14.3347900000000        6568.94109928875     
   14.3438700000000        6656.12944758486     
   14.3529400000000        6724.88772830489     
   14.3620100000000        6764.84172786642     
   14.3710700000000        6768.99287947263     
   14.3801400000000        6736.07052250416     
   14.3892000000000        6670.87534679258     
   14.3982500000000        6582.68233639872     
   14.4073100000000        6480.83100807069     
   14.4163600000000        6372.90543732191     
   14.4254000000000        6265.29335189568     
   14.4344500000000        6164.04617525169     
   14.4434900000000        6073.81888772751     
   14.4525200000000        5994.76492432318     
   14.4615600000000        5922.78810326577     
   14.4705900000000        5853.80243721523     
   14.4796200000000        5787.37640896332     
   14.4886400000000        5726.66410732963     
   14.4976600000000        5673.77701806957     
   14.5066800000000        5627.76447255182     
   14.5157000000000        5585.93809000281     
   14.5247100000000        5546.26887090778     
   14.5337200000000        5509.11993062916     
   14.5427200000000        5478.19040511294     
   14.5517300000000        5459.25139946759     
   14.5607300000000        5458.08514134810     
   14.5697200000000        5477.41375603664     
   14.5787100000000        5514.41739390797     
   14.5877000000000        5560.98064384533     
   14.5966900000000        5607.35785294980     
   14.6056700000000        5646.49785792020     
   14.6146600000000        5676.87132408807     
   14.6236300000000        5701.07488568664     
   14.6326100000000        5721.28024472872     
   14.6415800000000        5735.02084398954     
   14.6505400000000        5738.01097355070     
   14.6595100000000        5730.32986835195     
   14.6684700000000        5717.19965359847     
   14.6774300000000        5703.48067161189     
   14.6863800000000        5690.66762112071     
   14.6953400000000        5678.75771739398     
   14.7042800000000        5667.84327988958     
   14.7132300000000        5657.49821009233     
   14.7221700000000        5647.22599663418     
   14.7311100000000        5637.10546973150     
   14.7400500000000        5627.08717363414     
   14.7489800000000        5614.64611201633     
   14.7579100000000        5593.09124848414     
   14.7668400000000        5554.43453811704     
   14.7757600000000        5495.87027666007     
   14.7846800000000        5422.55259656959     
   14.7936000000000        5344.58619929487     
   14.8025100000000        5272.20065907239     
   14.8114200000000        5212.97040012734     
   14.8203300000000        5172.36048974025     
   14.8292300000000        5154.02597576277     
   14.8381300000000        5158.39513550185     
   14.8470300000000        5181.78066731045     
   14.8559300000000        5217.63438636316     
   14.8648200000000        5258.97520956370     
   14.8737100000000        5300.06383281327     
   14.8825900000000        5335.98829382574     
   14.8914700000000        5362.65620794815     
   14.9003500000000        5378.10163440720     
   14.9092300000000        5383.44133194579     
   14.9181000000000        5381.07378488687     
   14.9269700000000        5372.18074850660     
   14.9358400000000        5356.44568517684     
   14.9447000000000        5333.27255923102     
   14.9535600000000        5302.42099428792     
   14.9624200000000        5264.27455778856     
   14.9712700000000        5220.30843724190     
   14.9801200000000        5173.46752281056     
   14.9889700000000        5127.99647937495     
   14.9978100000000        5087.94069321501     
   15.0066500000000        5055.57777671508     
   15.0154900000000        5031.29207744815     
   15.0243300000000        5013.71749139690     
   15.0331600000000        4999.91668889713     
   15.0419900000000        4986.15639532024     
   15.0508100000000        4969.54529544220     
   15.0596300000000        4949.14326553597     
   15.0684500000000        4926.02486186627     
   15.0772700000000        4902.05546254566     
   15.0860800000000        4878.13581472157     
   15.0948900000000        4853.59853513252     
   15.1037000000000        4828.11918833247     
   15.1125000000000        4803.73438115529     
   15.1213000000000        4783.83710689465     
   15.1301000000000        4770.34171001734     
   15.1388900000000        4762.49201016709     
   15.1476800000000        4758.44231453581     
   15.1564700000000        4757.28356596180     
   15.1652500000000        4759.37462903801     
   15.1740300000000        4765.30862797281     
   15.1828100000000        4774.62755484333     
   15.1915800000000        4785.14405610308     
   15.2003500000000        4793.22945101492     
   15.2091200000000        4794.50239471716     
   15.2178900000000        4784.76822387464     
   15.2266500000000        4761.30986464142     
   15.2354100000000        4724.03420842980     
   15.2441600000000        4675.52865444777     
   15.2529200000000        4618.67266933554     
   15.2616700000000        4554.54547662171     
   15.2704100000000        4482.43657862971     
   15.2791500000000        4403.18529907458     
   15.2878900000000        4321.83230867938     
   15.2966300000000        4246.01967707217     
   15.3053600000000        4181.76007097396     
   15.3140900000000        4130.19841738649     
   15.3228200000000        4088.35069671637     
   15.3315400000000        4052.08211743523     
   15.3402600000000        4019.37667210343     
   15.3489800000000        3991.86335661309     
   15.3577000000000        3973.14608123975     
   15.3664100000000        3965.52460671037     
   15.3751200000000        3967.63345551708     
   15.3838200000000        3974.81426609071     
   15.3925200000000        3981.17608430406     
   15.4012200000000        3981.20547188069     
   15.4099200000000        3970.66912463706     
   15.4186100000000        3947.73471567291     
   15.4273000000000        3913.70980809697     
   15.4359800000000        3872.59782503508     
   15.4446700000000        3829.28703694981     
   15.4533400000000        3788.40553681567     
   15.4620200000000        3752.91015885394     
   15.4706900000000        3724.16089384821     
   15.4793600000000        3701.34555144927     
   15.4880300000000        3681.80034625426     
   15.4966900000000        3661.84508088942     
   15.5053500000000        3638.28072871930     
   15.5140100000000        3610.00935729067     
   15.5226700000000        3578.52659698990     
   15.5313200000000        3546.98081455572     
   15.5399600000000        3518.34216645650     
   15.5486100000000        3494.15003207105     
   15.5572500000000        3474.47100417252     
   15.5658900000000        3458.00074609580     
   15.5745200000000        3442.63035961408     
   15.5831600000000        3425.87457803095     
   15.5917900000000        3405.51827375401     
   15.6004100000000        3379.90778980047     
   15.6090300000000        3348.19024026286     
   15.6176500000000        3310.40176560231     
   15.6262700000000        3267.26524017502     
   15.6348800000000        3220.02512372272     
   15.6434900000000        3170.20791195028     
   15.6521000000000        3119.89262977151     
   15.6607000000000        3071.83867780357     
   15.6693000000000        3029.05564980624     
   15.6779000000000        2994.19497934152     
   15.6864900000000        2968.53538659137     
   15.6950800000000        2951.17299837691     
   15.7036700000000        2939.02305301102     
   15.7122600000000        2927.62279009431     
   15.7208400000000        2912.91527380676     
   15.7294100000000        2893.00320370155     
   15.7379900000000        2868.87539849155     
   15.7465600000000        2844.06165295879     
   15.7551300000000        2822.83424717900     
   15.7637000000000        2808.25598804164     
   15.7722600000000        2800.77208032211     
   15.7808200000000        2798.27555444665     
   15.7893700000000        2797.40528481149     
   15.7979300000000        2794.90856506722     
   15.8064700000000        2788.46122460556     
   15.8150200000000        2776.88837747867     
   15.8235600000000        2760.44449562601     
   15.8321000000000        2740.87890517461     
   15.8406400000000        2721.04176402530     
   15.8491800000000        2703.74108485769     
   15.8577100000000        2690.70204811547     
   15.8662300000000        2682.21598164587     
   15.8747600000000        2677.41068000454     
   15.8832800000000        2674.68823971947     
   15.8918000000000        2672.27220555414     
   15.9003100000000        2668.97883587324     
   15.9088200000000        2664.57248344117     
   15.9173300000000        2659.52643806121     
   15.9258400000000        2654.56342743692     
   15.9343400000000        2650.34159527698     
   15.9428400000000        2647.11679919658     
   15.9513300000000        2644.28712782776     
   15.9598300000000        2639.98200143940     
   15.9683100000000        2631.28528647726     
   15.9768000000000        2615.16206914110     
   15.9852800000000        2590.01227481725     
   15.9937600000000        2556.55469137503     
   16.0022400000000        2517.73214710085     
   16.0107100000000        2477.55219431350     
   16.0191800000000        2439.56618939884     
   16.0276500000000        2406.11808080908     
   16.0361200000000        2377.88231906140     
   16.0445800000000        2353.83706030721     
   16.0530300000000        2331.60499063091     
   16.0614900000000        2308.35408446866     
   16.0699400000000        2282.19043851274     
   16.0783900000000        2253.04296601712     
   16.0868300000000        2223.03816096942     
   16.0952800000000        2195.39699809581     
   16.1037100000000        2173.11826535136     
   16.1121500000000        2157.46909683270     
   16.1205800000000        2148.19087877049     
   16.1290100000000        2144.11061436427     
   16.1374400000000        2144.15152021128     
   16.1458600000000        2147.62853959753     
   16.1542800000000        2153.79872356784     
   16.1627000000000        2161.14226063772     
   16.1711100000000        2167.06979697769     
   16.1795200000000        2168.31603939523     
   16.1879300000000        2161.73181548604     
   16.1963300000000        2145.35947773037     
   16.2047300000000        2119.34717796697     
   16.2131300000000        2086.34927676628     
   16.2215200000000        2050.87525070798     
   16.2299100000000        2017.60182860639     
   16.2383000000000        1990.04010413318     
   16.2466900000000        1969.87354395782     
   16.2550700000000        1957.04006297261     
   16.2634500000000        1949.93684358010     
   16.2718200000000        1945.86374972454     
   16.2802000000000        1941.74536875214     
   16.2885600000000        1935.25020900204     
   16.2969300000000        1925.56317701700     
   16.3052900000000        1913.58958072516     
   16.3136500000000        1901.26191632358     
   16.3220100000000        1890.69621603281     
   16.3303600000000        1883.61535560253     
   16.3387100000000        1881.26564356796     
   16.3470600000000        1884.68038190877     
   16.3554000000000        1894.77396662897     
   16.3637400000000        1912.16552566816     
   16.3720800000000        1936.65754617446     
   16.3804200000000        1966.74180784316     
   16.3887500000000        1999.49950819318     
   16.3970700000000        2031.21653025956     
   16.4054000000000        2058.21513553786     
   16.4137200000000        2077.24769691306     
   16.4220400000000        2086.06643746738     
   16.4303500000000        2083.59581547991     
   16.4386700000000        2070.28743606069     
   16.4469700000000        2048.25849143104     
   16.4552800000000        2020.56884330149     
   16.4635800000000        1990.49302658453     
   16.4718800000000        1960.29646022037     
   16.4801800000000        1930.83992684792     
   16.4884700000000        1901.82143907095     
   16.4967600000000        1872.52373979721     
   16.5050500000000        1842.78896083946     
   16.5133300000000        1813.32494758531     
   16.5216100000000        1785.23990541243     
   16.5298900000000        1759.49641859351     
   16.5381600000000        1736.39128444662     
   16.5464300000000        1715.35066058010     
   16.5547000000000        1695.29235736723     
   16.5629700000000        1675.05944727922     
   16.5712300000000        1653.82381200467     
   16.5794900000000        1631.10976270031     
   16.5877400000000        1606.76225600551     
   16.5959900000000        1580.66551623770     
   16.6042400000000        1552.76344386317     
   16.6124900000000        1523.07250387516     
   16.6207300000000        1491.81917541190     
   16.6289700000000        1459.46296815234     
   16.6372000000000        1426.92540082248     
   16.6454400000000        1395.29973062715     
   16.6536700000000        1365.90155287739     
   16.6618900000000        1339.84848718019     
   16.6701200000000        1317.99622218961     
   16.6783400000000        1300.98924640276     
   16.6865500000000        1288.91321988002     
   16.6947700000000        1281.26860777162     
   16.7029800000000        1277.10460455406     
   16.7111900000000        1275.11280100441     
   16.7193900000000        1273.83526882158     
   16.7275900000000        1271.79242065109     
   16.7357900000000        1267.66419788871     
   16.7439800000000        1260.52887969359     
   16.7521800000000        1250.02598744072     
   16.7603600000000        1236.51005188346     
   16.7685500000000        1220.79783211218     
   16.7767300000000        1204.12147777533     
   16.7849100000000        1187.75623235499     
   16.7930900000000        1172.92420484498     
   16.8012600000000        1160.68126043610     
   16.8094300000000        1151.74502895376     
   16.8175900000000        1146.37370308136     
   16.8257600000000        1144.19378747587     
   16.8339200000000        1144.34255198599     
   16.8420700000000        1145.83446310535     
   16.8502300000000        1148.07759810097     
   16.8583800000000        1151.11807586304     
   16.8665300000000        1155.50240424328     
   16.8746700000000        1161.79707784833     
   16.8828100000000        1170.15137602182     
   16.8909500000000        1180.08011567891     
   16.8990800000000        1190.57841801115     
   16.9072100000000        1200.48891563731     
   16.9153400000000        1208.75364321710     
   16.9234700000000        1214.49353123969     
   16.9315900000000        1216.88500790043     
   16.9397100000000        1215.07147509992     
   16.9478200000000        1208.23619559865     
   16.9559400000000        1195.83028879918     
   16.9640500000000        1177.96172502081     
   16.9721500000000        1155.52805576710     
   16.9802600000000        1130.07340310399     
   16.9883600000000        1103.61413510201     
   16.9964500000000        1077.98347968889     
   17.0045500000000        1054.45796091457     
   17.0126400000000        1033.77419090695     
   17.0207200000000        1015.95931731880     
   17.0288100000000        1000.52364548484     
   17.0368900000000        986.817626703994     
   17.0449700000000        974.136989194626     
   17.0530400000000        961.987594408440     
   17.0611100000000        950.072089503458     
   17.0691800000000        938.266428821844     
