   7.15970000000000        875.367995928075     
   7.17100000000000        856.855319527722     
   7.18231000000000        842.058915605510     
   7.19360000000000        794.352250871187     
   7.20490000000000        742.375120861654     
   7.21619000000000        688.797265412692     
   7.22748000000000        670.843022106758     
   7.23877000000000        686.418398535226     
   7.25005000000000        654.160446403370     
   7.26133000000000        613.825751194390     
   7.27261000000000        549.366801502069     
   7.28388000000000        494.570045812679     
   7.29515000000000        441.600618619668     
   7.30642000000000        430.089326712432     
   7.31768000000000        413.718306855183     
   7.32894000000000        412.527061231345     
   7.34020000000000        426.406742939566     
   7.35146000000000        453.842350202676     
   7.36271000000000        483.608751954062     
   7.37396000000000        522.549324633991     
   7.38520000000000        539.368173070267     
   7.39644000000000        520.035985916250     
   7.40768000000000        501.609228305568     
   7.41892000000000        473.262112452643     
   7.43015000000000        446.249814580039     
   7.44138000000000        443.754845504108     
   7.45261000000000        423.393012845732     
   7.46383000000000        397.965551368714     
   7.47505000000000        376.040198561898     
   7.48626000000000        342.781402958701     
   7.49748000000000        331.134846408207     
   7.50869000000000        333.810595534171     
   7.51990000000000        322.515481070466     
   7.53110000000000        321.858145313658     
   7.54230000000000        332.454831688913     
   7.55350000000000        340.802928569729     
   7.56469000000000        333.222821235829     
   7.57588000000000        324.041739076281     
   7.58707000000000        323.647099112333     
   7.59826000000000        340.033616762749     
   7.60944000000000        350.504962877715     
   7.62062000000000        363.842113726137     
   7.63179000000000        378.722276217179     
   7.64296000000000        376.509681526827     
   7.65413000000000        367.235700541039     
   7.66530000000000        361.511974929981     
   7.67646000000000        365.659209420940     
   7.68762000000000        382.449210305329     
   7.69878000000000        387.212418461431     
   7.70993000000000        371.650368587827     
   7.72108000000000        359.690900131180     
   7.73223000000000        362.830221235871     
   7.74337000000000        368.425744263364     
   7.75451000000000        369.877645288477     
   7.76565000000000        371.566972558271     
   7.77678000000000        374.693746661169     
   7.78791000000000        379.553943563735     
   7.79904000000000        387.198349830484     
   7.81017000000000        401.535829293793     
   7.82129000000000        411.157568794837     
   7.83241000000000        418.785871277880     
   7.84352000000000        420.629210396227     
   7.85463000000000        416.116534116725     
   7.86574000000000        416.823535001904     
   7.87685000000000        418.553378921173     
   7.88795000000000        420.163301670627     
   7.89905000000000        424.192950012928     
   7.91015000000000        419.897444231682     
   7.92124000000000        396.672047471015     
   7.93233000000000        381.097576246725     
   7.94342000000000        374.518179630534     
   7.95450000000000        370.913344859484     
   7.96558000000000        369.033997320981     
   7.97666000000000        360.489879978614     
   7.98773000000000        353.388588402160     
   7.99880000000000        353.383366788658     
   8.00987000000000        347.596417675699     
   8.02093000000000        339.461908289602     
   8.03200000000000        339.674323011948     
   8.04305000000000        341.033915000292     
   8.05411000000000        337.445525422827     
   8.06516000000000        343.664152379841     
   8.07621000000000        357.741353927233     
   8.08726000000000        373.293512674045     
   8.09830000000000        382.851981714891     
   8.10934000000000        393.836917405763     
   8.12037000000000        394.397646323699     
   8.13141000000000        387.786631293961     
   8.14244000000000        379.807693891288     
   8.15346000000000        371.192106264073     
   8.16449000000000        357.543784741000     
   8.17551000000000        344.655264948728     
   8.18652000000000        331.035337166219     
   8.19754000000000        316.689412601250     
   8.20855000000000        306.914808580981     
   8.21955000000000        305.770791088792     
   8.23056000000000        314.673582182197     
   8.24156000000000        318.941516673175     
   8.25256000000000        321.088455596241     
   8.26355000000000        318.294973756168     
   8.27454000000000        313.882729312304     
   8.28553000000000        319.424980766234     
   8.29652000000000        330.096829990162     
   8.30750000000000        345.889878687213     
   8.31848000000000        354.972329112427     
   8.32946000000000        352.054679537506     
   8.34043000000000        351.979597734465     
   8.35140000000000        350.139974577164     
   8.36236000000000        349.645351469337     
   8.37333000000000        350.920233471691     
   8.38429000000000        350.824532242248     
   8.39524000000000        351.059544112748     
   8.40620000000000        360.247927221211     
   8.41715000000000        374.923766202199     
   8.42810000000000        386.406684041743     
   8.43904000000000        398.061032547890     
   8.44998000000000        410.884806231520     
   8.46092000000000        429.978596694827     
   8.47185000000000        445.930585457100     
   8.48278000000000        454.680766488416     
   8.49371000000000        455.544314397904     
   8.50464000000000        453.383766162053     
   8.51556000000000        448.903775069714     
   8.52648000000000        439.663983385250     
   8.53739000000000        429.852199486544     
   8.54831000000000        426.747685046676     
   8.55922000000000        428.288191553171     
   8.57012000000000        427.379251120726     
   8.58103000000000        428.057917241170     
   8.59193000000000        432.115947662339     
   8.60282000000000        437.681393892292     
   8.61372000000000        438.362253282421     
   8.62461000000000        441.705611456013     
   8.63549000000000        445.286047055531     
   8.64638000000000        442.838519095640     
   8.65726000000000        436.321010922441     
   8.66814000000000        435.754818955310     
   8.67901000000000        441.524385844903     
   8.68988000000000        446.402327909079     
   8.70075000000000        441.293719044142     
   8.71161000000000        437.083894535658     
   8.72248000000000        433.374525080823     
   8.73333000000000        423.847905761442     
   8.74419000000000        412.346148021005     
   8.75504000000000        402.791918675049     
   8.76589000000000        394.796045925037     
   8.77674000000000        395.217038832784     
   8.78758000000000        397.006812248774     
   8.79842000000000        396.381328398818     
   8.80926000000000        393.511960476030     
   8.82009000000000        387.852265186403     
   8.83092000000000        381.345163406186     
   8.84175000000000        379.240546023164     
   8.85257000000000        376.661168272354     
   8.86339000000000        376.945104456224     
   8.87421000000000        382.036398283868     
   8.88502000000000        384.181515510425     
   8.89583000000000        383.007987390773     
   8.90664000000000        380.493278021508     
   8.91745000000000        378.942560632742     
   8.92825000000000        379.696823466995     
   8.93905000000000        379.322583207346     
   8.94984000000000        377.559558057491     
   8.96063000000000        376.742265184292     
   8.97142000000000        379.128492267729     
   8.98221000000000        384.742339614210     
   8.99299000000000        401.831409670216     
   9.00377000000000        425.644239914001     
   9.01455000000000        449.747830671190     
   9.02532000000000        489.009710375249     
   9.03609000000000        550.684944098111     
   9.04686000000000        634.689986688973     
   9.05762000000000        730.484284113754     
   9.06838000000000        834.471086334983     
   9.07914000000000        936.119274586717     
   9.08989000000000        993.473567459292     
   9.10064000000000        991.206192262585     
   9.11139000000000        961.486906787828     
   9.12214000000000        943.115412440385     
   9.13288000000000        939.695093385848     
   9.14362000000000        942.481085594449     
   9.15435000000000        909.208125107810     
   9.16508000000000        838.722820714280     
   9.17581000000000        790.634961894967     
   9.18654000000000        793.753388156048     
   9.19726000000000        799.996522413457     
   9.20798000000000        780.413425248540     
   9.21870000000000        761.542660080571     
   9.22941000000000        754.434642866816     
   9.24012000000000        741.582064278012     
   9.25082000000000        716.638516193199     
   9.26153000000000        694.406025888866     
   9.27223000000000        675.087676277204     
   9.28293000000000        674.962151689286     
   9.29362000000000        694.983290828825     
   9.30431000000000        712.596218423717     
   9.31500000000000        697.696660155716     
   9.32568000000000        685.028340077517     
   9.33636000000000        714.952040966698     
   9.34704000000000        779.566792374235     
   9.35772000000000        843.306938729983     
   9.36839000000000        876.813474899031     
   9.37906000000000        877.494608233680     
   9.38972000000000        878.597567766183     
   9.40038000000000        901.630599531649     
   9.41104000000000        942.343714344555     
   9.42170000000000        977.235161882107     
   9.43235000000000        1001.71292396553     
   9.44300000000000        1032.65213742691     
   9.45365000000000        1082.81411591225     
   9.46429000000000        1123.57990820839     
   9.47493000000000        1144.08655840850     
   9.48557000000000        1169.63988170560     
   9.49620000000000        1176.23774256388     
   9.50683000000000        1168.60823444529     
   9.51746000000000        1141.58126500406     
   9.52808000000000        1135.44178695566     
   9.53871000000000        1175.69550839044     
   9.54932000000000        1235.02529621633     
   9.55994000000000        1309.48622325286     
   9.57055000000000        1352.20227260369     
   9.58116000000000        1347.93945525929     
   9.59176000000000        1334.32314734099     
   9.60237000000000        1341.22785781286     
   9.61296000000000        1355.01636071933     
   9.62356000000000        1388.96012917876     
   9.63415000000000        1427.46883328882     
   9.64474000000000        1440.25546570404     
   9.65533000000000        1431.75976293448     
   9.66591000000000        1432.35864035327     
   9.67649000000000        1452.55293449322     
   9.68707000000000        1476.98528648060     
   9.69764000000000        1502.70682530743     
   9.70821000000000        1540.85173358319     
   9.71878000000000        1631.02047095515     
   9.72934000000000        1758.48759050744     
   9.73990000000000        1850.93887861973     
   9.75046000000000        1881.09913144127     
   9.76102000000000        1881.31301139612     
   9.77157000000000        1899.23040114116     
   9.78212000000000        1922.36739023682     
   9.79266000000000        1920.60256662070     
   9.80320000000000        1907.53705304444     
   9.81374000000000        1887.42382478990     
   9.82428000000000        1876.46357849316     
   9.83481000000000        1891.99613204686     
   9.84534000000000        1908.88984324899     
   9.85586000000000        1923.77065394588     
   9.86639000000000        1930.33567248130     
   9.87691000000000        1863.17929026943     
   9.88742000000000        1784.73887417639     
   9.89794000000000        1797.49988557121     
   9.90845000000000        1846.42809893969     
   9.91895000000000        1862.54000561535     
   9.92946000000000        1860.03684371170     
   9.93996000000000        1831.66298011608     
   9.95046000000000        1781.02599756888     
   9.96095000000000        1724.45673212684     
   9.97144000000000        1668.27379884551     
   9.98193000000000        1616.83918798590     
   9.99242000000000        1599.43147296333     
   10.0029000000000        1621.46740897595     
   10.0133800000000        1648.12670007833     
   10.0238500000000        1665.34519656021     
   10.0343200000000        1653.18657950422     
   10.0447900000000        1627.77950211273     
   10.0552600000000        1613.89648455579     
   10.0657200000000        1605.34495285577     
   10.0761800000000        1600.25218768903     
   10.0866400000000        1606.15290753095     
   10.0970900000000        1625.20022615077     
   10.1075400000000        1648.97615593792     
   10.1179900000000        1652.84853436591     
   10.1284300000000        1636.01337132810     
   10.1388700000000        1644.63481875010     
   10.1493100000000        1677.82691521506     
   10.1597400000000        1666.89206317843     
   10.1701700000000        1632.76167280477     
   10.1806000000000        1625.80700568763     
   10.1910300000000        1623.57935025280     
   10.2014500000000        1612.80596373362     
   10.2118700000000        1630.91929570930     
   10.2222800000000        1669.25062767961     
   10.2326900000000        1680.83638150356     
   10.2431000000000        1662.51280613392     
   10.2535100000000        1638.29497384127     
   10.2639100000000        1619.97425657973     
   10.2743100000000        1607.00350140278     
   10.2847100000000        1630.95897272693     
   10.2951000000000        1697.04950213788     
   10.3054900000000        1743.85135711921     
   10.3158800000000        1749.64160446221     
   10.3262600000000        1748.25790637637     
   10.3366400000000        1730.99434110137     
   10.3470200000000        1700.41159676370     
   10.3573900000000        1701.15332410968     
   10.3677600000000        1741.34983202795     
   10.3781300000000        1776.55207414945     
   10.3884900000000        1780.47386564365     
   10.3988600000000        1759.54031463411     
   10.4092100000000        1729.26266013615     
   10.4195700000000        1709.80209867812     
   10.4299200000000        1705.97783837900     
   10.4402700000000        1703.27016969583     
   10.4506100000000        1681.43234178673     
   10.4609600000000        1637.06908990087     
   10.4713000000000        1580.81074650406     
   10.4816300000000        1521.98938560540     
   10.4919600000000        1482.32762000149     
   10.5022900000000        1466.97797776270     
   10.5126200000000        1457.50899507424     
   10.5229400000000        1443.75212506587     
   10.5332600000000        1407.69592793890     
   10.5435800000000        1356.27378162915     
   10.5539000000000        1301.75860228560     
   10.5642100000000        1247.19776101765     
   10.5745100000000        1198.17124746786     
   10.5848200000000        1158.54858469165     
   10.5951200000000        1121.05110389792     
   10.6054200000000        1089.25180756014     
   10.6157100000000        1069.08415492002     
   10.6260000000000        1066.15364136200     
   10.6362900000000        1088.73109630210     
   10.6465800000000        1112.63793039648     
   10.6568600000000        1122.66814161944     
   10.6671400000000        1129.39496864294     
   10.6774100000000        1139.30998761209     
   10.6876900000000        1154.61902982417     
   10.6979600000000        1176.82701285935     
   10.7082200000000        1208.97326515894     
   10.7184900000000        1252.83007091426     
   10.7287500000000        1299.18771382997     
   10.7390000000000        1340.25364407800     
   10.7492600000000        1378.66254243984     
   10.7595100000000        1414.71303376873     
   10.7697500000000        1455.35534761538     
   10.7800000000000        1516.43987565405     
   10.7902400000000        1590.20751074358     
   10.8004800000000        1658.03410566097     
   10.8107100000000        1709.93751206218     
   10.8209400000000        1731.77697901837     
   10.8311700000000        1731.59265839493     
   10.8414000000000        1739.23370803062     
   10.8516200000000        1766.50904249853     
   10.8618400000000        1809.44753594803     
   10.8720500000000        1850.30183431696     
   10.8822700000000        1877.91290601855     
   10.8924800000000        1888.24517056411     
   10.9026800000000        1880.69002052725     
   10.9128800000000        1871.39795429284     
   10.9230800000000        1880.89313387938     
   10.9332800000000        1904.99231282536     
   10.9434700000000        1930.39013855803     
   10.9536600000000        1957.13537474378     
   10.9638500000000        1972.25806468942     
   10.9740400000000        1946.91721752427     
   10.9842200000000        1884.38547508710     
   10.9943900000000        1810.90341356400     
   11.0045700000000        1747.50958107873     
   11.0147400000000        1706.86150949006     
   11.0249100000000        1679.02846609062     
   11.0350700000000        1650.58477968905     
   11.0452300000000        1620.57128866844     
   11.0553900000000        1599.25554157486     
   11.0655500000000        1600.52639805925     
   11.0757000000000        1624.64290476528     
   11.0858500000000        1659.60988972826     
   11.0960000000000        1691.97170279954     
   11.1061400000000        1707.07245463119     
   11.1162800000000        1704.52187233193     
   11.1264200000000        1702.37562769770     
   11.1365500000000        1717.89481893965     
   11.1466800000000        1749.67227344162     
   11.1568100000000        1780.40084397369     
   11.1669300000000        1803.32704152339     
   11.1770500000000        1824.60082411008     
   11.1871700000000        1847.37964978863     
   11.1972800000000        1863.01584202599     
   11.2073900000000        1864.24929881993     
   11.2175000000000        1849.92455929185     
   11.2276100000000        1838.53047788674     
   11.2377100000000        1852.25486918568     
   11.2478100000000        1892.50135253178     
   11.2579000000000        1941.37157886718     
   11.2679900000000        1980.69978736152     
   11.2780800000000        2006.73773780651     
   11.2881700000000        2025.44381985822     
   11.2982500000000        2046.25734390014     
   11.3083300000000        2081.21424131780     
   11.3184100000000        2125.86261552973     
   11.3284800000000        2157.19556300895     
   11.3385500000000        2168.39910883268     
   11.3486200000000        2175.49680183778     
   11.3586800000000        2195.77742927160     
   11.3687400000000        2232.10997114868     
   11.3788000000000        2269.40052365664     
   11.3888500000000        2299.06270090083     
   11.3989000000000        2319.60918785008     
   11.4089500000000        2332.32846451454     
   11.4189900000000        2347.76150576176     
   11.4290400000000        2369.23065368517     
   11.4390700000000        2385.01442325717     
   11.4491100000000        2381.00366618235     
   11.4591400000000        2366.34666757702     
   11.4691700000000        2358.30337257004     
   11.4792000000000        2362.70155154293     
   11.4892200000000        2374.05165290030     
   11.4992400000000        2388.77500221113     
   11.5092500000000        2402.38096018134     
   11.5192700000000        2402.14395288867     
   11.5292800000000        2393.76644594546     
   11.5392800000000        2394.63792886658     
   11.5492900000000        2407.64818757401     
   11.5592900000000        2424.11855539719     
   11.5692800000000        2436.51168598593     
   11.5792800000000        2450.91750339354     
   11.5892700000000        2471.58291065890     
   11.5992600000000        2491.77981349187     
   11.6092400000000        2510.97826690873     
   11.6192200000000        2528.36538845238     
   11.6292000000000        2536.74512827350     
   11.6391700000000        2535.85494927244     
   11.6491500000000        2529.85937861527     
   11.6591200000000        2527.09289028425     
   11.6690800000000        2532.00002295122     
   11.6790400000000        2540.13056019203     
   11.6890000000000        2544.15683494316     
   11.6989600000000        2541.25232223435     
   11.7089100000000        2540.27295775615     
   11.7188600000000        2547.60523832197     
   11.7288100000000        2555.35042197223     
   11.7387500000000        2558.39168585087     
   11.7486900000000        2556.63136193543     
   11.7586300000000        2540.23405898098     
   11.7685600000000        2509.70060685469     
   11.7784900000000        2472.84855163465     
   11.7884200000000        2421.66800374734     
   11.7983400000000        2369.77656870799     
   11.8082600000000        2347.02205363280     
   11.8181800000000        2357.97980021356     
   11.8281000000000        2384.87355198450     
   11.8380100000000        2402.01005182188     
   11.8479200000000        2395.18417570752     
   11.8578200000000        2368.95758691561     
   11.8677200000000        2333.50254302981     
   11.8776200000000        2294.80948231930     
   11.8875200000000        2252.65106862410     
   11.8974100000000        2210.85570111449     
   11.9073000000000        2176.38243394764     
   11.9171900000000        2152.65304097211     
   11.9270700000000        2137.04793285967     
   11.9369500000000        2127.71322158664     
   11.9468300000000        2126.93036783155     
   11.9567000000000        2129.78664770503     
   11.9665700000000        2122.58608113257     
   11.9764400000000        2092.67256447186     
   11.9863000000000        2040.03405675345     
   11.9961600000000        1983.20345162210     
   12.0060200000000        1941.61699325333     
   12.0158700000000        1916.59507869191     
   12.0257300000000        1901.35988864386     
   12.0355700000000        1898.74114735290     
   12.0454200000000        1916.56738919425     
   12.0552600000000        1953.90446138520     
   12.0651000000000        2000.51396798761     
   12.0749400000000        2048.15684875882     
   12.0847700000000        2092.70698467533     
   12.0946000000000        2135.62322700040     
   12.1044200000000        2177.76332978841     
   12.1142500000000        2211.05855799260     
   12.1240700000000        2234.55764052423     
   12.1338800000000        2262.69597845488     
   12.1437000000000        2311.61839138530     
   12.1535100000000        2382.20554826038     
   12.1633100000000        2454.86479303007     
   12.1731200000000        2512.14585459127     
   12.1829200000000        2553.77393513464     
   12.1927200000000        2581.77503680962     
   12.2025100000000        2603.38240464928     
   12.2123000000000        2626.11426679978     
   12.2220900000000        2640.30924263655     
   12.2318700000000        2640.02668059650     
   12.2416600000000        2633.94457807188     
   12.2514300000000        2626.02178535093     
   12.2612100000000        2617.63991245440     
   12.2709800000000        2620.71794913651     
   12.2807500000000        2645.48988116698     
   12.2905200000000        2684.33885324647     
   12.3002800000000        2726.83534485714     
   12.3100400000000        2770.73607212992     
   12.3198000000000        2808.04463721687     
   12.3295500000000        2824.53045629621     
   12.3393000000000        2822.13641523815     
   12.3490500000000        2820.91198540235     
   12.3587900000000        2833.56630471874     
   12.3685300000000        2851.98855131486     
   12.3782700000000        2857.33990055000     
   12.3880000000000        2845.27659516827     
   12.3977300000000        2831.86085106504     
   12.4074600000000        2829.85776712468     
   12.4171800000000        2834.79290884064     
   12.4269100000000        2834.34039413951     
   12.4366200000000        2822.30727144650     
   12.4463400000000        2798.37022378342     
   12.4560500000000        2756.85885020748     
   12.4657600000000        2691.14359286363     
   12.4754700000000        2606.71168639925     
   12.4851700000000        2524.86102722811     
   12.4948700000000        2467.31420731190     
   12.5045600000000        2445.85653545053     
   12.5142600000000        2460.82738304004     
   12.5239500000000        2500.58565194734     
   12.5336300000000        2544.70316272930     
   12.5433200000000        2575.21470126102     
   12.5530000000000        2584.92997380895     
   12.5626800000000        2578.47858655272     
   12.5723500000000        2566.67572397240     
   12.5820200000000        2557.71479126668     
   12.5916900000000        2552.10561039172     
   12.6013500000000        2543.45930917482     
   12.6110100000000        2530.71270746472     
   12.6206700000000        2522.24080703849     
   12.6303300000000        2519.75201041318     
   12.6399800000000        2518.08114819665     
   12.6496300000000        2512.46656219439     
   12.6592700000000        2493.83873145952     
   12.6689200000000        2454.77053546280     
   12.6785500000000        2406.22099649688     
   12.6881900000000        2370.63545221074     
   12.6978200000000        2362.66837309693     
   12.7074500000000        2387.02455485159     
   12.7170800000000        2441.57704810601     
   12.7267000000000        2514.05855714854     
   12.7363200000000        2585.52123989656     
   12.7459400000000        2640.61033621398     
   12.7555500000000        2672.06284490374     
   12.7651600000000        2679.33770423293     
   12.7747700000000        2666.34122177460     
   12.7843800000000        2639.78409324019     
   12.7939800000000        2612.34313792568     
   12.8035800000000        2599.38279403877     
   12.8131700000000        2607.00686759609     
   12.8227600000000        2625.54913884186     
   12.8323500000000        2640.37538678457     
   12.8419400000000        2647.48100062247     
   12.8515200000000        2652.28122280481     
   12.8611000000000        2660.15650213661     
   12.8706700000000        2672.83308445184     
   12.8802500000000        2689.02062439180     
   12.8898100000000        2704.74439146968     
   12.8993800000000        2716.41138364063     
   12.9089400000000        2727.60094832870     
   12.9185000000000        2747.94240824290     
   12.9280600000000        2782.89965614071     
   12.9376100000000        2827.55860222040     
   12.9471700000000        2872.96334701202     
   12.9567100000000        2915.17323286873     
   12.9662600000000        2955.33415480152     
   12.9758000000000        2991.92321268804     
   12.9853400000000        3021.33864462248     
   12.9948700000000        3043.13852627237     
   13.0044000000000        3055.82662461052     
   13.0139300000000        3054.62141744385     
   13.0234600000000        3041.69118348431     
   13.0329800000000        3028.71834201617     
   13.0425000000000        3024.01199927720     
   13.0520100000000        3027.20679691212     
   13.0615200000000        3034.64320443039     
   13.0710300000000        3044.99603370244     
   13.0805400000000        3060.39463167351     
   13.0900400000000        3084.31028880025     
   13.0995400000000        3122.20337901155     
   13.1090400000000        3179.60329806306     
   13.1185300000000        3254.03555234629     
   13.1280200000000        3333.53749254325     
   13.1375100000000        3405.62270150765     
   13.1469900000000        3464.88394092062     
   13.1564700000000        3512.88039672548     
   13.1659500000000        3553.59461129189     
   13.1754300000000        3589.25533814233     
   13.1849000000000        3620.48778757566     
   13.1943700000000        3648.92164532893     
   13.2038300000000        3677.64772424295     
   13.2132900000000        3708.04206327759     
   13.2227500000000        3734.27021534452     
   13.2322100000000        3746.70767656111     
   13.2416600000000        3741.07949961635     
   13.2511100000000        3721.60174443766     
   13.2605500000000        3698.17064781961     
   13.2700000000000        3679.24489335356     
   13.2794400000000        3666.76631567086     
   13.2888700000000        3655.93782414145     
   13.2983100000000        3638.66118274087     
   13.3077400000000        3608.18135975208     
   13.3171600000000        3565.89041894910     
   13.3265900000000        3521.70618537531     
   13.3360100000000        3485.26829334031     
   13.3454300000000        3459.62965420228     
   13.3548400000000        3441.81036240774     
   13.3642500000000        3427.06152267836     
   13.3736600000000        3413.47179067182     
   13.3830600000000        3401.77669471500     
   13.3924700000000        3395.25130865481     
   13.4018600000000        3399.21855106945     
   13.4112600000000        3412.35547972453     
   13.4206500000000        3423.64969798933     
   13.4300400000000        3425.51644219629     
   13.4394300000000        3421.19613164048     
   13.4488100000000        3416.98175366812     
   13.4581900000000        3415.40472144500     
   13.4675600000000        3415.61537375937     
   13.4769400000000        3415.37541588933     
   13.4863100000000        3414.53805936809     
   13.4956700000000        3418.20508708491     
   13.5050400000000        3431.22768366994     
   13.5144000000000        3449.46146150034     
   13.5237600000000        3461.10259123467     
   13.5331100000000        3456.18482486085     
   13.5424600000000        3434.52727997852     
   13.5518100000000        3403.51257228649     
   13.5611500000000        3372.36196510901     
   13.5704900000000        3350.16889568602     
   13.5798300000000        3344.32406145566     
   13.5891700000000        3357.52410377863     
   13.5985000000000        3385.86165738894     
   13.6078300000000        3421.58788396304     
   13.6171500000000        3458.69909984320     
   13.6264800000000        3494.77285230867     
   13.6358000000000        3528.17683472711     
   13.6451100000000        3557.25862513191     
   13.6544200000000        3581.61895337218     
   13.6637300000000        3601.94429403409     
   13.6730400000000        3618.72871945034     
   13.6823400000000        3632.02104900590     
   13.6916400000000        3642.16295284203     
   13.7009400000000        3649.72792026960     
   13.7102400000000        3653.57048444340     
   13.7195300000000        3651.05087425175     
   13.7288100000000        3642.36469181099     
   13.7381000000000        3632.30749003624     
   13.7473800000000        3625.67601848759     
   13.7566600000000        3621.59402218174     
   13.7659300000000        3614.32355781491     
   13.7752000000000        3600.84882305699     
   13.7844700000000        3585.63000638955     
   13.7937400000000        3577.11469371904     
   13.8030000000000        3583.03266191344     
   13.8122600000000        3608.41394767181     
   13.8215200000000        3654.79075162577     
   13.8307700000000        3720.21293821821     
   13.8400200000000        3800.43705295895     
   13.8492600000000        3889.91393047570     
   13.8585100000000        3981.18491252901     
   13.8677500000000        4063.60180405773     
   13.8769800000000        4128.25159070279     
   13.8862200000000        4172.26890125655     
   13.8954500000000        4197.81407110253     
   13.9046800000000        4208.17990593214     
   13.9139000000000        4204.96134106827     
   13.9231200000000        4189.07929974330     
   13.9323400000000        4162.52414312750     
   13.9415500000000        4130.77554748094     
   13.9507700000000        4104.97232946829     
   13.9599700000000        4098.50003582966     
   13.9691800000000        4117.60104534319     
   13.9783800000000        4156.87157937697     
   13.9875800000000        4203.73707982501     
   13.9967800000000        4245.64319729631     
   14.0059700000000        4276.12295664886     
   14.0151600000000        4297.83192831258     
   14.0243400000000        4317.54007376226     
   14.0335300000000        4339.37001759000     
   14.0427100000000        4363.42681843622     
   14.0518800000000        4386.82503091639     
   14.0610600000000        4404.08939749249     
   14.0702300000000        4408.95754579634     
   14.0794000000000        4398.29728354329     
   14.0885600000000        4374.87539460321     
   14.0977200000000        4345.48854638502     
   14.1068800000000        4317.14996209528     
   14.1160300000000        4295.53100246079     
   14.1251800000000        4283.23557119592     
   14.1343300000000        4277.18023206583     
   14.1434800000000        4269.77502846072     
   14.1526200000000        4255.04133809447     
   14.1617600000000        4232.40750861770     
   14.1708900000000        4204.90748890687     
   14.1800300000000        4177.15856675429     
   14.1891500000000        4156.38182308323     
   14.1982800000000        4150.42278750040     
   14.2074000000000        4162.45365852299     
   14.2165200000000        4187.92037750459     
   14.2256400000000        4218.04185087701     
   14.2347500000000        4246.24324022969     
   14.2438600000000        4272.76879275014     
   14.2529700000000        4304.46302321662     
   14.2620700000000        4350.39116186646     
   14.2711800000000        4417.05013048775     
   14.2802700000000        4505.54339540959     
   14.2893700000000        4612.44340942523     
   14.2984600000000        4729.07211849957     
   14.3075500000000        4843.94938024423     
   14.3166300000000        4947.29449206746     
   14.3257100000000        5036.80277757153     
   14.3347900000000        5115.44158830982     
   14.3438700000000        5183.64211777562     
   14.3529400000000        5235.69201473557     
   14.3620100000000        5264.14036830873     
   14.3710700000000        5264.52320428219     
   14.3801400000000        5236.71682992913     
   14.3892000000000        5184.78464829127     
   14.3982500000000        5115.68561269510     
   14.4073100000000        5036.12421621562     
   14.4163600000000        4951.63340643761     
   14.4254000000000        4867.39234423166     
   14.4344500000000        4788.69168874969     
   14.4434900000000        4719.78182987765     
   14.4525200000000        4661.38449226477     
   14.4615600000000        4610.69147479466     
   14.4705900000000        4564.37201946724     
   14.4796200000000        4521.48668314875     
   14.4886400000000        4483.53584501098     
   14.4976600000000        4451.05804763102     
   14.5066800000000        4422.38653369596     
   14.5157000000000        4394.91663459058     
   14.5247100000000        4366.90307870565     
   14.5337200000000        4338.87057090099     
   14.5427200000000        4314.50499503935     
   14.5517300000000        4299.44296000626     
   14.5607300000000        4299.14276628868     
   14.5697200000000        4316.21984104630     
   14.5787100000000        4348.51005018749     
   14.5877000000000        4389.28074575018     
   14.5966900000000        4430.20554858043     
   14.6056700000000        4465.12513517626     
   14.6146600000000        4492.83323178519     
   14.6236300000000        4516.08635953241     
   14.6326100000000        4537.41178276604     
   14.6415800000000        4554.94374504654     
   14.6505400000000        4564.66613258251     
   14.6595100000000        4565.80988381509     
   14.6684700000000        4561.66879613518     
   14.6774300000000        4555.34512683794     
   14.6863800000000        4547.71223436055     
   14.6953400000000        4539.39543043616     
   14.7042800000000        4531.77171438532     
   14.7132300000000        4525.59875796409     
   14.7221700000000        4520.72660962999     
   14.7311100000000        4516.68891327766     
   14.7400500000000        4512.69885370372     
   14.7489800000000        4506.32843088381     
   14.7579100000000        4492.06862426724     
   14.7668400000000        4463.10142100460     
   14.7757600000000        4416.48755840173     
   14.7846800000000        4355.95672752532     
   14.7936000000000        4289.87565383543     
   14.8025100000000        4227.18749426079     
   14.8114200000000        4174.68548901257     
   14.8203300000000        4137.26296487085     
   14.8292300000000        4118.35488966032     
   14.8381300000000        4118.92378808162     
   14.8470300000000        4136.51328247259     
   14.8559300000000        4165.96143829295     
   14.8648200000000        4201.40135798089     
   14.8737100000000        4237.78180264262     
   14.8825900000000        4270.49287400662     
   14.8914700000000        4295.30267477754     
   14.9003500000000        4309.55873998834     
   14.9092300000000        4313.30087303596     
   14.9181000000000        4308.10569450856     
   14.9269700000000        4295.10546812836     
   14.9358400000000        4274.52580275359     
   14.9447000000000        4246.41390194019     
   14.9535600000000        4211.08320591711     
   14.9624200000000        4169.52981199578     
   14.9712700000000        4123.88851914905     
   14.9801200000000        4077.48017621433     
   14.9889700000000        4034.41995731852     
   14.9978100000000        3998.27862122728     
   15.0066500000000        3970.84090318390     
   15.0154900000000        3952.14326164473     
   15.0243300000000        3940.65789497253     
   15.0331600000000        3933.42386040109     
   15.0419900000000        3926.69973445276     
   15.0508100000000        3917.34580354677     
   15.0596300000000        3903.87008579245     
   15.0684500000000        3886.64373115583     
   15.0772700000000        3867.03978253314     
   15.0860800000000        3846.03569296229     
   15.0948900000000        3823.67126283365     
   15.1037000000000        3800.46313031346     
   15.1125000000000        3778.79568159490     
   15.1213000000000        3761.78928324447     
   15.1301000000000        3750.86798208867     
   15.1388900000000        3745.07816323419     
   15.1476800000000        3742.86093950841     
   15.1564700000000        3743.76348733422     
   15.1652500000000        3748.28802151640     
   15.1740300000000        3756.77846013841     
   15.1828100000000        3768.54139037301     
   15.1915800000000        3781.56871464147     
   15.2003500000000        3792.79410826905     
   15.2091200000000        3798.43835452637     
   15.2178900000000        3794.66715208141     
   15.2266500000000        3778.76373317543     
   15.2354100000000        3750.31493567933     
   15.2441600000000        3711.35300447823     
   15.2529200000000        3664.34858529926     
   15.2616700000000        3610.42097835828     
   15.2704100000000        3549.29368414603     
   15.2791500000000        3481.98897866287     
   15.2878900000000        3413.05437870191     
   15.2966300000000        3349.28463647217     
   15.3053600000000        3296.15823262902     
   15.3140900000000        3255.00597510142     
   15.3228200000000        3223.48013227752     
   15.3315400000000        3197.98532530638     
   15.3402600000000        3176.53080477871     
   15.3489800000000        3160.12916728070     
   15.3577000000000        3151.45743001734     
   15.3664100000000        3152.11409714764     
   15.3751200000000        3160.70118922327     
   15.3838200000000        3173.17478347630     
   15.3925200000000        3184.64417300900     
   15.4012200000000        3190.62391466982     
   15.4099200000000        3187.64368322346     
   15.4186100000000        3174.09528614107     
   15.4273000000000        3150.92572655392     
   15.4359800000000        3121.36178699618     
   15.4446700000000        3089.52357665964     
   15.4533400000000        3059.43454205221     
   15.4620200000000        3033.75740297922     
   15.4706900000000        3013.58777255060     
   15.4793600000000        2997.90887936423     
   15.4880300000000        2983.93542629107     
   15.4966900000000        2968.06509723450     
   15.5053500000000        2947.46073965773     
   15.5140100000000        2921.63520179431     
   15.5226700000000        2892.84236447819     
   15.5313200000000        2864.97144999915     
   15.5399600000000        2841.51265386569     
   15.5486100000000        2824.11808226794     
   15.5572500000000        2812.47765027667     
   15.5658900000000        2804.64066876208     
   15.5745200000000        2797.75771046126     
   15.5831600000000        2788.73103525029     
   15.5917900000000        2774.99505039673     
   15.6004100000000        2755.03134932683     
   15.6090300000000        2728.52962059916     
   15.6176500000000        2696.17132079036     
   15.6262700000000        2659.14646857516     
   15.6348800000000        2618.89575125085     
   15.6434900000000        2576.98660646153     
   15.6521000000000        2535.44776554251     
   15.6607000000000        2496.86019984256     
   15.6693000000000        2463.89181812639     
   15.6779000000000        2438.72769466315     
   15.6864900000000        2422.29976883972     
   15.6950800000000        2413.73061325218     
   15.7036700000000        2410.27173771834     
   15.7122600000000        2407.84646358080     
   15.7208400000000        2402.54135045301     
   15.7294100000000        2392.29611068834     
   15.7379900000000        2377.72994665927     
   15.7465600000000        2361.84919346996     
   15.7551300000000        2348.45640079716     
   15.7637000000000        2340.32100976719     
   15.7722600000000        2337.90706220847     
   15.7808200000000        2339.42756681541     
   15.7893700000000        2341.93066430206     
   15.7979300000000        2342.48087916717     
   15.8064700000000        2338.87926870728     
   15.8150200000000        2329.98869514921     
   15.8235600000000        2316.04473446142     
   15.8321000000000        2298.76597207831     
   15.8406400000000        2280.98912273512     
   15.8491800000000        2265.60566762837     
   15.8577100000000        2254.53735874193     
   15.8662300000000        2248.32937505387     
   15.8747600000000        2246.37615531728     
   15.8832800000000        2247.32165385434     
   15.8918000000000        2249.56721317008     
   15.9003100000000        2251.93846935203     
   15.9088200000000        2254.05863615361     
   15.9173300000000        2256.15915056390     
   15.9258400000000        2258.67233607454     
   15.9343400000000        2261.94119978480     
   15.9428400000000        2265.98306953794     
   15.9513300000000        2270.09100425838     
   15.9598300000000        2272.50145582536     
   15.9683100000000        2270.50514137029     
   15.9768000000000        2261.34010441563     
   15.9852800000000        2243.49372663570     
   15.9937600000000        2217.52446290006     
   16.0022400000000        2185.95230945657     
   16.0107100000000        2152.27492864318     
   16.0191800000000        2119.68176952385     
   16.0276500000000        2090.40388333080     
   16.0361200000000        2065.27481499533     
   16.0445800000000        2043.62268360199     
   16.0530300000000        2023.49135949501     
   16.0614900000000        2002.41729473176     
   16.0699400000000        1978.70631047810     
   16.0783900000000        1952.28328912929     
   16.0868300000000        1925.10168932291     
   16.0952800000000        1900.20215753649     
   16.1037100000000        1880.50808846467     
   16.1121500000000        1867.36516637942     
   16.1205800000000        1860.59063855183     
   16.1290100000000        1858.94849863866     
   16.1374400000000        1861.08080570028     
   16.1458600000000        1865.90744853902     
   16.1542800000000        1872.40339893036     
   16.1627000000000        1879.05457929109     
   16.1711100000000        1883.59729736093     
   16.1795200000000        1883.29889807843     
   16.1879300000000        1875.60083323459     
   16.1963300000000        1859.03328517816     
   16.2047300000000        1833.96682502043     
   16.2131300000000        1802.93096933054     
   16.2215200000000        1770.05030869309     
   16.2299100000000        1739.60013131227     
   16.2383000000000        1714.84092545760     
   16.2466900000000        1697.34426229530     
   16.2550700000000        1686.95874742113     
   16.2634500000000        1681.97938964188     
   16.2718200000000        1679.63326689625     
   16.2802000000000        1676.86793630633     
   16.2885600000000        1671.43936562306     
   16.2969300000000        1662.62764358973     
   16.3052900000000        1651.36998487162     
   16.3136500000000        1639.59503776348     
   16.3220100000000        1629.43008622618     
   16.3303600000000        1622.63316575092     
   16.3387100000000        1620.44681532327     
   16.3470600000000        1623.78938371078     
   16.3554000000000        1633.35429725168     
   16.3637400000000        1649.52381931738     
   16.3720800000000        1671.96485811642     
   16.3804200000000        1699.21448153804     
   16.3887500000000        1728.60648115870     
   16.3970700000000        1756.84916858191     
   16.4054000000000        1780.77610178464     
   16.4137200000000        1797.65444117850     
   16.4220400000000        1805.61244964261     
   16.4303500000000        1803.73302576483     
   16.4386700000000        1792.35693974933     
   16.4469700000000        1773.22747810652     
   16.4552800000000        1748.90884102343     
   16.4635800000000        1722.20192975115     
   16.4718800000000        1695.10339282653     
   16.4801800000000        1668.44108803972     
   16.4884700000000        1642.03501497758     
   16.4967600000000        1615.30545731267     
   16.5050500000000        1588.13214302945     
   16.5133300000000        1561.16423725329     
   16.5216100000000        1535.44302613446     
   16.5298900000000        1511.91769990845     
   16.5381600000000        1490.94672132011     
   16.5464300000000        1472.08415483447     
   16.5547000000000        1454.39799625945     
   16.5629700000000        1436.85186014948     
   16.5712300000000        1418.64566238217     
   16.5794900000000        1399.22367582324     
   16.5877400000000        1378.25931973510     
   16.5959900000000        1355.46117026671     
   16.6042400000000        1330.64878050782     
   16.6124900000000        1303.79560975428     
   16.6207300000000        1275.13879344789     
   16.6289700000000        1245.15326486197     
   16.6372000000000        1214.71051469334     
   16.6454400000000        1184.78019761498     
   16.6536700000000        1156.48955227251     
   16.6618900000000        1130.77239454953     
   16.6701200000000        1108.35533987411     
   16.6783400000000        1089.85694280741     
   16.6865500000000        1075.45634978527     
   16.6947700000000        1064.82949644191     
   16.7029800000000        1057.25588955960     
   16.7111900000000        1051.65724665662     
   16.7193900000000        1046.82361759025     
   16.7275900000000        1041.52789490929     
   16.7357900000000        1034.69435322669     
   16.7439800000000        1025.58268627195     
   16.7521800000000        1013.90429264457     
   16.7603600000000        999.997940947675     
   16.7685500000000        984.600200088315     
   16.7767300000000        968.829830948258     
   16.7849100000000        953.805747577390     
   16.7930900000000        940.535269176624     
   16.8012600000000        929.820461109896     
   16.8094300000000        922.167318838081     
   16.8175900000000        917.756484850115     
   16.8257600000000        916.334830301829     
   16.8339200000000        917.306646951400     
   16.8420700000000        919.961284428122     
   16.8502300000000        923.825713167058     
   16.8583800000000        928.819549644388     
   16.8665300000000        935.194049343194     
   16.8746700000000        943.207461091046     
   16.8828100000000        952.860064939681     
   16.8909500000000        963.743145506146     
   16.8990800000000        975.111622943600     
   16.9072100000000        986.125501992812     
   16.9153400000000        995.962843883961     
   16.9234700000000        1003.83226655018     
   16.9315900000000        1008.86695531653     
   16.9397100000000        1010.11293191667     
   16.9478200000000        1006.64029509847     
   16.9559400000000        997.793522283007     
   16.9640500000000        983.518719820708     
   16.9721500000000        964.496543514262     
   16.9802600000000        942.015936709381     
   16.9883600000000        917.839570391217     
   16.9964500000000        893.651470532684     
   17.0045500000000        870.725731555996     
   17.0126400000000        849.940918999003     
   17.0207200000000        831.576647945393     
   17.0288100000000        815.433070629159     
   17.0368900000000        801.134047002973     
   17.0449700000000        788.191206636472     
   17.0530400000000        776.260787044542     
   17.0611100000000        765.130714348855     
   17.0691800000000        754.702388647973     
