   7.15970000000000       0.202756087050223     
   7.17100000000000       0.200158420111202     
   7.18231000000000       0.230201434777346     
   7.19360000000000       0.250601325597502     
   7.20490000000000       0.250011110623438     
   7.21619000000000       0.246345378850951     
   7.22748000000000       0.225561380597453     
   7.23877000000000       0.226493053479466     
   7.25005000000000       0.238795697715354     
   7.26133000000000       0.240096939649503     
   7.27261000000000       0.243909569342890     
   7.28388000000000       0.230285073209708     
   7.29515000000000       0.252484818160336     
   7.30642000000000       0.293987937239533     
   7.31768000000000       0.335743003952710     
   7.32894000000000       0.375639235427841     
   7.34020000000000       0.377074434082386     
   7.35146000000000       0.363626400402141     
   7.36271000000000       0.350106220335105     
   7.37396000000000       0.322922144602192     
   7.38520000000000       0.299488141240807     
   7.39644000000000       0.256573789386445     
   7.40768000000000       0.243112807389249     
   7.41892000000000       0.271811837653815     
   7.43015000000000       0.327127789555607     
   7.44138000000000       0.369092326521114     
   7.45261000000000       0.398162564818757     
   7.46383000000000       0.369872896982374     
   7.47505000000000       0.336478360407460     
   7.48626000000000       0.329365980567906     
   7.49748000000000       0.363382831565521     
   7.50869000000000       0.385225794880081     
   7.51990000000000       0.424945802155294     
   7.53110000000000       0.477547953582856     
   7.54230000000000       0.503143068507917     
   7.55350000000000       0.515158459960634     
   7.56469000000000       0.581050655545403     
   7.57588000000000       0.647802789571282     
   7.58707000000000       0.701320382071067     
   7.59826000000000       0.722281000201288     
   7.60944000000000       0.740171815923461     
   7.62062000000000       0.757267029080018     
   7.63179000000000       0.751712890606725     
   7.64296000000000       0.734286973898459     
   7.65413000000000       0.722155698278314     
   7.66530000000000       0.619688140092074     
   7.67646000000000       0.529978252710661     
   7.68762000000000       0.497883777141304     
   7.69878000000000       0.512892599781177     
   7.70993000000000       0.567595065254983     
   7.72108000000000       0.649870750361383     
   7.73223000000000       0.731554054362351     
   7.74337000000000       0.726156494511534     
   7.75451000000000       0.758638696245587     
   7.76565000000000       0.833597961156538     
   7.77678000000000       0.880867105298353     
   7.78791000000000       0.868263490944842     
   7.79904000000000       0.858177656572098     
   7.81017000000000       0.871209367851156     
   7.82129000000000       0.898386527250063     
   7.83241000000000       0.949948711660977     
   7.84352000000000       0.985069142096915     
   7.85463000000000       0.991713645220783     
   7.86574000000000       0.922784598507411     
   7.87685000000000       0.839212430400305     
   7.88795000000000       0.797604864613185     
   7.89905000000000       0.821752730105598     
   7.91015000000000       0.865546865832784     
   7.92124000000000       0.881932442495499     
   7.93233000000000       0.913060656327780     
   7.94342000000000       0.942674540239938     
   7.95450000000000       0.956127325120053     
   7.96558000000000        1.00669835315622     
   7.97666000000000        1.08777161266880     
   7.98773000000000        1.11059939568755     
   7.99880000000000        1.04823280345449     
   8.00987000000000       0.980473083976185     
   8.02093000000000       0.967367763865422     
   8.03200000000000       0.978021866964506     
   8.04305000000000        1.02046136938900     
   8.05411000000000        1.05645341027041     
   8.06516000000000        1.09535902785514     
   8.07621000000000        1.14990037118313     
   8.08726000000000        1.16323791764613     
   8.09830000000000        1.15400912987516     
   8.10934000000000        1.17726755887242     
   8.12037000000000        1.25032774213012     
   8.13141000000000        1.31735221795316     
   8.14244000000000        1.35229432137545     
   8.15346000000000        1.37614622985297     
   8.16449000000000        1.36453401381279     
   8.17551000000000        1.35513489626321     
   8.18652000000000        1.36442378784585     
   8.19754000000000        1.34544785130287     
   8.20855000000000        1.27947745829890     
   8.21955000000000        1.13991088479310     
   8.23056000000000       0.978484326826612     
   8.24156000000000       0.885866196057909     
   8.25256000000000       0.868182890404047     
   8.26355000000000       0.910167284923247     
   8.27454000000000       0.953478845068539     
   8.28553000000000       0.969361269015856     
   8.29652000000000       0.971957796823924     
   8.30750000000000        1.00386357189691     
   8.31848000000000        1.06093741599618     
   8.32946000000000        1.14234236954855     
   8.34043000000000        1.21828121519652     
   8.35140000000000        1.29463017876803     
   8.36236000000000        1.32583068503821     
   8.37333000000000        1.27818192334934     
   8.38429000000000        1.23283474110268     
   8.39524000000000        1.28158034976524     
   8.40620000000000        1.36587526891404     
   8.41715000000000        1.45484796851194     
   8.42810000000000        1.55625942559207     
   8.43904000000000        1.61323897669129     
   8.44998000000000        1.59940620545295     
   8.46092000000000        1.51252398847732     
   8.47185000000000        1.46314987683873     
   8.48278000000000        1.50934964806217     
   8.49371000000000        1.63615471513300     
   8.50464000000000        1.71518006507961     
   8.51556000000000        1.72376086442163     
   8.52648000000000        1.70433131278167     
   8.53739000000000        1.60637013473239     
   8.54831000000000        1.58890979294697     
   8.55922000000000        1.62687689112913     
   8.57012000000000        1.66959037763296     
   8.58103000000000        1.72032635172861     
   8.59193000000000        1.78867059656368     
   8.60282000000000        1.83109482972027     
   8.61372000000000        1.76084366012665     
   8.62461000000000        1.62910892376383     
   8.63549000000000        1.54029041468405     
   8.64638000000000        1.56100318007996     
   8.65726000000000        1.62823465319256     
   8.66814000000000        1.79025081954177     
   8.67901000000000        2.01437103224222     
   8.68988000000000        2.12925095995405     
   8.70075000000000        2.14648405370499     
   8.71161000000000        2.21844378175103     
   8.72248000000000        2.31388654859393     
   8.73333000000000        2.35981038592959     
   8.74419000000000        2.34926618872805     
   8.75504000000000        2.25553443337439     
   8.76589000000000        2.14261721445931     
   8.77674000000000        2.03118766247686     
   8.78758000000000        1.97964908038868     
   8.79842000000000        1.92914707670483     
   8.80926000000000        1.89833156560751     
   8.82009000000000        1.91835115131992     
   8.83092000000000        2.00605159388435     
   8.84175000000000        2.14807933353486     
   8.85257000000000        2.28270368427420     
   8.86339000000000        2.23064924913577     
   8.87421000000000        2.12123841042125     
   8.88502000000000        2.11452546826869     
   8.89583000000000        2.11514166426470     
   8.90664000000000        2.04813482993745     
   8.91745000000000        1.92982548173079     
   8.92825000000000        1.94621389352334     
   8.93905000000000        2.09894990294911     
   8.94984000000000        2.22109270802644     
   8.96063000000000        2.27755250396578     
   8.97142000000000        2.35580605229719     
   8.98221000000000        2.49076961112611     
   8.99299000000000        2.64460672107197     
   9.00377000000000        2.74445741561303     
   9.01455000000000        2.73203842379557     
   9.02532000000000        2.75168960204128     
   9.03609000000000        2.82222196569997     
   9.04686000000000        2.77121575588257     
   9.05762000000000        2.57547988650854     
   9.06838000000000        2.33717288633273     
   9.07914000000000        2.13878970451799     
   9.08989000000000        2.06859736054345     
   9.10064000000000        2.18578789829650     
   9.11139000000000        2.51794618128912     
   9.12214000000000        2.93606095658131     
   9.13288000000000        3.23964560203830     
   9.14362000000000        3.37871743737890     
   9.15435000000000        3.77874587420935     
   9.16508000000000        4.26492206287481     
   9.17581000000000        4.50803153782671     
   9.18654000000000        4.53129893906085     
   9.19726000000000        4.34065962559828     
   9.20798000000000        4.33174194969556     
   9.21870000000000        4.65305745303662     
   9.22941000000000        5.15156957161189     
   9.24012000000000        5.33323816447801     
   9.25082000000000        5.15936463214915     
   9.26153000000000        4.98589757904752     
   9.27223000000000        4.89734931320255     
   9.28293000000000        4.90175292626365     
   9.29362000000000        4.81849703800030     
   9.30431000000000        4.84284572123893     
   9.31500000000000        4.93784225396882     
   9.32568000000000        4.81952519536944     
   9.33636000000000        4.73511301646576     
   9.34704000000000        4.72796497073533     
   9.35772000000000        4.76438077588169     
   9.36839000000000        4.69502191344578     
   9.37906000000000        4.60348520161371     
   9.38972000000000        4.80918123424291     
   9.40038000000000        5.19903189969745     
   9.41104000000000        5.61119969476563     
   9.42170000000000        5.96589359424523     
   9.43235000000000        6.28335762319638     
   9.44300000000000        6.78667504373282     
   9.45365000000000        7.35787517252479     
   9.46429000000000        7.99799196724090     
   9.47493000000000        8.43237756381266     
   9.48557000000000        8.33480254617131     
   9.49620000000000        8.01866958350935     
   9.50683000000000        7.95140119062836     
   9.51746000000000        8.30259656313117     
   9.52808000000000        8.42154841205074     
   9.53871000000000        8.04999052837421     
   9.54932000000000        7.43574277197574     
   9.55994000000000        6.91845785744728     
   9.57055000000000        6.85950850262804     
   9.58116000000000        7.29801381792454     
   9.59176000000000        8.00127303132824     
   9.60237000000000        8.46494684729209     
   9.61296000000000        8.58201464424717     
   9.62356000000000        8.90011002705188     
   9.63415000000000        9.27216331949852     
   9.64474000000000        9.33230245437793     
   9.65533000000000        9.23263770810881     
   9.66591000000000        9.00710145146083     
   9.67649000000000        8.69967013426012     
   9.68707000000000        8.21641552602351     
   9.69764000000000        7.44097273397864     
   9.70821000000000        7.03254834143976     
   9.71878000000000        7.13938052476694     
   9.72934000000000        7.48936145833206     
   9.73990000000000        7.91004351765513     
   9.75046000000000        8.15064881683934     
   9.76102000000000        8.59583039185279     
   9.77157000000000        9.42487934738457     
   9.78212000000000        10.1984163417876     
   9.79266000000000        10.8650062912037     
   9.80320000000000        11.3948576804616     
   9.81374000000000        11.7259971594533     
   9.82428000000000        12.1422008351037     
   9.83481000000000        12.5335423584885     
   9.84534000000000        12.7851369779356     
   9.85586000000000        12.8078993019121     
   9.86639000000000        12.1358917581997     
   9.87691000000000        11.0600166879444     
   9.88742000000000        10.0282628029488     
   9.89794000000000        9.17211317509412     
   9.90845000000000        8.59355249304585     
   9.91895000000000        8.13704325913032     
   9.92946000000000        7.54275631868125     
   9.93996000000000        6.98031836233758     
   9.95046000000000        6.70964144602229     
   9.96095000000000        6.75340779096456     
   9.97144000000000        6.82354700860093     
   9.98193000000000        6.80619276958961     
   9.99242000000000        6.80472094680311     
   10.0029000000000        6.84153915887709     
   10.0133800000000        6.79530942296564     
   10.0238500000000        6.74038463132067     
   10.0343200000000        6.77057668597558     
   10.0447900000000        6.91405536810450     
   10.0552600000000        7.16846602210196     
   10.0657200000000        7.29189862690900     
   10.0761800000000        7.17365939997974     
   10.0866400000000        7.07214991134237     
   10.0970900000000        7.09721115381574     
   10.1075400000000        7.39910529264401     
   10.1179900000000        7.96751680291980     
   10.1284300000000        8.57336960676695     
   10.1388700000000        9.14983245580450     
   10.1493100000000        9.61620999206401     
   10.1597400000000        10.0591085439425     
   10.1701700000000        10.6182818588314     
   10.1806000000000        11.2020651372430     
   10.1910300000000        11.4604667777998     
   10.2014500000000        11.3589134849095     
   10.2118700000000        10.9623556948584     
   10.2222800000000        10.4806013753500     
   10.2326900000000        10.1089991116929     
   10.2431000000000        10.0127482390058     
   10.2535100000000        10.1201799882245     
   10.2639100000000        10.2481783219282     
   10.2743100000000        10.2764640197057     
   10.2847100000000        10.1865116677212     
   10.2951000000000        10.0497583791888     
   10.3054900000000        9.83770569758642     
   10.3158800000000        9.57159149208255     
   10.3262600000000        9.19914662779282     
   10.3366400000000        8.77617917877303     
   10.3470200000000        8.51650467768764     
   10.3573900000000        8.44774692024564     
   10.3677600000000        8.43008996505180     
   10.3781300000000        8.37585492991913     
   10.3884900000000        8.26650150279952     
   10.3988600000000        8.08674691561213     
   10.4092100000000        7.99361391221358     
   10.4195700000000        8.04290591873983     
   10.4299200000000        8.16007280357400     
   10.4402700000000        8.30399864946003     
   10.4506100000000        8.53191494878650     
   10.4609600000000        8.86952224163613     
   10.4713000000000        9.41211125130238     
   10.4816300000000        10.1195240715799     
   10.4919600000000        10.7907579762567     
   10.5022900000000        11.2573858073951     
   10.5126200000000        11.4950330226454     
   10.5229400000000        11.7299675461810     
   10.5332600000000        12.0745827738760     
   10.5435800000000        12.4947672382728     
   10.5539000000000        12.8863888368345     
   10.5642100000000        12.9469957516138     
   10.5745100000000        12.4638229454092     
   10.5848200000000        11.5272556480457     
   10.5951200000000        10.3317976600999     
   10.6054200000000        9.09925464930302     
   10.6157100000000        8.04471540267750     
   10.6260000000000        7.15101839038635     
   10.6362900000000        6.29499745824910     
   10.6465800000000        5.40665888973435     
   10.6568600000000        4.56589566635801     
   10.6671400000000        3.90933642556317     
   10.6774100000000        3.49641564536057     
   10.6876900000000        3.30123983299894     
   10.6979600000000        3.27787803603271     
   10.7082200000000        3.38735948737289     
   10.7184900000000        3.63958444509097     
   10.7287500000000        4.00490333468076     
   10.7390000000000        4.39600863089320     
   10.7492600000000        4.78710540899077     
   10.7595100000000        5.13814496760645     
   10.7697500000000        5.41924182756555     
   10.7800000000000        5.70744570533401     
   10.7902400000000        6.08892122893050     
   10.8004800000000        6.39953392935080     
   10.8107100000000        6.46372330239720     
   10.8209400000000        6.32986029774940     
   10.8311700000000        6.01328731127352     
   10.8414000000000        5.54689442768199     
   10.8516200000000        5.08603247901879     
   10.8618400000000        4.71054537714205     
   10.8720500000000        4.41863503613124     
   10.8822700000000        4.18329069723998     
   10.8924800000000        3.98836861255686     
   10.9026800000000        3.86767344078763     
   10.9128800000000        3.82688241074273     
   10.9230800000000        3.87789780470527     
   10.9332800000000        3.99085288742673     
   10.9434700000000        4.07980851044247     
   10.9536600000000        4.07513193262303     
   10.9638500000000        4.00423178149655     
   10.9740400000000        3.92392440333826     
   10.9842200000000        3.83203216124813     
   10.9943900000000        3.70202345657079     
   11.0045700000000        3.52991607096746     
   11.0147400000000        3.33396164513154     
   11.0249100000000        3.16915802533570     
   11.0350700000000        3.06550014086336     
   11.0452300000000        2.99589159964593     
   11.0553900000000        2.92134953536567     
   11.0655500000000        2.80594348424351     
   11.0757000000000        2.67496937626469     
   11.0858500000000        2.57694411638260     
   11.0960000000000        2.53532726828450     
   11.1061400000000        2.54875416362484     
   11.1162800000000        2.61157973151707     
   11.1264200000000        2.76324184736866     
   11.1365500000000        3.05284207920606     
   11.1466800000000        3.46270597245938     
   11.1568100000000        3.85592815994475     
   11.1669300000000        4.08104307149967     
   11.1770500000000        4.14095442596468     
   11.1871700000000        4.15465076127515     
   11.1972800000000        4.25222413071748     
   11.2073900000000        4.45984024588246     
   11.2175000000000        4.69428659947876     
   11.2276100000000        4.90810401899085     
   11.2377100000000        5.10282946587670     
   11.2478100000000        5.26452534835632     
   11.2579000000000        5.41129067936702     
   11.2679900000000        5.59200534583920     
   11.2780800000000        5.83986388976194     
   11.2881700000000        6.17969173229283     
   11.2982500000000        6.58961562365994     
   11.3083300000000        7.03380023317834     
   11.3184100000000        7.47099575873358     
   11.3284800000000        7.85384482671892     
   11.3385500000000        8.26671838129421     
   11.3486200000000        8.75407603096594     
   11.3586800000000        9.12832388922023     
   11.3687400000000        9.31451791685805     
   11.3788000000000        9.44679303560942     
   11.3888500000000        9.61446630546598     
   11.3989000000000        9.89785859974653     
   11.4089500000000        10.2728899465868     
   11.4189900000000        10.5772911339334     
   11.4290400000000        10.6701695110646     
   11.4390700000000        10.3364616838276     
   11.4491100000000        9.57638053654833     
   11.4591400000000        8.86854297316056     
   11.4691700000000        8.58592557807312     
   11.4792000000000        8.76088417207809     
   11.4892200000000        9.17618235509341     
   11.4992400000000        9.46174657289975     
   11.5092500000000        9.42930231365987     
   11.5192700000000        9.15373768957146     
   11.5292800000000        8.79144714974997     
   11.5392800000000        8.57778064830937     
   11.5492900000000        8.66985963739725     
   11.5592900000000        9.09590886914044     
   11.5692800000000        9.72224434117251     
   11.5792800000000        10.2951733291043     
   11.5892700000000        10.7206093204914     
   11.5992600000000        11.1398867070911     
   11.6092400000000        11.5925849021238     
   11.6192200000000        11.9885768329567     
   11.6292000000000        12.3183788189374     
   11.6391700000000        12.6936413334788     
   11.6491500000000        13.2615682113036     
   11.6591200000000        14.1028805765766     
   11.6690800000000        15.0836404649240     
   11.6790400000000        15.9785860084937     
   11.6890000000000        16.7854883424744     
   11.6989600000000        17.6547243501554     
   11.7089100000000        18.6422081458431     
   11.7188600000000        19.6918270330870     
   11.7288100000000        20.7557036117391     
   11.7387500000000        21.8650605344558     
   11.7486900000000        22.9834257075079     
   11.7586300000000        23.9392203249226     
   11.7685600000000        24.7213322602207     
   11.7784900000000        25.5280044410394     
   11.7884200000000        26.4878385172929     
   11.7983400000000        27.5120402747042     
   11.8082600000000        28.3518271253887     
   11.8181800000000        28.7293812630034     
   11.8281000000000        28.5475012360408     
   11.8380100000000        27.9313070895113     
   11.8479200000000        27.1021729850531     
   11.8578200000000        26.3898493225339     
   11.8677200000000        26.0377009482112     
   11.8776200000000        25.9898696872867     
   11.8875200000000        26.0879069706400     
   11.8974100000000        26.2208220637022     
   11.9073000000000        26.1130474801240     
   11.9171900000000        25.4804003861468     
   11.9270700000000        24.4028365514832     
   11.9369500000000        23.2825079524600     
   11.9468300000000        22.5892617757797     
   11.9567000000000        22.5486206433487     
   11.9665700000000        22.9159165777505     
   11.9764400000000        23.1989027842432     
   11.9863000000000        23.0860533824811     
   11.9961600000000        22.5179068407027     
   12.0060200000000        21.6084798680557     
   12.0158700000000        20.6892731018477     
   12.0257300000000        20.1207611177507     
   12.0355700000000        20.0237780635796     
   12.0454200000000        20.3272460568407     
   12.0552600000000        20.9137982777402     
   12.0651000000000        21.5984859906549     
   12.0749400000000        22.2284294020306     
   12.0847700000000        22.8356819213387     
   12.0946000000000        23.5158485140847     
   12.1044200000000        24.2750974951433     
   12.1142500000000        25.0935674244661     
   12.1240700000000        25.9718298690158     
   12.1338800000000        26.9093336341228     
   12.1437000000000        27.8244571428671     
   12.1535100000000        28.5599296770026     
   12.1633100000000        29.0440393880540     
   12.1731200000000        29.3298051759448     
   12.1829200000000        29.4585778948729     
   12.1927200000000        29.5255635872486     
   12.2025100000000        29.7653960216649     
   12.2123000000000        30.2090738638038     
   12.2220900000000        30.5602801089759     
   12.2318700000000        30.5790162162273     
   12.2416600000000        30.2020152331978     
   12.2514300000000        29.3317922460231     
   12.2612100000000        28.0333994877200     
   12.2709800000000        26.6792489755253     
   12.2807500000000        25.5087336742678     
   12.2905200000000        24.4315811923908     
   12.3002800000000        23.2697496165970     
   12.3100400000000        21.9524226279433     
   12.3198000000000        20.4449401874364     
   12.3295500000000        18.7648529627308     
   12.3393000000000        17.1336176680232     
   12.3490500000000        15.8429373275124     
   12.3587900000000        14.9814221024661     
   12.3685300000000        14.4165202019518     
   12.3782700000000        13.9724732367333     
   12.3880000000000        13.5921334415466     
   12.3977300000000        13.3460162841386     
   12.4074600000000        13.2832251634839     
   12.4171800000000        13.3619121138855     
   12.4269100000000        13.5064352306246     
   12.4366200000000        13.6760244627027     
   12.4463400000000        13.9034200097973     
   12.4560500000000        14.2649298271787     
   12.4657600000000        14.8106975545656     
   12.4754700000000        15.4875171774821     
   12.4851700000000        16.1085272937756     
   12.4948700000000        16.5196769689710     
   12.5045600000000        16.7423829700626     
   12.5142600000000        16.8904574422154     
   12.5239500000000        17.1326881728029     
   12.5336300000000        17.6355156251215     
   12.5433200000000        18.4533232596644     
   12.5530000000000        19.5044169969123     
   12.5626800000000        20.5722324508033     
   12.5723500000000        21.3235912377648     
   12.5820200000000        21.5273805731731     
   12.5916900000000        21.2580415134921     
   12.6013500000000        20.7489077963090     
   12.6110100000000        20.2030737363104     
   12.6206700000000        19.8198150006025     
   12.6303300000000        19.6962851195945     
   12.6399800000000        19.6802363833393     
   12.6496300000000        19.5117866916271     
   12.6592700000000        19.1289260260644     
   12.6689200000000        18.6444225436005     
   12.6785500000000        18.1373767159600     
   12.6881900000000        17.6610639456259     
   12.6978200000000        17.3195416420499     
   12.7074500000000        17.1948514659748     
   12.7170800000000        17.2870401210271     
   12.7267000000000        17.5351455250646     
   12.7363200000000        17.8138996827137     
   12.7459400000000        17.9513734999547     
   12.7555500000000        17.8508665987332     
   12.7651600000000        17.6060016316969     
   12.7747700000000        17.4173672458667     
   12.7843800000000        17.3758480401191     
   12.7939800000000        17.3940200877503     
   12.8035800000000        17.3232354651014     
   12.8131700000000        17.0636198344890     
   12.8227600000000        16.6076657022257     
   12.8323500000000        16.0234211083208     
   12.8419400000000        15.4064264130337     
   12.8515200000000        14.8631601866739     
   12.8611000000000        14.5031093120137     
   12.8706700000000        14.3999940016341     
   12.8802500000000        14.5599457819787     
   12.8898100000000        14.9397294671821     
   12.8993800000000        15.4681509727338     
   12.9089400000000        16.0333622175700     
   12.9185000000000        16.4896781678228     
   12.9280600000000        16.7238755547702     
   12.9376100000000        16.7417069106900     
   12.9471700000000        16.6588029933067     
   12.9567100000000        16.5715728726439     
   12.9662600000000        16.4710310566195     
   12.9758000000000        16.3687537351122     
   12.9853400000000        16.3846973444758     
   12.9948700000000        16.6238035501571     
   13.0044000000000        17.0782763627967     
   13.0139300000000        17.6414962189104     
   13.0234600000000        18.1856670016639     
   13.0329800000000        18.6186109176191     
   13.0425000000000        18.8433440803422     
   13.0520100000000        18.7984612944447     
   13.0615200000000        18.5729598382385     
   13.0710300000000        18.3180563377924     
   13.0805400000000        18.0795865022297     
   13.0900400000000        17.8277266896777     
   13.0995400000000        17.5815733727505     
   13.1090400000000        17.4206340737496     
   13.1185300000000        17.3770847863173     
   13.1280200000000        17.3666042632890     
   13.1375100000000        17.2873262243359     
   13.1469900000000        17.1191038400670     
   13.1564700000000        16.8779011657942     
   13.1659500000000        16.5525124674871     
   13.1754300000000        16.1353161664042     
   13.1849000000000        15.6572675478572     
   13.1943700000000        15.1604637680049     
   13.2038300000000        14.6496153669945     
   13.2132900000000        14.0937787587403     
   13.2227500000000        13.4995564175007     
   13.2322100000000        12.9193317857170     
   13.2416600000000        12.3786621419791     
   13.2511100000000        11.8592809612086     
   13.2605500000000        11.3514089637517     
   13.2700000000000        10.8614950140940     
   13.2794400000000        10.4103091485476     
   13.2888700000000        10.0368760048322     
   13.2983100000000        9.77531424897112     
   13.3077400000000        9.62287663433606     
   13.3171600000000        9.52175480132780     
   13.3265900000000        9.38100550307477     
   13.3360100000000        9.15392507750310     
   13.3454300000000        8.87962583152993     
   13.3548400000000        8.62457969568363     
   13.3642500000000        8.41557814843656     
   13.3736600000000        8.23223094901566     
   13.3830600000000        8.04537444209901     
   13.3924700000000        7.85265809565622     
   13.4018600000000        7.66967119476192     
   13.4112600000000        7.50323919836565     
   13.4206500000000        7.35122819785518     
   13.4300400000000        7.21300225149082     
   13.4394300000000        7.09589293448360     
   13.4488100000000        7.01196042553152     
   13.4581900000000        6.97428463395998     
   13.4675600000000        6.98863557179675     
   13.4769400000000        7.04063383484231     
   13.4863100000000        7.10279825636989     
   13.4956700000000        7.15932421969175     
   13.5050400000000        7.21228650387644     
   13.5144000000000        7.26508490100661     
   13.5237600000000        7.31249517188657     
   13.5331100000000        7.34580304846577     
   13.5424600000000        7.36477654258834     
   13.5518100000000        7.38669486556037     
   13.5611500000000        7.44170977422230     
   13.5704900000000        7.55600179766315     
   13.5798300000000        7.73474301355680     
   13.5891700000000        7.95293559694466     
   13.5985000000000        8.16938448109661     
   13.6078300000000        8.35902087523591     
   13.6171500000000        8.51853112472282     
   13.6264800000000        8.64082322852533     
   13.6358000000000        8.70395590477730     
   13.6451100000000        8.69479981495637     
   13.6544200000000        8.62623639645668     
   13.6637300000000        8.53914143432234     
   13.6730400000000        8.48506703534940     
   13.6823400000000        8.49655933985943     
   13.6916400000000        8.57370337871136     
   13.7009400000000        8.68814274139610     
   13.7102400000000        8.79916429812093     
   13.7195300000000        8.87940398265009     
   13.7288100000000        8.92560038673513     
   13.7381000000000        8.93718998719205     
   13.7473800000000        8.90193084020996     
   13.7566600000000        8.80998785761822     
   13.7659300000000        8.66163218730459     
   13.7752000000000        8.46832890600826     
   13.7844700000000        8.25440155434269     
   13.7937400000000        8.04050176402155     
   13.8030000000000        7.83096938389690     
   13.8122600000000        7.62576619936584     
   13.8215200000000        7.43185545802164     
   13.8307700000000        7.25555085429105     
   13.8400200000000        7.09812955652214     
   13.8492600000000        6.96407464193707     
   13.8585100000000        6.86214774035753     
   13.8677500000000        6.79834263118763     
   13.8769800000000        6.76863433852652     
   13.8862200000000        6.76067794852516     
   13.8954500000000        6.75944451177240     
   13.9046800000000        6.75572943599120     
   13.9139000000000        6.75345315863331     
   13.9231200000000        6.76298495498188     
   13.9323400000000        6.78715079951740     
   13.9415500000000        6.81746695213833     
   13.9507700000000        6.84414454032094     
   13.9599700000000        6.86894223145329     
   13.9691800000000        6.90594129557695     
   13.9783800000000        6.96665591148582     
   13.9875800000000        7.05011172946155     
   13.9967800000000        7.14924667079140     
   14.0059700000000        7.26139235257730     
   14.0151600000000        7.39188862760114     
   14.0243400000000        7.55423560826944     
   14.0335300000000        7.76826611567070     
   14.0427100000000        8.04816312589365     
   14.0518800000000        8.39803323262961     
   14.0610600000000        8.81865938971708     
   14.0702300000000        9.30204068880402     
   14.0794000000000        9.81759203584576     
   14.0885600000000        10.3052311240542     
   14.0977200000000        10.6969754139358     
   14.1068800000000        10.9469463022839     
   14.1160300000000        11.0634735887500     
   14.1251800000000        11.1213266882997     
   14.1343300000000        11.2375966254554     
   14.1434800000000        11.5240718170799     
   14.1526200000000        12.0494042858051     
   14.1617600000000        12.8308983407093     
   14.1708900000000        13.8381999355190     
   14.1800300000000        14.9994906509746     
   14.1891500000000        16.1754497998561     
   14.1982800000000        17.1716008645779     
   14.2074000000000        17.7975190963800     
   14.2165200000000        17.9948923901788     
   14.2256400000000        17.8754741980022     
   14.2347500000000        17.6303938553870     
   14.2438600000000        17.3959930980300     
   14.2529700000000        17.2060541948145     
   14.2620700000000        17.0493274558934     
   14.2711800000000        16.9444969389994     
   14.2802700000000        16.9273378514344     
   14.2893700000000        16.9742850750600     
   14.2984600000000        16.9962376135036     
   14.3075500000000        16.9243249565647     
   14.3166300000000        16.7788018096244     
   14.3257100000000        16.6273140448694     
   14.3347900000000        16.4780929251615     
   14.3438700000000        16.2432309393770     
   14.3529400000000        15.8235167582493     
   14.3620100000000        15.2082460360284     
   14.3710700000000        14.4842116416423     
   14.3801400000000        13.7748953162782     
   14.3892000000000        13.1951443372127     
   14.3982500000000        12.8162070248609     
   14.4073100000000        12.6526504038853     
   14.4163600000000        12.6598874527738     
   14.4254000000000        12.7391783667595     
   14.4344500000000        12.7690396974211     
   14.4434900000000        12.6625299394487     
   14.4525200000000        12.4114707775017     
   14.4615600000000        12.0712385532119     
   14.4705900000000        11.7160609338758     
   14.4796200000000        11.3961906880915     
   14.4886400000000        11.1247254944443     
   14.4976600000000        10.8956454038305     
   14.5066800000000        10.7170533889856     
   14.5157000000000        10.6180309717005     
   14.5247100000000        10.6284090749511     
   14.5337200000000        10.7586504511721     
   14.5427200000000        10.9938183268494     
   14.5517300000000        11.3011359925271     
   14.5607300000000        11.6454154784154     
   14.5697200000000        12.0115448544450     
   14.5787100000000        12.4157249267095     
   14.5877000000000        12.9021519841510     
   14.5966900000000        13.5258469738275     
   14.6056700000000        14.3260911337699     
   14.6146600000000        15.3155845475186     
   14.6236300000000        16.4733784745111     
   14.6326100000000        17.7589750952154     
   14.6415800000000        19.0988311476234     
   14.6505400000000        20.4137049959414     
   14.6595100000000        21.6490931987612     
   14.6684700000000        22.7786380866639     
   14.6774300000000        23.8098160308283     
   14.6863800000000        24.7703740927491     
   14.6953400000000        25.6879012663512     
   14.7042800000000        26.5421459134274     
   14.7132300000000        27.2684532489483     
   14.7221700000000        27.7943000077727     
   14.7311100000000        28.1114207895554     
   14.7400500000000        28.2953743795263     
   14.7489800000000        28.4679100496238     
   14.7579100000000        28.7264109919180     
   14.7668400000000        29.0838395102542     
   14.7757600000000        29.4553058282363     
   14.7846800000000        29.7050319441641     
   14.7936000000000        29.7167890159326     
   14.8025100000000        29.4309485307735     
   14.8114200000000        28.8257616175261     
   14.8203300000000        27.8975073305729     
   14.8292300000000        26.6818246865881     
   14.8381300000000        25.2785354687420     
   14.8470300000000        23.8432361729083     
   14.8559300000000        22.5364028019361     
   14.8648200000000        21.4689966585026     
   14.8737100000000        20.6645342096363     
   14.8825900000000        20.0708803015053     
   14.8914700000000        19.5961245473473     
   14.9003500000000        19.1470569487471     
   14.9092300000000        18.6431900084805     
   14.9181000000000        18.0245925664793     
   14.9269700000000        17.2582888695008     
   14.9358400000000        16.3476893590033     
   14.9447000000000        15.3339808536762     
   14.9535600000000        14.2826097779056     
   14.9624200000000        13.2681698742104     
   14.9712700000000        12.3529622414677     
   14.9801200000000        11.5705942026038     
   14.9889700000000        10.9305050145887     
   14.9978100000000        10.4264178720646     
   15.0066500000000        10.0433899021633     
   15.0154900000000        9.76497550387922     
   15.0243300000000        9.57592023757780     
   15.0331600000000        9.46609854925144     
   15.0419900000000        9.43296878011642     
   15.0508100000000        9.48196113330874     
   15.0596300000000        9.62311561976100     
   15.0684500000000        9.86668875690053     
   15.0772700000000        10.2197622042863     
   15.0860800000000        10.6827354965593     
   15.0948900000000        11.2446675391271     
   15.1037000000000        11.8740749940305     
   15.1125000000000        12.5182454521161     
   15.1213000000000        13.1210151133679     
   15.1301000000000        13.6462518938862     
   15.1388900000000        14.0938827697165     
   15.1476800000000        14.4914922176184     
   15.1564700000000        14.8662348474621     
   15.1652500000000        15.2281404882426     
   15.1740300000000        15.5756995584276     
   15.1828100000000        15.9071105724637     
   15.1915800000000        16.2247073838320     
   15.2003500000000        16.5296334033050     
   15.2091200000000        16.8121692307853     
   15.2178900000000        17.0531501122252     
   15.2266500000000        17.2397030867315     
   15.2354100000000        17.3838367275819     
   15.2441600000000        17.5166438454193     
   15.2529200000000        17.6574148421996     
   15.2616700000000        17.7836321774333     
   15.2704100000000        17.8392276639086     
   15.2791500000000        17.7759005788913     
   15.2878900000000        17.5880463154713     
   15.2966300000000        17.3059462648328     
   15.3053600000000        16.9613635626161     
   15.3140900000000        16.5663328590853     
   15.3228200000000        16.1231844820117     
   15.3315400000000        15.6418949368782     
   15.3402600000000        15.1433870838881     
   15.3489800000000        14.6552057645034     
   15.3577000000000        14.2031902047641     
   15.3664100000000        13.8037856693770     
   15.3751200000000        13.4555043143773     
   15.3838200000000        13.1408583159198     
   15.3925200000000        12.8352095329705     
   15.4012200000000        12.5214364640196     
   15.4099200000000        12.1952610020812     
   15.4186100000000        11.8622646381547     
   15.4273000000000        11.5305536171362     
   15.4359800000000        11.2082790044310     
   15.4446700000000        10.9013253807794     
   15.4533400000000        10.6174130283845     
   15.4620200000000        10.3619411013568     
   15.4706900000000        10.1391349647740     
   15.4793600000000        9.94811926682467     
   15.4880300000000        9.78572061934084     
   15.4966900000000        9.64861924653659     
   15.5053500000000        9.53312606257964     
   15.5140100000000        9.43385521191512     
   15.5226700000000        9.34177831282022     
   15.5313200000000        9.24594820750501     
   15.5399600000000        9.13883413719796     
   15.5486100000000        9.02066438596461     
   15.5572500000000        8.89892042515881     
   15.5658900000000        8.78224056336839     
   15.5745200000000        8.67773939476661     
   15.5831600000000        8.59059978858551     
   15.5917900000000        8.52558461446132     
   15.6004100000000        8.48485975302052     
   15.6090300000000        8.46589383323299     
   15.6176500000000        8.46189259913892     
   15.6262700000000        8.46541435742967     
   15.6348800000000        8.47168216888371     
   15.6434900000000        8.47829088423776     
   15.6521000000000        8.48235546046748     
   15.6607000000000        8.47874939880153     
   15.6693000000000        8.46148350394070     
   15.6779000000000        8.42706918594804     
   15.6864900000000        8.37711274343974     
   15.6950800000000        8.31824224158885     
   15.7036700000000        8.26053234155093     
   15.7122600000000        8.21486851081854     
   15.7208400000000        8.18996611271416     
   15.7294100000000        8.18970556459984     
   15.7379900000000        8.21254533494180     
   15.7465600000000        8.25298287072302     
   15.7551300000000        8.30467881007657     
   15.7637000000000        8.36307098682549     
   15.7722600000000        8.42636645624087     
   15.7808200000000        8.49498636451931     
   15.7893700000000        8.56974096225246     
   15.7979300000000        8.65120590963214     
   15.8064700000000        8.73897080910592     
   15.8150200000000        8.83320485855318     
   15.8235600000000        8.93337867448986     
   15.8321000000000        9.03859973582272     
   15.8406400000000        9.14794809326843     
   15.8491800000000        9.26211880506664     
   15.8577100000000        9.38347471959197     
   15.8662300000000        9.51536220594337     
   15.8747600000000        9.66194963631312     
   15.8832800000000        9.82745806304253     
   15.8918000000000        10.0173094779149     
   15.9003100000000        10.2367172904351     
   15.9088200000000        10.4908188854006     
   15.9173300000000        10.7832594281670     
   15.9258400000000        11.1164268333632     
   15.9343400000000        11.4919170540169     
   15.9428400000000        11.9127071625449     
   15.9513300000000        12.3817162411513     
   15.9598300000000        12.9049920157950     
   15.9683100000000        13.4881905228494     
   15.9768000000000        14.1445026134382     
   15.9852800000000        14.8863558561257     
   15.9937600000000        15.7277104050307     
   16.0022400000000        16.6756454644283     
   16.0107100000000        17.7242979164625     
   16.0191800000000        18.8548318534970     
   16.0276500000000        20.0315388403591     
   16.0361200000000        21.2069426451566     
   16.0445800000000        22.3285362757324     
   16.0530300000000        23.3508569852797     
   16.0614900000000        24.2430908055082     
   16.0699400000000        24.9854932443249     
   16.0783900000000        25.5748627424490     
   16.0868300000000        26.0121993984432     
   16.0952800000000        26.2964961078358     
   16.1037100000000        26.4170445938966     
   16.1121500000000        26.3610998639605     
   16.1205800000000        26.1223093949044     
   16.1290100000000        25.7096130823635     
   16.1374400000000        25.1479591980492     
   16.1458600000000        24.4731239216411     
   16.1542800000000        23.7221344519088     
   16.1627000000000        22.9317414815908     
   16.1711100000000        22.1381789375190     
   16.1795200000000        21.3735735108542     
   16.1879300000000        20.6666446071407     
   16.1963300000000        20.0401039170520     
   16.2047300000000        19.5075393024783     
   16.2131300000000        19.0766419071247     
   16.2215200000000        18.7490291274535     
   16.2299100000000        18.5177946394700     
   16.2383000000000        18.3670784632245     
   16.2466900000000        18.2708994783639     
   16.2550700000000        18.1952891565774     
   16.2634500000000        18.1031615706951     
   16.2718200000000        17.9623507166614     
   16.2802000000000        17.7524203573279     
   16.2885600000000        17.4697565755044     
   16.2969300000000        17.1210294345858     
   16.3052900000000        16.7195048477349     
   16.3136500000000        16.2771159450256     
   16.3220100000000        15.8053139216007     
   16.3303600000000        15.3166108451173     
   16.3387100000000        14.8236133842939     
   16.3470600000000        14.3402055554118     
   16.3554000000000        13.8798815984479     
   16.3637400000000        13.4516683288380     
   16.3720800000000        13.0595181791652     
   16.3804200000000        12.7008778199388     
   16.3887500000000        12.3689411243205     
   16.3970700000000        12.0558317633562     
   16.4054000000000        11.7564179173196     
   16.4137200000000        11.4724009585528     
   16.4220400000000        11.2084588745170     
   16.4303500000000        10.9700031061146     
   16.4386700000000        10.7577008217905     
   16.4469700000000        10.5687255147887     
   16.4552800000000        10.3968526742301     
   16.4635800000000        10.2389861087021     
   16.4718800000000        10.0952222000099     
   16.4801800000000        9.96869412782688     
   16.4884700000000        9.86280989005141     
   16.4967600000000        9.77759960069315     
   16.5050500000000        9.70748936813381     
   16.5133300000000        9.64115012734767     
   16.5216100000000        9.56512089932368     
   16.5298900000000        9.47000915751636     
   16.5381600000000        9.35462593426477     
   16.5464300000000        9.22500157590194     
   16.5547000000000        9.09076871610410     
   16.5629700000000        8.96127350847870     
   16.5712300000000        8.84418010971347     
   16.5794900000000        8.74485329224190     
   16.5877400000000        8.66634629364578     
   16.5959900000000        8.60776628012490     
   16.6042400000000        8.56400990476333     
   16.6124900000000        8.52645266607433     
   16.6207300000000        8.48508169783089     
   16.6289700000000        8.43072441483051     
   16.6372000000000        8.35703789655542     
   16.6454400000000        8.26116446857166     
   16.6536700000000        8.14502916566827     
   16.6618900000000        8.01471502266696     
   16.6701200000000        7.87917920577518     
   16.6783400000000        7.74929784184127     
   16.6865500000000        7.63471265231462     
   16.6947700000000        7.54222876223095     
   16.7029800000000        7.47549432575499     
   16.7111900000000        7.43410098814132     
   16.7193900000000        7.41540987331969     
   16.7275900000000        7.41663062526646     
   16.7357900000000        7.43666709909460     
   16.7439800000000        7.47569343985639     
   16.7521800000000        7.53316369635592     
   16.7603600000000        7.60498655860088     
   16.7685500000000        7.68390665062283     
   16.7767300000000        7.76101152284332     
   16.7849100000000        7.83070589132694     
   16.7930900000000        7.89385609345466     
   16.8012600000000        7.95786686139830     
   16.8094300000000        8.03281365827599     
   16.8175900000000        8.12512450265706     
   16.8257600000000        8.23362508715979     
   16.8339200000000        8.34787140725808     
   16.8420700000000        8.45198119058182     
   16.8502300000000        8.53009478203394     
   16.8583800000000        8.57092081275977     
   16.8665300000000        8.57091427030088     
   16.8746700000000        8.53296227852847     
   16.8828100000000        8.46368150699011     
   16.8909500000000        8.37123934020986     
   16.8990800000000        8.26444975279298     
   16.9072100000000        8.15132707538381     
   16.9153400000000        8.03759047978524     
   16.9234700000000        7.92491339186136     
   16.9315900000000        7.81144042123077     
   16.9397100000000        7.69415964433029     
   16.9478200000000        7.57313841296974     
   16.9559400000000        7.45325837012202     
   16.9640500000000        7.34527243241767     
   16.9721500000000        7.26255645109046     
   16.9802600000000        7.21793193833418     
   16.9883600000000        7.22101569884758     
   16.9964500000000        7.27568526224664     
   17.0045500000000        7.38001397764074     
   17.0126400000000        7.52591216211845     
   17.0207200000000        7.70083545937663     
   17.0288100000000        7.89018041291998     
   17.0368900000000        8.07829658421051     
   17.0449700000000        8.25238914024055     
   17.0530400000000        8.40284799190514     
   17.0611100000000        8.52442237964949     
   17.0691800000000        8.61515298256935     
