   7.15970000000000        5.60961184697539     
   7.17100000000000        5.79044445773243     
   7.18231000000000        6.07087143249028     
   7.19360000000000        6.10153709269271     
   7.20490000000000        6.18297346423620     
   7.21619000000000        6.18112028296744     
   7.22748000000000        5.94906788719632     
   7.23877000000000        5.89009933003719     
   7.25005000000000        5.80984579393584     
   7.26133000000000        6.06432003219744     
   7.27261000000000        6.24471821529661     
   7.28388000000000        6.29212678415930     
   7.29515000000000        6.79724857485988     
   7.30642000000000        7.46147693057713     
   7.31768000000000        8.03423465439762     
   7.32894000000000        8.46890210187040     
   7.34020000000000        8.70357246205826     
   7.35146000000000        8.67888257615654     
   7.36271000000000        8.41888002361775     
   7.37396000000000        8.53656789462245     
   7.38520000000000        8.71583130338163     
   7.39644000000000        8.39435211070926     
   7.40768000000000        8.25765462919631     
   7.41892000000000        8.26085895374105     
   7.43015000000000        8.63793578597980     
   7.44138000000000        9.33275642094903     
   7.45261000000000        10.1708165580151     
   7.46383000000000        10.1174189762703     
   7.47505000000000        9.68041996803482     
   7.48626000000000        9.70661647458488     
   7.49748000000000        10.5655298968612     
   7.50869000000000        11.3999040427981     
   7.51990000000000        11.9715686394166     
   7.53110000000000        12.0261288631021     
   7.54230000000000        11.6583132247029     
   7.55350000000000        11.4783025986931     
   7.56469000000000        11.8620771885026     
   7.57588000000000        12.7202620688232     
   7.58707000000000        13.7067917489611     
   7.59826000000000        14.0083182364401     
   7.60944000000000        14.2442324852992     
   7.62062000000000        14.6274391524752     
   7.63179000000000        15.2966740187042     
   7.64296000000000        15.8838282021665     
   7.65413000000000        15.9281309466961     
   7.66530000000000        14.0031947094031     
   7.67646000000000        12.1176107366668     
   7.68762000000000        11.5560501467990     
   7.69878000000000        11.9399006857676     
   7.70993000000000        13.2078853747178     
   7.72108000000000        14.4525894034574     
   7.73223000000000        15.3360208653199     
   7.74337000000000        15.3338710827580     
   7.75451000000000        16.0875675732431     
   7.76565000000000        17.3723859010616     
   7.77678000000000        18.2505364374322     
   7.78791000000000        18.2463925626174     
   7.79904000000000        18.0138286845760     
   7.81017000000000        18.2882009333879     
   7.82129000000000        19.0632668331161     
   7.83241000000000        20.1636563809866     
   7.84352000000000        21.0482517625065     
   7.85463000000000        21.1633330510356     
   7.86574000000000        19.3251547276031     
   7.87685000000000        16.9889042773070     
   7.88795000000000        15.7596855962193     
   7.89905000000000        15.8800712756876     
   7.91015000000000        16.7755320612288     
   7.92124000000000        17.3117065256126     
   7.93233000000000        17.8250909066933     
   7.94342000000000        18.1769359549165     
   7.95450000000000        18.3174294717680     
   7.96558000000000        18.7384622340915     
   7.97666000000000        19.4340988574058     
   7.98773000000000        19.6155296176981     
   7.99880000000000        18.6930774548047     
   8.00987000000000        17.2070357218745     
   8.02093000000000        16.8414281469239     
   8.03200000000000        17.4010681238115     
   8.04305000000000        18.9672973129640     
   8.05411000000000        20.3837549085306     
   8.06516000000000        21.4699445503203     
   8.07621000000000        22.3365930364666     
   8.08726000000000        22.3793281099305     
   8.09830000000000        22.5610073474617     
   8.10934000000000        23.1991865191351     
   8.12037000000000        24.5232068597938     
   8.13141000000000        25.5997746589094     
   8.14244000000000        25.9363382999957     
   8.15346000000000        26.1117785475525     
   8.16449000000000        25.9812269873142     
   8.17551000000000        25.3149578165791     
   8.18652000000000        24.3656130037942     
   8.19754000000000        23.6136094976555     
   8.20855000000000        21.8484452765476     
   8.21955000000000        18.8346576258583     
   8.23056000000000        16.0827781536832     
   8.24156000000000        15.1230625224086     
   8.25256000000000        15.5453249231264     
   8.26355000000000        16.4424293633925     
   8.27454000000000        17.6715410433942     
   8.28553000000000        18.8201170154335     
   8.29652000000000        19.5946449939647     
   8.30750000000000        20.6769269228792     
   8.31848000000000        21.9355620913805     
   8.32946000000000        23.3556216892112     
   8.34043000000000        24.3946012848647     
   8.35140000000000        24.8033664653191     
   8.36236000000000        24.6091804605526     
   8.37333000000000        23.8836379222458     
   8.38429000000000        23.8189451199053     
   8.39524000000000        24.7233334650718     
   8.40620000000000        26.1922209533617     
   8.41715000000000        27.5574168958862     
   8.42810000000000        28.8541814078725     
   8.43904000000000        29.7110144403313     
   8.44998000000000        28.8629690507327     
   8.46092000000000        26.5369305707752     
   8.47185000000000        25.1052672467678     
   8.48278000000000        25.2710588733998     
   8.49371000000000        26.3316491283838     
   8.50464000000000        27.8034600790787     
   8.51556000000000        29.0530421914818     
   8.52648000000000        29.4974315349762     
   8.53739000000000        28.5993089992137     
   8.54831000000000        28.0272066162740     
   8.55922000000000        28.3544449629937     
   8.57012000000000        29.6451094871376     
   8.58103000000000        31.2740177910183     
   8.59193000000000        33.0476662112041     
   8.60282000000000        33.5170242385617     
   8.61372000000000        32.0925365444875     
   8.62461000000000        29.9473207786338     
   8.63549000000000        28.6290768513420     
   8.64638000000000        28.8290462211273     
   8.65726000000000        30.3452663094451     
   8.66814000000000        32.7324322955697     
   8.67901000000000        35.0599481074608     
   8.68988000000000        36.2715918251161     
   8.70075000000000        36.1161993201147     
   8.71161000000000        35.5861128631479     
   8.72248000000000        35.8517754262222     
   8.73333000000000        36.9709513602234     
   8.74419000000000        38.3652363916767     
   8.75504000000000        38.9209799038495     
   8.76589000000000        38.1791311683130     
   8.77674000000000        36.1552909482062     
   8.78758000000000        34.0067364767240     
   8.79842000000000        32.3482355495186     
   8.80926000000000        31.4487451882022     
   8.82009000000000        31.1603118549908     
   8.83092000000000        30.9925209939613     
   8.84175000000000        30.8076507898238     
   8.85257000000000        29.8965879520214     
   8.86339000000000        28.2464663817000     
   8.87421000000000        25.8899960995565     
   8.88502000000000        23.7032741183921     
   8.89583000000000        22.5972407419897     
   8.90664000000000        22.3723848299058     
   8.91745000000000        22.4448818348074     
   8.92825000000000        22.6133811706907     
   8.93905000000000        22.7180615254592     
   8.94984000000000        22.7758094075586     
   8.96063000000000        22.7663052910717     
   8.97142000000000        22.6454066625813     
   8.98221000000000        22.6019866180118     
   8.99299000000000        22.6276482849388     
   9.00377000000000        22.7082453064262     
   9.01455000000000        22.8957530119062     
   9.02532000000000        22.7160563820587     
   9.03609000000000        21.7177770168367     
   9.04686000000000        20.2690369500553     
   9.05762000000000        18.7632448936062     
   9.06838000000000        17.7806706898135     
   9.07914000000000        17.2082912153071     
   9.08989000000000        16.7068678401918     
   9.10064000000000        16.3734164947084     
   9.11139000000000        16.4165340340409     
   9.12214000000000        16.4118704499011     
   9.13288000000000        15.9154182142448     
   9.14362000000000        15.2031220462302     
   9.15435000000000        14.8144800068365     
   9.16508000000000        14.5599437341753     
   9.17581000000000        14.3385481154981     
   9.18654000000000        14.2900658432207     
   9.19726000000000        14.2169380679982     
   9.20798000000000        14.2379007913118     
   9.21870000000000        14.5088452217175     
   9.22941000000000        14.9331130426478     
   9.24012000000000        15.3190538891002     
   9.25082000000000        15.4500661597675     
   9.26153000000000        15.6210290206195     
   9.27223000000000        15.9942399939070     
   9.28293000000000        16.4577380248612     
   9.29362000000000        16.8149313776569     
   9.30431000000000        17.2313351545669     
   9.31500000000000        17.4602103578063     
   9.32568000000000        17.2208368741152     
   9.33636000000000        17.0546628513997     
   9.34704000000000        17.0478506478635     
   9.35772000000000        16.8531063951620     
   9.36839000000000        16.3638787777407     
   9.37906000000000        16.0206985411466     
   9.38972000000000        16.1244265749491     
   9.40038000000000        16.4670324738063     
   9.41104000000000        16.9894995955408     
   9.42170000000000        17.4817835181663     
   9.43235000000000        17.9439949280282     
   9.44300000000000        18.5467760731297     
   9.45365000000000        19.1240023212228     
   9.46429000000000        19.5041592409128     
   9.47493000000000        19.7478474043521     
   9.48557000000000        19.7656165481948     
   9.49620000000000        19.7902205886306     
   9.50683000000000        19.9936820222898     
   9.51746000000000        20.3273081811522     
   9.52808000000000        20.6239418378998     
   9.53871000000000        20.6781943198460     
   9.54932000000000        20.5315321997600     
   9.55994000000000        20.2192646509343     
   9.57055000000000        20.0250786570631     
   9.58116000000000        20.4643776069001     
   9.59176000000000        21.4413887955923     
   9.60237000000000        22.5212474291206     
   9.61296000000000        23.6385055783140     
   9.62356000000000        25.2237203006335     
   9.63415000000000        27.0142875611102     
   9.64474000000000        28.5020907012767     
   9.65533000000000        29.5907024466280     
   9.66591000000000        30.0613972611696     
   9.67649000000000        30.0636296515807     
   9.68707000000000        29.7415198268555     
   9.69764000000000        28.9117502420887     
   9.70821000000000        28.5925410505295     
   9.71878000000000        29.1185221860795     
   9.72934000000000        30.3973635663885     
   9.73990000000000        32.2206875395928     
   9.75046000000000        34.2905817053052     
   9.76102000000000        36.6120625253105     
   9.77157000000000        38.6493622998571     
   9.78212000000000        40.2066309521684     
   9.79266000000000        41.6674582451748     
   9.80320000000000        42.4956620606335     
   9.81374000000000        42.5032150648643     
   9.82428000000000        42.3543608340391     
   9.83481000000000        42.2779357933836     
   9.84534000000000        42.5508909500166     
   9.85586000000000        43.6065956598336     
   9.86639000000000        44.6213358029919     
   9.87691000000000        44.8645670469952     
   9.88742000000000        44.2105352833792     
   9.89794000000000        42.8952882659775     
   9.90845000000000        41.5868770318399     
   9.91895000000000        40.3557546086037     
   9.92946000000000        39.0033587043975     
   9.93996000000000        38.5928410272335     
   9.95046000000000        39.7454726789512     
   9.96095000000000        42.2474969927741     
   9.97144000000000        45.0241418489085     
   9.98193000000000        47.1093721850521     
   9.99242000000000        48.4716639221794     
   10.0029000000000        49.2567904224825     
   10.0133800000000        49.1149445758475     
   10.0238500000000        47.9225684329110     
   10.0343200000000        45.9721458614755     
   10.0447900000000        43.8580248523419     
   10.0552600000000        42.2801043260224     
   10.0657200000000        41.4450917847378     
   10.0761800000000        41.3458945468140     
   10.0866400000000        42.2097090103313     
   10.0970900000000        43.7630745197122     
   10.1075400000000        45.5779807619718     
   10.1179900000000        47.6487442505695     
   10.1284300000000        49.8095004193471     
   10.1388700000000        51.5876613182476     
   10.1493100000000        52.5280429728246     
   10.1597400000000        52.8254263366032     
   10.1701700000000        53.3222300154663     
   10.1806000000000        54.3706946859020     
   10.1910300000000        55.2043908278045     
   10.2014500000000        55.4580186821764     
   10.2118700000000        54.9009261753232     
   10.2222800000000        53.7497414112410     
   10.2326900000000        52.5037058079954     
   10.2431000000000        51.2610699726596     
   10.2535100000000        49.4562883653258     
   10.2639100000000        47.5481695163674     
   10.2743100000000        46.3242704109730     
   10.2847100000000        45.7184762549370     
   10.2951000000000        45.2966250302848     
   10.3054900000000        44.9483240099745     
   10.3158800000000        44.6135910710120     
   10.3262600000000        44.3554359962492     
   10.3366400000000        44.0680164078327     
   10.3470200000000        43.5565873415188     
   10.3573900000000        42.9671263217850     
   10.3677600000000        42.1644979136724     
   10.3781300000000        40.7560618484098     
   10.3884900000000        38.5944978556122     
   10.3988600000000        35.6373474273610     
   10.4092100000000        32.5742412470146     
   10.4195700000000        30.0780788500801     
   10.4299200000000        28.4270700191102     
   10.4402700000000        27.4891268273201     
   10.4506100000000        26.9850323546093     
   10.4609600000000        26.6898480731788     
   10.4713000000000        26.7662796738749     
   10.4816300000000        27.2626600999395     
   10.4919600000000        27.9646666650617     
   10.5022900000000        28.4850791802095     
   10.5126200000000        28.6404243949542     
   10.5229400000000        28.7267466463521     
   10.5332600000000        29.0497190398687     
   10.5435800000000        29.6193210650017     
   10.5539000000000        30.3639773419029     
   10.5642100000000        31.0057481439584     
   10.5745100000000        31.0892241433586     
   10.5848200000000        30.5519795072678     
   10.5951200000000        29.5565644948660     
   10.6054200000000        28.1503105417841     
   10.6157100000000        26.4794189067980     
   10.6260000000000        24.6351046353124     
   10.6362900000000        22.4319686736434     
   10.6465800000000        20.0244143030617     
   10.6568600000000        17.9468381603055     
   10.6671400000000        16.6843012862206     
   10.6774100000000        16.1551042346263     
   10.6876900000000        15.9864146530297     
   10.6979600000000        16.0283439762096     
   10.7082200000000        16.1831707419270     
   10.7184900000000        16.5076348377517     
   10.7287500000000        16.9635138819170     
   10.7390000000000        17.3092512814829     
   10.7492600000000        17.3457849037720     
   10.7595100000000        17.1212791259742     
   10.7697500000000        16.7796398471993     
   10.7800000000000        16.5028847346232     
   10.7902400000000        16.4028120771074     
   10.8004800000000        16.4120323613066     
   10.8107100000000        16.3690237718626     
   10.8209400000000        16.2268685382541     
   10.8311700000000        15.9291184031519     
   10.8414000000000        15.5153435642141     
   10.8516200000000        15.2356717922294     
   10.8618400000000        15.1234923051538     
   10.8720500000000        15.0805817349362     
   10.8822700000000        15.0773596802044     
   10.8924800000000        15.1597412221503     
   10.9026800000000        15.4203672368127     
   10.9128800000000        15.8379622891835     
   10.9230800000000        16.2820286423036     
   10.9332800000000        16.5927309658450     
   10.9434700000000        16.6138279056754     
   10.9536600000000        16.2657311140349     
   10.9638500000000        15.6508334629568     
   10.9740400000000        14.9763111495229     
   10.9842200000000        14.4777971101237     
   10.9943900000000        14.2132689244034     
   11.0045700000000        13.9909985921873     
   11.0147400000000        13.6621169725577     
   11.0249100000000        13.2747120272355     
   11.0350700000000        12.9284274550540     
   11.0452300000000        12.6103607222477     
   11.0553900000000        12.1942876451305     
   11.0655500000000        11.6966296951090     
   11.0757000000000        11.1679476202596     
   11.0858500000000        10.7013303951141     
   11.0960000000000        10.4066031192009     
   11.1061400000000        10.2949292413538     
   11.1162800000000        10.2596756329493     
   11.1264200000000        10.2802848557325     
   11.1365500000000        10.4490495072377     
   11.1466800000000        10.7544909007535     
   11.1568100000000        11.0418242922411     
   11.1669300000000        11.2633159674703     
   11.1770500000000        11.5204502172645     
   11.1871700000000        11.8423355820453     
   11.1972800000000        12.1362220772538     
   11.2073900000000        12.2913366975453     
   11.2175000000000        12.4079361306467     
   11.2276100000000        12.6607938877484     
   11.2377100000000        13.0780733547724     
   11.2478100000000        13.6432365367064     
   11.2579000000000        14.3178944137994     
   11.2679900000000        14.9454985497059     
   11.2780800000000        15.4139613455918     
   11.2881700000000        15.8002871313040     
   11.2982500000000        16.1261909818310     
   11.3083300000000        16.3920283021513     
   11.3184100000000        16.6462178826905     
   11.3284800000000        16.9067721152983     
   11.3385500000000        17.2176311814094     
   11.3486200000000        17.5954719025946     
   11.3586800000000        17.9994031232476     
   11.3687400000000        18.3769663025529     
   11.3788000000000        18.6265901605183     
   11.3888500000000        18.6854058322764     
   11.3989000000000        18.6452064468053     
   11.4089500000000        18.5982084186844     
   11.4189900000000        18.4969578927406     
   11.4290400000000        18.1861622518687     
   11.4390700000000        17.6514866924579     
   11.4491100000000        17.1741720152196     
   11.4591400000000        16.9884945016507     
   11.4691700000000        17.0870273200319     
   11.4792000000000        17.3222275540062     
   11.4892200000000        17.5580285086171     
   11.4992400000000        17.7776368593315     
   11.5092500000000        18.0242805256439     
   11.5192700000000        18.3601428169098     
   11.5292800000000        18.7485576422105     
   11.5392800000000        19.1120300303106     
   11.5492900000000        19.4724352578484     
   11.5592900000000        19.9146132847710     
   11.5692800000000        20.4927923092676     
   11.5792800000000        21.1830029271807     
   11.5892700000000        21.8957396688284     
   11.5992600000000        22.5277771304250     
   11.6092400000000        23.0110735158427     
   11.6192200000000        23.3158377784347     
   11.6292000000000        23.5574931528709     
   11.6391700000000        23.9145897658002     
   11.6491500000000        24.4550683016820     
   11.6591200000000        25.1371127556492     
   11.6690800000000        25.8147173373822     
   11.6790400000000        26.3620751793975     
   11.6890000000000        26.8369313705024     
   11.6989600000000        27.3434331796354     
   11.7089100000000        27.9024683754340     
   11.7188600000000        28.4750772163285     
   11.7288100000000        29.0677670760606     
   11.7387500000000        29.7638213848783     
   11.7486900000000        30.5873822051469     
   11.7586300000000        31.4930224412405     
   11.7685600000000        32.3664596486799     
   11.7784900000000        33.1015253785387     
   11.7884200000000        33.6970663984584     
   11.7983400000000        34.1131659702175     
   11.8082600000000        34.3275006136573     
   11.8181800000000        34.3366521299296     
   11.8281000000000        34.0664313670479     
   11.8380100000000        33.5816210541360     
   11.8479200000000        33.0997232367109     
   11.8578200000000        32.8351464188950     
   11.8677200000000        32.7922636217367     
   11.8776200000000        32.7661086975171     
   11.8875200000000        32.5979279593193     
   11.8974100000000        32.2991200623852     
   11.9073000000000        31.9249832820469     
   11.9171900000000        31.5212934504262     
   11.9270700000000        31.2091691618305     
   11.9369500000000        31.0965334105738     
   11.9468300000000        31.1848167839678     
   11.9567000000000        31.3681682365167     
   11.9665700000000        31.5377508212948     
   11.9764400000000        31.7227250470987     
   11.9863000000000        32.0649372460231     
   11.9961600000000        32.6302453713524     
   12.0060200000000        33.3073395331648     
   12.0158700000000        34.0350868624081     
   12.0257300000000        34.9019729485833     
   12.0355700000000        35.9540722708669     
   12.0454200000000        37.1452330872043     
   12.0552600000000        38.4126500212225     
   12.0651000000000        39.7811072114184     
   12.0749400000000        41.2564789738258     
   12.0847700000000        42.7056532059555     
   12.0946000000000        44.0140103752637     
   12.1044200000000        45.1641786979738     
   12.1142500000000        46.2491135150184     
   12.1240700000000        47.3959584908419     
   12.1338800000000        48.5416984840938     
   12.1437000000000        49.3698572616268     
   12.1535100000000        49.6645445988789     
   12.1633100000000        49.5812806489101     
   12.1731200000000        49.4330774972297     
   12.1829200000000        49.3929206720132     
   12.1927200000000        49.5191307023993     
   12.2025100000000        49.8786669669760     
   12.2123000000000        50.4271732090660     
   12.2220900000000        50.9916531847328     
   12.2318700000000        51.4745778656075     
   12.2416600000000        51.9301367343110     
   12.2514300000000        52.3980240251224     
   12.2612100000000        52.8461105602333     
   12.2709800000000        53.1838940475757     
   12.2807500000000        53.2500355599874     
   12.2905200000000        53.0357945450654     
   12.3002800000000        52.8164913399575     
   12.3100400000000        52.8268274078882     
   12.3198000000000        53.0481214601608     
   12.3295500000000        53.2499017380408     
   12.3393000000000        53.2685335519726     
   12.3490500000000        53.2170788551305     
   12.3587900000000        53.2578716660642     
   12.3685300000000        53.3720594943940     
   12.3782700000000        53.4269012442025     
   12.3880000000000        53.3681193594467     
   12.3977300000000        53.2622673142719     
   12.4074600000000        53.1949051152184     
   12.4171800000000        53.1504521713315     
   12.4269100000000        53.1132927735159     
   12.4366200000000        53.1399579801281     
   12.4463400000000        53.2025053830000     
   12.4560500000000        53.1962319287218     
   12.4657600000000        53.0584587706237     
   12.4754700000000        52.8442844000616     
   12.4851700000000        52.6875446008966     
   12.4948700000000        52.6510459801267     
   12.5045600000000        52.6864017091246     
   12.5142600000000        52.7173442479624     
   12.5239500000000        52.7636467282559     
   12.5336300000000        52.9660056614003     
   12.5433200000000        53.4358809741144     
   12.5530000000000        54.1760719841234     
   12.5626800000000        55.1136659496678     
   12.5723500000000        56.0827456390545     
   12.5820200000000        56.9569749169798     
   12.5916900000000        57.7900903442451     
   12.6013500000000        58.6710613199212     
   12.6110100000000        59.5912218691554     
   12.6206700000000        60.5216929639849     
   12.6303300000000        61.4854951764067     
   12.6399800000000        62.5040887319739     
   12.6496300000000        63.5253312031760     
   12.6592700000000        64.5108377354105     
   12.6689200000000        65.4855780778161     
   12.6785500000000        66.4797017804033     
   12.6881900000000        67.5288779166530     
   12.6978200000000        68.6340633294564     
   12.7074500000000        69.7510774797757     
   12.7170800000000        70.8693463646891     
   12.7267000000000        72.0955759224575     
   12.7363200000000        73.5342813431999     
   12.7459400000000        75.0536694294251     
   12.7555500000000        76.3950520647485     
   12.7651600000000        77.4703201826252     
   12.7747700000000        78.3573889933387     
   12.7843800000000        79.1591980229509     
   12.7939800000000        79.9136414814979     
   12.8035800000000        80.5547419789777     
   12.8131700000000        81.0136226615867     
   12.8227600000000        81.3042892873594     
   12.8323500000000        81.5328314098671     
   12.8419400000000        81.8500290127741     
   12.8515200000000        82.3649276836933     
   12.8611000000000        83.1257955372637     
   12.8706700000000        84.1146073338880     
   12.8802500000000        85.2391318460202     
   12.8898100000000        86.3224423864952     
   12.8993800000000        87.2090514344272     
   12.9089400000000        87.9228909857136     
   12.9185000000000        88.6134619318416     
   12.9280600000000        89.3230091795426     
   12.9376100000000        89.9498915685332     
   12.9471700000000        90.3893052097667     
   12.9567100000000        90.6211898386006     
   12.9662600000000        90.6794217230325     
   12.9758000000000        90.6148465438186     
   12.9853400000000        90.5520224828499     
   12.9948700000000        90.6702432987457     
   13.0044000000000        91.0673129038975     
   13.0139300000000        91.7351179703864     
   13.0234600000000        92.5782342085616     
   13.0329800000000        93.3949923886216     
   13.0425000000000        93.9781266328587     
   13.0520100000000        94.2540142191155     
   13.0615200000000        94.3222342846222     
   13.0710300000000        94.3843226988700     
   13.0805400000000        94.5939574253644     
   13.0900400000000        94.8919970351342     
   13.0995400000000        95.0449238916908     
   13.1090400000000        94.9719387538853     
   13.1185300000000        94.8725161461623     
   13.1280200000000        94.8859223002070     
   13.1375100000000        94.8899126781991     
   13.1469900000000        94.6873514410324     
   13.1564700000000        94.1762981505625     
   13.1659500000000        93.4075741552974     
   13.1754300000000        92.5958000496984     
   13.1849000000000        92.0088002692166     
   13.1943700000000        91.7873684953089     
   13.2038300000000        91.8581484447080     
   13.2132900000000        92.0031834519029     
   13.2227500000000        92.0255360482274     
   13.2322100000000        91.8188476758794     
   13.2416600000000        91.3197124990849     
   13.2511100000000        90.5628585691655     
   13.2605500000000        89.7289190896043     
   13.2700000000000        89.0512423577277     
   13.2794400000000        88.7363813811681     
   13.2888700000000        88.8912214230141     
   13.2983100000000        89.4531657511644     
   13.3077400000000        90.2304688379752     
   13.3171600000000        91.0481259703561     
   13.3265900000000        91.7809640648357     
   13.3360100000000        92.3166459771275     
   13.3454300000000        92.5929364409582     
   13.3548400000000        92.6237601367072     
   13.3642500000000        92.4835216023052     
   13.3736600000000        92.2367294609384     
   13.3830600000000        91.8592714793179     
   13.3924700000000        91.2870161669327     
   13.4018600000000        90.5277232393410     
   13.4112600000000        89.6804064955115     
   13.4206500000000        88.8988797812201     
   13.4300400000000        88.3156259356152     
   13.4394300000000        87.9854989896183     
   13.4488100000000        87.8846513927266     
   13.4581900000000        87.9655134305389     
   13.4675600000000        88.1738095000950     
   13.4769400000000        88.4645992126086     
   13.4863100000000        88.8788008377251     
   13.4956700000000        89.5428065221577     
   13.5050400000000        90.5754550166295     
   13.5144000000000        91.9874057593398     
   13.5237600000000        93.6400336546048     
   13.5331100000000        95.2992900368583     
   13.5424600000000        96.7981697264372     
   13.5518100000000        98.1533972607795     
   13.5611500000000        99.5058134010314     
   13.5704900000000        100.977385217172     
   13.5798300000000        102.567228578158     
   13.5891700000000        104.127061216219     
   13.5985000000000        105.448470017571     
   13.6078300000000        106.408590478069     
   13.6171500000000        107.000974673078     
   13.6264800000000        107.273991290768     
   13.6358000000000        107.306835085414     
   13.6451100000000        107.234106202913     
   13.6544200000000        107.212414383597     
   13.6637300000000        107.379272800489     
   13.6730400000000        107.823629735395     
   13.6823400000000        108.564513744065     
   13.6916400000000        109.561485078393     
   13.7009400000000        110.690887189737     
   13.7102400000000        111.750588993556     
   13.7195300000000        112.604475525901     
   13.7288100000000        113.278755251616     
   13.7381000000000        113.826587920810     
   13.7473800000000        114.190176750615     
   13.7566600000000        114.251995767676     
   13.7659300000000        113.932683780600     
   13.7752000000000        113.251877675453     
   13.7844700000000        112.330644860882     
   13.7937400000000        111.280452395729     
   13.8030000000000        110.117501947473     
   13.8122600000000        108.838307510184     
   13.8215200000000        107.487000432821     
   13.8307700000000        106.110119059354     
   13.8400200000000        104.749038980030     
   13.8492600000000        103.482450922656     
   13.8585100000000        102.396261555624     
   13.8677500000000        101.516391696050     
   13.8769800000000        100.753216355780     
   13.8862200000000        99.9845516330505     
   13.8954500000000        99.1813870936069     
   13.9046800000000        98.4138353508952     
   13.9139000000000        97.7855774446091     
   13.9231200000000        97.3317260723083     
   13.9323400000000        96.9667654216671     
   13.9415500000000        96.5450923344467     
   13.9507700000000        95.9850470410758     
   13.9599700000000        95.3465024184197     
   13.9691800000000        94.7503450071174     
   13.9783800000000        94.2240825881207     
   13.9875800000000        93.6593475956287     
   13.9967800000000        92.9570466857251     
   14.0059700000000        92.1234649156281     
   14.0151600000000        91.2301517347330     
   14.0243400000000        90.3715490036884     
   14.0335300000000        89.6205059597984     
   14.0427100000000        88.9892609780459     
   14.0518800000000        88.4278068771447     
   14.0610600000000        87.8615254034327     
   14.0702300000000        87.2168856609729     
   14.0794000000000        86.4237747123298     
   14.0885600000000        85.4275565074872     
   14.0977200000000        84.2266462579183     
   14.1068800000000        82.9103168972945     
   14.1160300000000        81.6004240437401     
   14.1251800000000        80.3580888987081     
   14.1343300000000        79.1967857811384     
   14.1434800000000        78.1363259221496     
   14.1526200000000        77.2090349940707     
   14.1617600000000        76.4358127295182     
   14.1708900000000        75.8336475599056     
   14.1800300000000        75.4032511801059     
   14.1891500000000        75.0957290144383     
   14.1982800000000        74.8060724536999     
   14.2074000000000        74.4267254202953     
   14.2165200000000        73.8990842479684     
   14.2256400000000        73.2416654874383     
   14.2347500000000        72.5302734858722     
   14.2438600000000        71.8451486548074     
   14.2529700000000        71.2534736526846     
   14.2620700000000        70.8331585073476     
   14.2711800000000        70.6791561037052     
   14.2802700000000        70.8575324445878     
   14.2893700000000        71.3571006741924     
   14.2984600000000        72.0985697800835     
   14.3075500000000        72.9706561696661     
   14.3166300000000        73.8558049672503     
   14.3257100000000        74.6675747899250     
   14.3347900000000        75.3630613110661     
   14.3438700000000        75.9219209764423     
   14.3529400000000        76.3405364240986     
   14.3620100000000        76.6574501417768     
   14.3710700000000        76.9210915970004     
   14.3801400000000        77.1495045635973     
   14.3892000000000        77.3699989982286     
   14.3982500000000        77.6473432171776     
   14.4073100000000        78.0163458753806     
   14.4163600000000        78.4348472130980     
   14.4254000000000        78.8363312363346     
   14.4344500000000        79.1912818630488     
   14.4434900000000        79.5102869614298     
   14.4525200000000        79.8141697705014     
   14.4615600000000        80.1004422320718     
   14.4705900000000        80.3323383603787     
   14.4796200000000        80.4463231156420     
   14.4886400000000        80.3693267227770     
   14.4976600000000        80.0720274000388     
   14.5066800000000        79.6076794073419     
   14.5157000000000        79.0796489027287     
   14.5247100000000        78.5815587667197     
   14.5337200000000        78.1671497809385     
   14.5427200000000        77.8445008662443     
   14.5517300000000        77.5576871663838     
   14.5607300000000        77.2049337288623     
   14.5697200000000        76.7253440089737     
   14.5787100000000        76.1732507881192     
   14.5877000000000        75.6740204443068     
   14.5966900000000        75.3169850239704     
   14.6056700000000        75.1190940966724     
   14.6146600000000        75.0772003292143     
   14.6236300000000        75.2157621950025     
   14.6326100000000        75.5560108345347     
   14.6415800000000        76.0504130321855     
   14.6505400000000        76.5773807182606     
   14.6595100000000        77.0124812269529     
   14.6684700000000        77.3074830898165     
   14.6774300000000        77.5175422143591     
   14.6863800000000        77.7500485690751     
   14.6953400000000        78.0918528765191     
   14.7042800000000        78.5701568781114     
   14.7132300000000        79.1744426934420     
   14.7221700000000        79.8782205066131     
   14.7311100000000        80.6419770038657     
   14.7400500000000        81.3825304816779     
   14.7489800000000        81.9616034160668     
   14.7579100000000        82.2452709360691     
   14.7668400000000        82.2029135770810     
   14.7757600000000        81.9419764245724     
   14.7846800000000        81.6158351842174     
   14.7936000000000        81.3108780791523     
   14.8025100000000        81.0408965089926     
   14.8114200000000        80.8209177289273     
   14.8203300000000        80.6919031332671     
   14.8292300000000        80.6811554832322     
   14.8381300000000        80.7982097988587     
   14.8470300000000        81.0631721116645     
   14.8559300000000        81.4915798591634     
   14.8648200000000        82.0469876005738     
   14.8737100000000        82.6297260245637     
   14.8825900000000        83.1181965628124     
   14.8914700000000        83.4273522599660     
   14.9003500000000        83.5132070237375     
   14.9092300000000        83.3487884885271     
   14.9181000000000        82.9307001788543     
   14.9269700000000        82.3028953703041     
   14.9358400000000        81.5525857480042     
   14.9447000000000        80.7730386847026     
   14.9535600000000        80.0226652024929     
   14.9624200000000        79.3247339646355     
   14.9712700000000        78.6976658124068     
   14.9801200000000        78.1745767231340     
   14.9889700000000        77.7978460314438     
   14.9978100000000        77.6001961300750     
   15.0066500000000        77.5845397688549     
   15.0154900000000        77.7085504953463     
   15.0243300000000        77.8959565863941     
   15.0331600000000        78.0831699287910     
   15.0419900000000        78.2687479066747     
   15.0508100000000        78.5254869409095     
   15.0596300000000        78.9630942512065     
   15.0684500000000        79.6658623755100     
   15.0772700000000        80.6638975734031     
   15.0860800000000        81.9419250230720     
   15.0948900000000        83.4413508129381     
   15.1037000000000        85.0371543363744     
   15.1125000000000        86.5595318098530     
   15.1213000000000        87.8782173421581     
   15.1301000000000        88.9627624128728     
   15.1388900000000        89.8700855561803     
   15.1476800000000        90.6792930368510     
   15.1564700000000        91.4415566300095     
   15.1652500000000        92.1802506277404     
   15.1740300000000        92.9097638159394     
   15.1828100000000        93.6403067666140     
   15.1915800000000        94.3768590792981     
   15.2003500000000        95.1258846132708     
   15.2091200000000        95.9051935734162     
   15.2178900000000        96.7463793881090     
   15.2266500000000        97.6679617973461     
   15.2354100000000        98.6544223526890     
   15.2441600000000        99.6762084681728     
   15.2529200000000        100.748495779985     
   15.2616700000000        101.937346763024     
   15.2704100000000        103.326364667675     
   15.2791500000000        104.972132331624     
   15.2878900000000        106.888519791169     
   15.2966300000000        109.052588174380     
   15.3053600000000        111.394093939424     
   15.3140900000000        113.788285213513     
   15.3228200000000        116.069182437294     
   15.3315400000000        118.100221236783     
   15.3402600000000        119.849735478906     
   15.3489800000000        121.387460359088     
   15.3577000000000        122.830115508078     
   15.3664100000000        124.278522065038     
   15.3751200000000        125.779678144531     
   15.3838200000000        127.280651957445     
   15.3925200000000        128.625279344681     
   15.4012200000000        129.604660883677     
   15.4099200000000        130.053340984557     
   15.4186100000000        129.914527712554     
   15.4273000000000        129.238277015597     
   15.4359800000000        128.140175993020     
   15.4446700000000        126.766297908611     
   15.4533400000000        125.293346223732     
   15.4620200000000        123.881408893205     
   15.4706900000000        122.638460540635     
   15.4793600000000        121.587063819488     
   15.4880300000000        120.710161601040     
   15.4966900000000        119.997298647147     
   15.5053500000000        119.444377588840     
   15.5140100000000        119.018942315979     
   15.5226700000000        118.625819112383     
   15.5313200000000        118.129011996504     
   15.5399600000000        117.430908871908     
   15.5486100000000        116.535426854458     
   15.5572500000000        115.536629236965     
   15.5658900000000        114.540762344454     
   15.5745200000000        113.626064611099     
   15.5831600000000        112.844867473765     
   15.5917900000000        112.248390143997     
   15.6004100000000        111.865225743294     
   15.6090300000000        111.668361365394     
   15.6176500000000        111.574112517329     
   15.6262700000000        111.488701461358     
   15.6348800000000        111.355643961726     
   15.6434900000000        111.154405923552     
   15.6521000000000        110.863895718601     
   15.6607000000000        110.437999708854     
   15.6693000000000        109.818615144444     
   15.6779000000000        108.975334318731     
   15.6864900000000        107.934799197605     
   15.6950800000000        106.778379182019     
   15.7036700000000        105.627134051150     
   15.7122600000000        104.611935134320     
   15.7208400000000        103.838614801778     
   15.7294100000000        103.352944749209     
   15.7379900000000        103.129981934802     
   15.7465600000000        103.094018476469     
   15.7551300000000        103.155226084148     
   15.7637000000000        103.249535333761     
   15.7722600000000        103.354980448345     
   15.7808200000000        103.479953952362     
   15.7893700000000        103.635247054991     
   15.7979300000000        103.814089682585     
   15.8064700000000        103.991057626510     
   15.8150200000000        104.140102057392     
   15.8235600000000        104.240921123684     
   15.8321000000000        104.278279700721     
   15.8406400000000        104.246769425928     
   15.8491800000000        104.160320329711     
   15.8577100000000        104.045277076499     
   15.8662300000000        103.926211856118     
   15.8747600000000        103.826245153816     
   15.8832800000000        103.775414476354     
   15.8918000000000        103.806941239218     
   15.9003100000000        103.944911240443     
   15.9088200000000        104.193015825383     
   15.9173300000000        104.533112404925     
   15.9258400000000        104.939341410091     
   15.9343400000000        105.398065797110     
   15.9428400000000        105.914980076292     
   15.9513300000000        106.498014947659     
   15.9598300000000        107.145328906289     
   15.9683100000000        107.842029851741     
   15.9768000000000        108.584499173420     
   15.9852800000000        109.384710282999     
   15.9937600000000        110.276751581849     
   16.0022400000000        111.298333563508     
   16.0107100000000        112.467663948350     
   16.0191800000000        113.767159800429     
   16.0276500000000        115.130859383196     
   16.0361200000000        116.457877257904     
   16.0445800000000        117.639698518077     
   16.0530300000000        118.587559435663     
   16.0614900000000        119.241527315778     
   16.0699400000000        119.567940408150     
   16.0783900000000        119.563051294596     
   16.0868300000000        119.235553415465     
   16.0952800000000        118.584574299331     
   16.1037100000000        117.596957910465     
   16.1121500000000        116.254768238642     
   16.1205800000000        114.577070222644     
   16.1290100000000        112.624167981923     
   16.1374400000000        110.487404390484     
   16.1458600000000        108.257939733191     
   16.1542800000000        105.998068244690     
   16.1627000000000        103.750470444398     
   16.1711100000000        101.549537976845     
   16.1795200000000        99.4216085938185     
   16.1879300000000        97.3962765317772     
   16.1963300000000        95.5055542613946     
   16.2047300000000        93.7728398231172     
   16.2131300000000        92.2124876575103     
   16.2215200000000        90.8194279941780     
   16.2299100000000        89.5577343690192     
   16.2383000000000        88.3698559447639     
   16.2466900000000        87.1900420069747     
   16.2550700000000        85.9647753557949     
   16.2634500000000        84.6616407739931     
   16.2718200000000        83.2798269568307     
   16.2802000000000        81.8387270720634     
   16.2885600000000        80.3786047417672     
   16.2969300000000        78.9220470775639     
   16.3052900000000        77.4795448350844     
   16.3136500000000        76.0402495012015     
   16.3220100000000        74.5968980160753     
   16.3303600000000        73.1604908020055     
   16.3387100000000        71.7560767631107     
   16.3470600000000        70.4181378126194     
   16.3554000000000        69.1785873243981     
   16.3637400000000        68.0542320239863     
   16.3720800000000        67.0458989895554     
   16.3804200000000        66.1302680209444     
   16.3887500000000        65.2586353136167     
   16.3970700000000        64.3681307191474     
   16.4054000000000        63.4089267764101     
   16.4137200000000        62.3755123379159     
   16.4220400000000        61.3016828476033     
   16.4303500000000        60.2498253165021     
   16.4386700000000        59.2841365458759     
   16.4469700000000        58.4640369179610     
   16.4552800000000        57.8196552864900     
   16.4635800000000        57.3529868331337     
   16.4718800000000        57.0282251032760     
   16.4801800000000        56.7885688889702     
   16.4884700000000        56.5835643036363     
   16.4967600000000        56.3926149956246     
   16.5050500000000        56.2269362668187     
   16.5133300000000        56.1098573164831     
   16.5216100000000        56.0566088843882     
   16.5298900000000        56.0691369320683     
   16.5381600000000        56.1404075463227     
   16.5464300000000        56.2603390302212     
   16.5547000000000        56.4177299951946     
   16.5629700000000        56.5980091543049     
   16.5712300000000        56.7787625858184     
   16.5794900000000        56.9294683463979     
   16.5877400000000        57.0166782403599     
   16.5959900000000        57.0144755924508     
   16.6042400000000        56.9099229477864     
   16.6124900000000        56.7011194264878     
   16.6207300000000        56.3911342776201     
   16.6289700000000        55.9829923195045     
   16.6372000000000        55.4810981798327     
   16.6454400000000        54.8892230443774     
   16.6536700000000        54.2158821229407     
   16.6618900000000        53.4727631029605     
   16.6701200000000        52.6768594178800     
   16.6783400000000        51.8582037080778     
   16.6865500000000        51.0533573555855     
   16.6947700000000        50.3007452087938     
   16.7029800000000        49.6390811714456     
   16.7111900000000        49.0940321111237     
   16.7193900000000        48.6790336022208     
   16.7275900000000        48.3931699374925     
   16.7357900000000        48.2256443228428     
   16.7439800000000        48.1571802564952     
   16.7521800000000        48.1605361328649     
   16.7603600000000        48.2028118952196     
   16.7685500000000        48.2531442507863     
   16.7767300000000        48.2954603224253     
   16.7849100000000        48.3393943998209     
   16.7930900000000        48.4181846518857     
   16.8012600000000        48.5723078385896     
   16.8094300000000        48.8279797244759     
   16.8175900000000        49.1806195739151     
   16.8257600000000        49.5932037851468     
   16.8339200000000        49.9998799843662     
   16.8420700000000        50.3216144219342     
   16.8502300000000        50.4825730861500     
   16.8583800000000        50.4284655005712     
   16.8665300000000        50.1450343524686     
   16.8746700000000        49.6610062246625     
   16.8828100000000        49.0330430486134     
   16.8909500000000        48.3238380637631     
   16.8990800000000        47.5813449876085     
   16.9072100000000        46.8236274182918     
   16.9153400000000        46.0412987907142     
   16.9234700000000        45.2082379743259     
   16.9315900000000        44.3011094890686     
   16.9397100000000        43.3118168251731     
   16.9478200000000        42.2577407829329     
   16.9559400000000        41.1715159655695     
   16.9640500000000        40.1017122706727     
   16.9721500000000        39.0962686752593     
   16.9802600000000        38.1954931220273     
   16.9883600000000        37.4323598785840     
   16.9964500000000        36.8200404570946     
   17.0045500000000        36.3519755293728     
   17.0126400000000        36.0080844620213     
   17.0207200000000        35.7567443184460     
   17.0288100000000        35.5643279420605     
   17.0368900000000        35.4041879598654     
   17.0449700000000        35.2588081939831     
   17.0530400000000        35.1196155187903     
   17.0611100000000        34.9809508660480     
   17.0691800000000        34.8351136396107     
