   7.15970000000000        245.150791118796     
   7.17100000000000        248.685729762641     
   7.18231000000000        256.075044496904     
   7.19360000000000        255.915461539816     
   7.20490000000000        256.257565475048     
   7.21619000000000        255.951815218770     
   7.22748000000000        246.844185741813     
   7.23877000000000        242.970158407149     
   7.25005000000000        238.656597266883     
   7.26133000000000        243.654309189489     
   7.27261000000000        246.984706215935     
   7.28388000000000        247.505202525453     
   7.29515000000000        260.379390772803     
   7.30642000000000        278.617001316357     
   7.31768000000000        293.473024986359     
   7.32894000000000        303.966470830818     
   7.34020000000000        309.794310326490     
   7.35146000000000        315.225016313779     
   7.36271000000000        316.127529754099     
   7.37396000000000        323.101370762221     
   7.38520000000000        323.981688672594     
   7.39644000000000        309.556857236074     
   7.40768000000000        301.366839744735     
   7.41892000000000        297.424281094123     
   7.43015000000000        304.087950237791     
   7.44138000000000        317.459145966952     
   7.45261000000000        330.236909602832     
   7.46383000000000        325.055030748808     
   7.47505000000000        315.300701238835     
   7.48626000000000        314.015357851919     
   7.49748000000000        331.472186285260     
   7.50869000000000        348.044651922862     
   7.51990000000000        356.375417279898     
   7.53110000000000        350.503549927097     
   7.54230000000000        341.614465248895     
   7.55350000000000        338.394441670316     
   7.56469000000000        345.026859087605     
   7.57588000000000        358.450196587646     
   7.58707000000000        369.258638552613     
   7.59826000000000        368.333547801182     
   7.60944000000000        371.775555757286     
   7.62062000000000        383.159646941867     
   7.63179000000000        400.448914193059     
   7.64296000000000        410.003283024780     
   7.65413000000000        403.291102189661     
   7.66530000000000        361.890725119214     
   7.67646000000000        322.969065641151     
   7.68762000000000        310.155031157315     
   7.69878000000000        314.412597852386     
   7.70993000000000        330.512132967641     
   7.72108000000000        344.325825171450     
   7.73223000000000        353.649189437447     
   7.74337000000000        349.450461178977     
   7.75451000000000        358.337650688823     
   7.76565000000000        377.951776182311     
   7.77678000000000        391.086673783957     
   7.78791000000000        389.327671686256     
   7.79904000000000        383.103872618676     
   7.81017000000000        383.694713372031     
   7.82129000000000        393.489810722168     
   7.83241000000000        410.495152878742     
   7.84352000000000        426.575890205670     
   7.85463000000000        427.673503937576     
   7.86574000000000        394.376017749898     
   7.87685000000000        351.139681261933     
   7.88795000000000        327.034272533723     
   7.89905000000000        325.106420708145     
   7.91015000000000        335.419907053111     
   7.92124000000000        338.126758882854     
   7.93233000000000        343.265111481832     
   7.94342000000000        346.330688634273     
   7.95450000000000        345.150670736521     
   7.96558000000000        348.150804434718     
   7.97666000000000        356.007662116609     
   7.98773000000000        356.377129379756     
   7.99880000000000        341.244113559683     
   8.00987000000000        316.847603688436     
   8.02093000000000        309.454614897557     
   8.03200000000000        318.542785383203     
   8.04305000000000        343.689687788181     
   8.05411000000000        365.201785743505     
   8.06516000000000        382.569415679895     
   8.07621000000000        398.005228070562     
   8.08726000000000        400.367355735877     
   8.09830000000000        404.076256581788     
   8.10934000000000        413.969265875527     
   8.12037000000000        434.179320723621     
   8.13141000000000        450.112732613682     
   8.14244000000000        453.297797998424     
   8.15346000000000        454.472627826685     
   8.16449000000000        450.808129284048     
   8.17551000000000        438.288075994610     
   8.18652000000000        419.263463054701     
   8.19754000000000        403.279709210750     
   8.20855000000000        375.109102027220     
   8.21955000000000        328.891744589635     
   8.23056000000000        287.367329081314     
   8.24156000000000        273.996791978300     
   8.25256000000000        281.342318735597     
   8.26355000000000        296.049078806012     
   8.27454000000000        315.792361054486     
   8.28553000000000        334.647104920261     
   8.29652000000000        350.981560829368     
   8.30750000000000        374.820817535844     
   8.31848000000000        399.852102074970     
   8.32946000000000        426.337766205252     
   8.34043000000000        444.758727897836     
   8.35140000000000        454.148034931415     
   8.36236000000000        455.150731876737     
   8.37333000000000        450.377735249052     
   8.38429000000000        455.525212247984     
   8.39524000000000        475.700994255354     
   8.40620000000000        497.821805855358     
   8.41715000000000        513.284888952718     
   8.42810000000000        525.771643341825     
   8.43904000000000        534.276359632931     
   8.44998000000000        518.273825867133     
   8.46092000000000        480.930660071990     
   8.47185000000000        456.452786291892     
   8.48278000000000        456.008826696093     
   8.49371000000000        467.610694256846     
   8.50464000000000        485.018832839611     
   8.51556000000000        500.926558862222     
   8.52648000000000        507.380869422338     
   8.53739000000000        497.949830345421     
   8.54831000000000        493.059604190136     
   8.55922000000000        499.940114055371     
   8.57012000000000        522.076814275614     
   8.58103000000000        547.776885237119     
   8.59193000000000        572.708338165036     
   8.60282000000000        579.738174916084     
   8.61372000000000        564.946128858658     
   8.62461000000000        544.412708467359     
   8.63549000000000        534.231625695605     
   8.64638000000000        542.124188174958     
   8.65726000000000        565.344075885963     
   8.66814000000000        598.642879143685     
   8.67901000000000        631.581114486735     
   8.68988000000000        650.710436874740     
   8.70075000000000        651.706624813599     
   8.71161000000000        646.133948388854     
   8.72248000000000        650.355326198550     
   8.73333000000000        663.603917992977     
   8.74419000000000        676.512357886856     
   8.75504000000000        675.940199029237     
   8.76589000000000        660.326278219218     
   8.77674000000000        629.553965196461     
   8.78758000000000        598.021375452022     
   8.79842000000000        574.700286475848     
   8.80926000000000        562.968494765131     
   8.82009000000000        559.567881907910     
   8.83092000000000        557.830321689494     
   8.84175000000000        556.405972015481     
   8.85257000000000        544.284716637867     
   8.86339000000000        525.478272911095     
   8.87421000000000        500.567089583644     
   8.88502000000000        477.194552848643     
   8.89583000000000        466.812172640909     
   8.90664000000000        467.159634311646     
   8.91745000000000        470.224598260837     
   8.92825000000000        472.650229765454     
   8.93905000000000        473.663757728702     
   8.94984000000000        474.372325428350     
   8.96063000000000        474.774185159333     
   8.97142000000000        473.739460118182     
   8.98221000000000        474.447494956749     
   8.99299000000000        473.698708854408     
   9.00377000000000        469.905612130648     
   9.01455000000000        466.689676639133     
   9.02532000000000        460.136262656078     
   9.03609000000000        442.894207952779     
   9.04686000000000        422.325740958874     
   9.05762000000000        403.368424942826     
   9.06838000000000        390.243361760889     
   9.07914000000000        381.123994314813     
   9.08989000000000        370.944802513960     
   9.10064000000000        362.478277023218     
   9.11139000000000        360.513180809867     
   9.12214000000000        357.691227432266     
   9.13288000000000        346.890760977524     
   9.14362000000000        332.599660144794     
   9.15435000000000        326.015060597114     
   9.16508000000000        322.916732301363     
   9.17581000000000        318.638594698256     
   9.18654000000000        315.310960852335     
   9.19726000000000        310.410331777244     
   9.20798000000000        307.833024789018     
   9.21870000000000        312.028712920396     
   9.22941000000000        319.774115202271     
   9.24012000000000        325.252117144921     
   9.25082000000000        325.714856120020     
   9.26153000000000        326.760083434306     
   9.27223000000000        332.104075451963     
   9.28293000000000        339.277849530574     
   9.29362000000000        342.723230821080     
   9.30431000000000        345.673558236167     
   9.31500000000000        345.135597371204     
   9.32568000000000        337.944705943511     
   9.33636000000000        333.361685866710     
   9.34704000000000        332.640019897046     
   9.35772000000000        331.318053762015     
   9.36839000000000        325.916650724013     
   9.37906000000000        320.801868772650     
   9.38972000000000        319.632323884937     
   9.40038000000000        319.894631290658     
   9.41104000000000        322.636544233496     
   9.42170000000000        324.899105751078     
   9.43235000000000        326.128076980823     
   9.44300000000000        329.997947753958     
   9.45365000000000        335.249322578997     
   9.46429000000000        340.420305880475     
   9.47493000000000        342.983258542503     
   9.48557000000000        340.496366808789     
   9.49620000000000        336.659256870834     
   9.50683000000000        336.206623401882     
   9.51746000000000        340.375675167401     
   9.52808000000000        342.772152111496     
   9.53871000000000        338.219957767228     
   9.54932000000000        330.407737535846     
   9.55994000000000        323.270972376072     
   9.57055000000000        319.975196254651     
   9.58116000000000        325.205260402662     
   9.59176000000000        337.049538281934     
   9.60237000000000        348.159451124646     
   9.61296000000000        357.005381215005     
   9.62356000000000        372.380027694364     
   9.63415000000000        389.714643627075     
   9.64474000000000        401.005031439528     
   9.65533000000000        407.863563414850     
   9.66591000000000        409.528245782510     
   9.67649000000000        405.821362816533     
   9.68707000000000        397.356631310533     
   9.69764000000000        382.621039418032     
   9.70821000000000        375.678117212077     
   9.71878000000000        380.417516422345     
   9.72934000000000        392.923209298640     
   9.73990000000000        409.172304323461     
   9.75046000000000        425.723362290391     
   9.76102000000000        446.488580266689     
   9.77157000000000        468.117322377500     
   9.78212000000000        485.266243494066     
   9.79266000000000        500.266101967739     
   9.80320000000000        508.791795514229     
   9.81374000000000        509.140011875741     
   9.82428000000000        508.549430438915     
   9.83481000000000        508.888368973797     
   9.84534000000000        511.951113607186     
   9.85586000000000        520.102475042832     
   9.86639000000000        521.772054267170     
   9.87691000000000        512.710066491155     
   9.88742000000000        497.295870283614     
   9.89794000000000        479.380454984041     
   9.90845000000000        463.704655666229     
   9.91895000000000        448.087692922955     
   9.92946000000000        429.190837578858     
   9.93996000000000        417.636925256607     
   9.95046000000000        420.176689374076     
   9.96095000000000        436.180384436095     
   9.97144000000000        456.274901635746     
   9.98193000000000        471.503843433339     
   9.99242000000000        481.663553239852     
   10.0029000000000        486.867393789585     
   10.0133800000000        484.114892787660     
   10.0238500000000        473.408020147265     
   10.0343200000000        456.810269211926     
   10.0447900000000        439.420417400107     
   10.0552600000000        427.287877271035     
   10.0657200000000        420.282573510813     
   10.0761800000000        417.665995874176     
   10.0866400000000        422.804065097666     
   10.0970900000000        433.669413510873     
   10.1075400000000        447.743138502368     
   10.1179900000000        465.607070642410     
   10.1284300000000        484.801085481369     
   10.1388700000000        501.467665675889     
   10.1493100000000        511.368083009349     
   10.1597400000000        515.199971951263     
   10.1701700000000        520.949655147789     
   10.1806000000000        531.977260540903     
   10.1910300000000        539.737401064341     
   10.2014500000000        540.686972981811     
   10.2118700000000        534.026680918505     
   10.2222800000000        522.644268528105     
   10.2326900000000        511.054349421702     
   10.2431000000000        500.926598411357     
   10.2535100000000        487.277711885660     
   10.2639100000000        472.347186790874     
   10.2743100000000        461.580062381212     
   10.2847100000000        455.027071292757     
   10.2951000000000        450.425606164993     
   10.3054900000000        446.616243774342     
   10.3158800000000        442.949046142395     
   10.3262600000000        439.702677315111     
   10.3366400000000        436.138673275329     
   10.3470200000000        431.877862425088     
   10.3573900000000        427.842488776855     
   10.3677600000000        421.909764452406     
   10.3781300000000        410.425698309434     
   10.3884900000000        392.227822917139     
   10.3988600000000        368.210152801016     
   10.4092100000000        344.690396465815     
   10.4195700000000        326.754606440333     
   10.4299200000000        315.804903604787     
   10.4402700000000        310.470243640643     
   10.4506100000000        308.812500427785     
   10.4609600000000        308.646922198854     
   10.4713000000000        311.943135680523     
   10.4816300000000        319.883361319652     
   10.4919600000000        329.708790726527     
   10.5022900000000        336.645156199205     
   10.5126200000000        339.020196960992     
   10.5229400000000        340.789368847596     
   10.5332600000000        345.065754440286     
   10.5435800000000        352.157517649153     
   10.5539000000000        360.659654516359     
   10.5642100000000        366.015881843587     
   10.5745100000000        364.307474981999     
   10.5848200000000        356.185533415877     
   10.5951200000000        343.519927722824     
   10.6054200000000        327.798344051581     
   10.6157100000000        311.116568534849     
   10.6260000000000        293.730252523290     
   10.6362900000000        274.289012825248     
   10.6465800000000        253.589487434873     
   10.6568600000000        235.352495114956     
   10.6671400000000        223.729998967849     
   10.6774100000000        218.821714073780     
   10.6876900000000        218.306529005137     
   10.6979600000000        220.898161948579     
   10.7082200000000        225.118555652860     
   10.7184900000000        231.608695791858     
   10.7287500000000        240.612871037068     
   10.7390000000000        249.370226767034     
   10.7492600000000        255.136972276269     
   10.7595100000000        257.914546393479     
   10.7697500000000        259.392127211179     
   10.7800000000000        261.509639577129     
   10.7902400000000        264.340047211288     
   10.8004800000000        266.966941205247     
   10.8107100000000        268.843242939149     
   10.8209400000000        270.083209000027     
   10.8311700000000        270.042042576203     
   10.8414000000000        269.064439080902     
   10.8516200000000        270.017610027637     
   10.8618400000000        273.311890801141     
   10.8720500000000        276.524482389608     
   10.8822700000000        279.128353732991     
   10.8924800000000        281.941071339714     
   10.9026800000000        286.521698350089     
   10.9128800000000        293.482896016399     
   10.9230800000000        301.875842791400     
   10.9332800000000        309.814119568262     
   10.9434700000000        315.062352597056     
   10.9536600000000        316.293501944048     
   10.9638500000000        313.464872925923     
   10.9740400000000        307.723043503494     
   10.9842200000000        302.553838997919     
   10.9943900000000        300.850276197725     
   11.0045700000000        302.151171211412     
   11.0147400000000        304.350658068807     
   11.0249100000000        306.716852414347     
   11.0350700000000        309.350282742253     
   11.0452300000000        311.716640612814     
   11.0553900000000        312.143592264062     
   11.0655500000000        309.970800671303     
   11.0757000000000        306.402589830988     
   11.0858500000000        303.613320036680     
   11.0960000000000        302.973786116130     
   11.1061400000000        303.796860325322     
   11.1162800000000        304.596985468497     
   11.1264200000000        306.104290759894     
   11.1365500000000        310.417242765247     
   11.1466800000000        316.861017726626     
   11.1568100000000        322.359426952381     
   11.1669300000000        326.443527354615     
   11.1770500000000        330.433901685735     
   11.1871700000000        334.099520650529     
   11.1972800000000        337.108704286664     
   11.2073900000000        339.650492135869     
   11.2175000000000        342.577866521448     
   11.2276100000000        347.656784769580     
   11.2377100000000        355.511942195598     
   11.2478100000000        365.901903982559     
   11.2579000000000        377.392587050438     
   11.2679900000000        387.049059184229     
   11.2780800000000        393.156448210492     
   11.2881700000000        396.858408456386     
   11.2982500000000        399.424947840624     
   11.3083300000000        402.167389751778     
   11.3184100000000        406.462183407209     
   11.3284800000000        411.941072439855     
   11.3385500000000        418.282014638848     
   11.3486200000000        425.416404584627     
   11.3586800000000        432.130496325054     
   11.3687400000000        437.474154418010     
   11.3788000000000        440.725025993477     
   11.3888500000000        441.912535752563     
   11.3989000000000        442.457547297107     
   11.4089500000000        442.784672385672     
   11.4189900000000        441.812158471377     
   11.4290400000000        438.914667918314     
   11.4390700000000        434.752530070177     
   11.4491100000000        431.390821534559     
   11.4591400000000        430.794060545671     
   11.4691700000000        433.675536250880     
   11.4792000000000        439.022499849620     
   11.4892200000000        444.523483289567     
   11.4992400000000        449.416136432169     
   11.5092500000000        453.897706608992     
   11.5192700000000        458.203152860999     
   11.5292800000000        462.374786391266     
   11.5392800000000        466.668257810509     
   11.5492900000000        471.441746738296     
   11.5592900000000        477.149036341364     
   11.5692800000000        484.148918680002     
   11.5792800000000        492.443919851965     
   11.5892700000000        501.472927218103     
   11.5992600000000        509.753537758452     
   11.6092400000000        516.229788564127     
   11.6192200000000        520.860164037913     
   11.6292000000000        525.242659971690     
   11.6391700000000        531.614076274875     
   11.6491500000000        540.807209202200     
   11.6591200000000        552.562848302749     
   11.6690800000000        565.329837678980     
   11.6790400000000        577.012583650557     
   11.6890000000000        587.230963322931     
   11.6989600000000        596.612642600307     
   11.7089100000000        605.223569022184     
   11.7188600000000        612.405701013318     
   11.7288100000000        617.901189286510     
   11.7387500000000        622.549715048510     
   11.7486900000000        627.126169070562     
   11.7586300000000        632.003499094958     
   11.7685600000000        637.017964831494     
   11.7784900000000        641.300398773983     
   11.7884200000000        644.192108869561     
   11.7983400000000        645.690424495664     
   11.8082600000000        646.427255817392     
   11.8181800000000        645.913125994005     
   11.8281000000000        642.544215174146     
   11.8380100000000        636.938979587821     
   11.8479200000000        631.561157257245     
   11.8578200000000        628.542488746022     
   11.8677200000000        628.157851287024     
   11.8776200000000        628.772880191001     
   11.8875200000000        628.656270824934     
   11.8974100000000        626.752893146462     
   11.9073000000000        622.253677413463     
   11.9171900000000        615.687067836276     
   11.9270700000000        609.843818200155     
   11.9369500000000        607.270413431770     
   11.9468300000000        607.896610165343     
   11.9567000000000        609.433158106384     
   11.9665700000000        610.000443408156     
   11.9764400000000        609.863392382872     
   11.9863000000000        611.109577892785     
   11.9961600000000        615.090591513915     
   12.0060200000000        620.917312272039     
   12.0158700000000        628.234463860638     
   12.0257300000000        638.092875294176     
   12.0355700000000        650.665589142440     
   12.0454200000000        664.608134225889     
   12.0552600000000        678.444895785655     
   12.0651000000000        692.651126854326     
   12.0749400000000        707.753257226768     
   12.0847700000000        722.187844760077     
   12.0946000000000        734.620080432749     
   12.1044200000000        744.690352343363     
   12.1142500000000        752.982144050663     
   12.1240700000000        761.220480317745     
   12.1338800000000        769.797405164019     
   12.1437000000000        776.649720084465     
   12.1535100000000        780.305260958134     
   12.1633100000000        781.994106883409     
   12.1731200000000        784.053063179533     
   12.1829200000000        787.751887989264     
   12.1927200000000        793.743253238415     
   12.2025100000000        802.436650241979     
   12.2123000000000        812.359039261774     
   12.2220900000000        821.332072412606     
   12.2318700000000        828.906085674166     
   12.2416600000000        835.767821911945     
   12.2514300000000        841.449929323960     
   12.2612100000000        844.715466922930     
   12.2709800000000        844.723973390875     
   12.2807500000000        840.809559629367     
   12.2905200000000        833.903967679557     
   12.3002800000000        827.662747818523     
   12.3100400000000        825.142809516087     
   12.3198000000000        826.047030545712     
   12.3295500000000        827.242549127958     
   12.3393000000000        826.376848011360     
   12.3490500000000        824.389181411010     
   12.3587900000000        823.171273363106     
   12.3685300000000        823.045238451134     
   12.3782700000000        823.280577079903     
   12.3880000000000        823.821680774329     
   12.3977300000000        825.238839115891     
   12.4074600000000        827.645463435443     
   12.4171800000000        830.416855031723     
   12.4269100000000        833.537995726841     
   12.4366200000000        837.199631932289     
   12.4463400000000        840.269198727295     
   12.4560500000000        841.113045874628     
   12.4657600000000        838.980411029416     
   12.4754700000000        834.563409120160     
   12.4851700000000        829.460391520667     
   12.4948700000000        824.915535199094     
   12.5045600000000        821.608666622612     
   12.5142600000000        819.566450629930     
   12.5239500000000        819.087916651388     
   12.5336300000000        821.313556742437     
   12.5433200000000        826.897794163749     
   12.5530000000000        835.550731071277     
   12.5626800000000        846.515085680759     
   12.5723500000000        858.313637633316     
   12.5820200000000        869.756386581577     
   12.5916900000000        880.923954731197     
   12.6013500000000        892.205046160213     
   12.6110100000000        903.389868936848     
   12.6206700000000        914.063504956493     
   12.6303300000000        924.260095728296     
   12.6399800000000        934.607940326228     
   12.6496300000000        945.419643606309     
   12.6592700000000        956.712250443320     
   12.6689200000000        968.596516560448     
   12.6785500000000        981.052291607173     
   12.6881900000000        994.867529722192     
   12.6978200000000        1011.51042369897     
   12.7074500000000        1031.23228388247     
   12.7170800000000        1052.51756076625     
   12.7267000000000        1074.27785700846     
   12.7363200000000        1096.53976632929     
   12.7459400000000        1118.42223788296     
   12.7555500000000        1137.67327691306     
   12.7651600000000        1152.31151823011     
   12.7747700000000        1161.81467210070     
   12.7843800000000        1167.48186443597     
   12.7939800000000        1171.10877862089     
   12.8035800000000        1173.25991241774     
   12.8131700000000        1173.75359968208     
   12.8227600000000        1172.79661056436     
   12.8323500000000        1171.63486000538     
   12.8419400000000        1172.24927288775     
   12.8515200000000        1175.82931585901     
   12.8611000000000        1182.25323357985     
   12.8706700000000        1190.86542069655     
   12.8802500000000        1200.87960799520     
   12.8898100000000        1210.96233292410     
   12.8993800000000        1219.78470122120     
   12.9089400000000        1227.28803937238     
   12.9185000000000        1234.36651423378     
   12.9280600000000        1240.87793006327     
   12.9376100000000        1245.23883369954     
   12.9471700000000        1246.14495954477     
   12.9567100000000        1243.99718989890     
   12.9662600000000        1240.29837389041     
   12.9758000000000        1236.50274527197     
   12.9853400000000        1233.83359982521     
   12.9948700000000        1233.24930473093     
   13.0044000000000        1234.90753049786     
   13.0139300000000        1238.48046678674     
   13.0234600000000        1243.61370314880     
   13.0329800000000        1249.60060372295     
   13.0425000000000        1255.29313537151     
   13.0520100000000        1259.53321324851     
   13.0615200000000        1262.16779971486     
   13.0710300000000        1264.53676956533     
   13.0805400000000        1268.16091328499     
   13.0900400000000        1272.83155782274     
   13.0995400000000        1276.68884845187     
   13.1090400000000        1278.70598411804     
   13.1185300000000        1279.64008484355     
   13.1280200000000        1279.42712492876     
   13.1375100000000        1276.12018227948     
   13.1469900000000        1268.20136723930     
   13.1564700000000        1255.97748192688     
   13.1659500000000        1241.56041383624     
   13.1754300000000        1228.29928133737     
   13.1849000000000        1219.01487242338     
   13.1943700000000        1214.48202235867     
   13.2038300000000        1213.55117251125     
   13.2132900000000        1214.08048164531     
   13.2227500000000        1214.13851673008     
   13.2322100000000        1212.50904242198     
   13.2416600000000        1208.44327314917     
   13.2511100000000        1202.17360548823     
   13.2605500000000        1195.25723935950     
   13.2700000000000        1189.77717947135     
   13.2794400000000        1187.77939581261     
   13.2888700000000        1190.64579940357     
   13.2983100000000        1198.13724994282     
   13.3077400000000        1208.24569592113     
   13.3171600000000        1218.68866702460     
   13.3265900000000        1228.04475956714     
   13.3360100000000        1235.42379272371     
   13.3454300000000        1240.14879387661     
   13.3548400000000        1241.93318037439     
   13.3642500000000        1241.09428491509     
   13.3736600000000        1238.06483352656     
   13.3830600000000        1232.74225165907     
   13.3924700000000        1224.85423994211     
   13.4018600000000        1214.84716228526     
   13.4112600000000        1203.76814508714     
   13.4206500000000        1192.89218596701     
   13.4300400000000        1183.43778375327     
   13.4394300000000        1176.61244962188     
   13.4488100000000        1173.34967081978     
   13.4581900000000        1173.92925296906     
   13.4675600000000        1177.78247477685     
   13.4769400000000        1183.89710606154     
   13.4863100000000        1191.77654981144     
   13.4956700000000        1201.76378498756     
   13.5050400000000        1214.58246950592     
   13.5144000000000        1230.51182090524     
   13.5237600000000        1248.69934446297     
   13.5331100000000        1267.17506757635     
   13.5424600000000        1284.35239717001     
   13.5518100000000        1300.48746381676     
   13.5611500000000        1317.47524011472     
   13.5704900000000        1337.19678075586     
   13.5798300000000        1359.62848941721     
   13.5891700000000        1382.24387591892     
   13.5985000000000        1401.43355042317     
   13.6078300000000        1414.82615530605     
   13.6171500000000        1422.03433011254     
   13.6264800000000        1424.04699059751     
   13.6358000000000        1422.58957805721     
   13.6451100000000        1419.71450506409     
   13.6544200000000        1417.16261703739     
   13.6637300000000        1416.40719611544     
   13.6730400000000        1418.77492289803     
   13.6823400000000        1424.87205893639     
   13.6916400000000        1434.12807114397     
   13.7009400000000        1444.63246597646     
   13.7102400000000        1453.61229400360     
   13.7195300000000        1459.09674330825     
   13.7288100000000        1460.96976342541     
   13.7381000000000        1459.84028520169     
   13.7473800000000        1455.64785938802     
   13.7566600000000        1447.77375837231     
   13.7659300000000        1435.99107046833     
   13.7752000000000        1421.05517788243     
   13.7844700000000        1404.57672343874     
   13.7937400000000        1387.87605107595     
   13.8030000000000        1371.16153056559     
   13.8122600000000        1354.17254733826     
   13.8215200000000        1336.95456072790     
   13.8307700000000        1319.52357179088     
   13.8400200000000        1301.71164246723     
   13.8492600000000        1283.73391998225     
   13.8585100000000        1266.22191654416     
   13.8677500000000        1249.75458259638     
   13.8769800000000        1234.14950168685     
   13.8862200000000        1218.91006305652     
   13.8954500000000        1204.22702615629     
   13.9046800000000        1190.96034126505     
   13.9139000000000        1180.00971153126     
   13.9231200000000        1171.32788172521     
   13.9323400000000        1163.63672519203     
   13.9415500000000        1155.21564515813     
   13.9507700000000        1145.16494375087     
   13.9599700000000        1134.09674136470     
   13.9691800000000        1123.23287387580     
   13.9783800000000        1113.08422469410     
   13.9875800000000        1102.95242234540     
   13.9967800000000        1092.06195997042     
   14.0059700000000        1080.40462783324     
   14.0151600000000        1068.41055528978     
   14.0243400000000        1056.51168000098     
   14.0335300000000        1044.92321472931     
   14.0427100000000        1033.70261480465     
   14.0518800000000        1022.63855299560     
   14.0610600000000        1011.19639066597     
   14.0702300000000        998.704387781503     
   14.0794000000000        984.745232283268     
   14.0885600000000        969.641792934353     
   14.0977200000000        954.327263073371     
   14.1068800000000        939.971073957072     
   14.1160300000000        927.374882372257     
   14.1251800000000        916.535687685469     
   14.1343300000000        906.978405251445     
   14.1434800000000        898.314075518034     
   14.1526200000000        890.513271719602     
   14.1617600000000        883.746856960950     
   14.1708900000000        878.139837138881     
   14.1800300000000        873.494272119108     
   14.1891500000000        869.257832903866     
   14.1982800000000        864.702070802760     
   14.2074000000000        859.307909657502     
   14.2165200000000        852.877288363359     
   14.2256400000000        845.597317485580     
   14.2347500000000        838.005266345229     
   14.2438600000000        830.741683289532     
   14.2529700000000        824.399555690171     
   14.2620700000000        819.568630252558     
   14.2711800000000        816.809609260925     
   14.2802700000000        816.383270308388     
   14.2893700000000        817.938383801873     
   14.2984600000000        820.653413345111     
   14.3075500000000        823.629842247835     
   14.3166300000000        826.234394630850     
   14.3257100000000        828.240239322892     
   14.3347900000000        829.563932453463     
   14.3438700000000        829.907960039650     
   14.3529400000000        828.913815113760     
   14.3620100000000        826.638916168971     
   14.3710700000000        823.483538674884     
   14.3801400000000        819.734131210393     
   14.3892000000000        815.578265299566     
   14.3982500000000        811.223390141542     
   14.4073100000000        806.717289885060     
   14.4163600000000        801.925124059331     
   14.4254000000000        796.846302339993     
   14.4344500000000        791.807109041357     
   14.4434900000000        787.269160179006     
   14.4525200000000        783.476799235309     
   14.4615600000000        780.294065761560     
   14.4705900000000        777.285522909513     
   14.4796200000000        773.895064200531     
   14.4886400000000        769.619085434655     
   14.4976600000000        764.142968843731     
   14.5066800000000        757.550503758664     
   14.5157000000000        750.332496416220     
   14.5247100000000        743.123012848004     
   14.5337200000000        736.346992557641     
   14.5427200000000        730.075866059823     
   14.5517300000000        724.012609036634     
   14.5607300000000        717.849699072721     
   14.5697200000000        711.652336159960     
   14.5787100000000        705.908291842777     
   14.5877000000000        701.103348731044     
   14.5966900000000        697.287950761306     
   14.6056700000000        694.163460106632     
   14.6146600000000        691.546163595519     
   14.6236300000000        689.634687664258     
   14.6326100000000        688.683180807188     
   14.6415800000000        688.576238021184     
   14.6505400000000        688.735829534409     
   14.6595100000000        688.493096890914     
   14.6684700000000        687.492036334286     
   14.6774300000000        685.790496001833     
   14.6863800000000        683.756093549896     
   14.6953400000000        681.885329210114     
   14.7042800000000        680.586301673549     
   14.7132300000000        679.969880435450     
   14.7221700000000        679.861368974613     
   14.7311100000000        679.937524704340     
   14.7400500000000        679.825017759113     
   14.7489800000000        679.037044734040     
   14.7579100000000        676.996406937436     
   14.7668400000000        673.354168634301     
   14.7757600000000        668.266992966552     
   14.7846800000000        662.204606874121     
   14.7936000000000        655.603419426652     
   14.8025100000000        648.797946917770     
   14.8114200000000        642.132507932900     
   14.8203300000000        635.944814493010     
   14.8292300000000        630.403296061038     
   14.8381300000000        625.547859531561     
   14.8470300000000        621.499297597118     
   14.8559300000000        618.424761387761     
   14.8648200000000        616.288814084392     
   14.8737100000000        614.666955399565     
   14.8825900000000        612.890978387750     
   14.8914700000000        610.382356791328     
   14.9003500000000        606.856723989772     
   14.9092300000000        602.288761849475     
   14.9181000000000        596.841794767630     
   14.9269700000000        590.790416282543     
   14.9358400000000        584.460612716808     
   14.9447000000000        578.154845302723     
   14.9535600000000        572.067286862788     
   14.9624200000000        566.313158698677     
   14.9712700000000        561.016876531524     
   14.9801200000000        556.348852398890     
   14.9889700000000        552.513646838901     
   14.9978100000000        549.690892400563     
   15.0066500000000        547.947031685868     
   15.0154900000000        547.147016594664     
   15.0243300000000        546.938040017584     
   15.0331600000000        546.896812792614     
   15.0419900000000        546.769902979648     
   15.0508100000000        546.648046865652     
   15.0596300000000        546.898549283712     
   15.0684500000000        547.892775789152     
   15.0772700000000        549.801037152477     
   15.0860800000000        552.580174275034     
   15.0948900000000        556.014915571806     
   15.1037000000000        559.707905670675     
   15.1125000000000        563.172180355740     
   15.1213000000000        566.082062374903     
   15.1301000000000        568.441682650647     
   15.1388900000000        570.509000551446     
   15.1476800000000        572.563227762414     
   15.1564700000000        574.761601945699     
   15.1652500000000        577.179289384896     
   15.1740300000000        579.918696462039     
   15.1828100000000        583.150183795040     
   15.1915800000000        587.075766424316     
   15.2003500000000        591.880680583296     
   15.2091200000000        597.687292997877     
   15.2178900000000        604.538999275072     
   15.2266500000000        612.350786054680     
   15.2354100000000        620.928927210004     
   15.2441600000000        630.063232224070     
   15.2529200000000        639.767084207791     
   15.2616700000000        650.259781793190     
   15.2704100000000        661.914763131407     
   15.2791500000000        675.111466063162     
   15.2878900000000        690.114597310335     
   15.2966300000000        707.005016014653     
   15.3053600000000        725.572388568342     
   15.3140900000000        745.355285880413     
   15.3228200000000        765.726360058225     
   15.3315400000000        786.176556129070     
   15.3402600000000        806.617024165744     
   15.3489800000000        827.260635463410     
   15.3577000000000        848.328570245547     
   15.3664100000000        869.694838711244     
   15.3751200000000        890.783211947226     
   15.3838200000000        910.457891469146     
   15.3925200000000        927.333037903839     
   15.4012200000000        940.114583129981     
   15.4099200000000        947.987674326197     
   15.4186100000000        950.720534335166     
   15.4273000000000        948.577145781459     
   15.4359800000000        942.199962693081     
   15.4446700000000        932.573974438282     
   15.4533400000000        921.034727671345     
   15.4620200000000        908.858415865647     
   15.4706900000000        897.028614595031     
   15.4793600000000        886.025153503216     
   15.4880300000000        876.113583837199     
   15.4966900000000        867.588512721259     
   15.5053500000000        860.716058885825     
   15.5140100000000        855.512898536841     
   15.5226700000000        851.524592616050     
   15.5313200000000        847.932363431509     
   15.5399600000000        843.945324233169     
   15.5486100000000        839.137589552734     
   15.5572500000000        833.492993722575     
   15.5658900000000        827.163720410353     
   15.5745200000000        820.347865945766     
   15.5831600000000        813.240503359766     
   15.5917900000000        806.107746149576     
   15.6004100000000        799.165825407925     
   15.6090300000000        792.447477035072     
   15.6176500000000        785.770879110276     
   15.6262700000000        778.868739814056     
   15.6348800000000        771.574915540685     
   15.6434900000000        763.819087238752     
   15.6521000000000        755.520221003102     
   15.6607000000000        746.483660935096     
   15.6693000000000        736.412995474706     
   15.6779000000000        725.093007622105     
   15.6864900000000        712.542539850372     
   15.6950800000000        699.036752394459     
   15.7036700000000        685.116462067341     
   15.7122600000000        671.452203278061     
   15.7208400000000        658.685924890309     
   15.7294100000000        647.247681633366     
   15.7379900000000        637.277642030861     
   15.7465600000000        628.712395338344     
   15.7551300000000        621.287628364251     
   15.7637000000000        614.720003560513     
   15.7722600000000        608.815322796517     
   15.7808200000000        603.470217135593     
   15.7893700000000        598.631825129295     
   15.7979300000000        594.181304890555     
   15.8064700000000        589.952194710681     
   15.8150200000000        585.726267212916     
   15.8235600000000        581.361502782480     
   15.8321000000000        576.807066905472     
   15.8406400000000        572.166893249388     
   15.8491800000000        567.683981810380     
   15.8577100000000        563.647042124656     
   15.8662300000000        560.287957689410     
   15.8747600000000        557.782199381589     
   15.8832800000000        556.296713523376     
   15.8918000000000        555.946919517373     
   15.9003100000000        556.763150224076     
   15.9088200000000        558.673227172725     
   15.9173300000000        561.530308488977     
   15.9258400000000        565.175045179626     
   15.9343400000000        569.490079555831     
   15.9428400000000        574.412669466410     
   15.9513300000000        579.862413322821     
   15.9598300000000        585.761120331812     
   15.9683100000000        592.055853747486     
   15.9768000000000        598.894048583336     
   15.9852800000000        606.564878504727     
   15.9937600000000        615.471436857416     
   16.0022400000000        625.933545521789     
   16.0107100000000        638.016224299869     
   16.0191800000000        651.480698631619     
   16.0276500000000        665.761992406153     
   16.0361200000000        680.100967819893     
   16.0445800000000        693.693514980615     
   16.0530300000000        705.849432387838     
   16.0614900000000        716.057829348051     
   16.0699400000000        723.942216376374     
   16.0783900000000        729.344134961459     
   16.0868300000000        732.189139748618     
   16.0952800000000        732.388924209466     
   16.1037100000000        729.775297363142     
   16.1121500000000        724.173033844928     
   16.1205800000000        715.585702106129     
   16.1290100000000        704.263996963553     
   16.1374400000000        690.690738085129     
   16.1458600000000        675.461831150531     
   16.1542800000000        659.123192124835     
   16.1627000000000        642.200247634243     
   16.1711100000000        625.226572809459     
   16.1795200000000        608.680904094735     
   16.1879300000000        593.012646379840     
   16.1963300000000        578.603542754695     
   16.2047300000000        565.705066490053     
   16.2131300000000        554.494680718882     
   16.2215200000000        545.042519801872     
   16.2299100000000        537.224594635402     
   16.2383000000000        530.726913822052     
   16.2466900000000        525.055940965074     
   16.2550700000000        519.628230571181     
   16.2634500000000        513.867581089334     
   16.2718200000000        507.355916404008     
   16.2802000000000        499.888182538542     
   16.2885600000000        491.542396525684     
   16.2969300000000        482.469966096535     
   16.3052900000000        472.861596818667     
   16.3136500000000        462.800907063224     
   16.3220100000000        452.343042682375     
   16.3303600000000        441.591020755710     
   16.3387100000000        430.697375528014     
   16.3470600000000        419.885531647565     
   16.3554000000000        409.400358589316     
   16.3637400000000        399.420320128799     
   16.3720800000000        390.054937839026     
   16.3804200000000        381.294212881562     
   16.3887500000000        373.007399631598     
   16.3970700000000        364.974398202087     
   16.4054000000000        356.981303681636     
   16.4137200000000        348.963690183018     
   16.4220400000000        340.957840165945     
   16.4303500000000        333.116807109406     
   16.4386700000000        325.625840181418     
   16.4469700000000        318.741618963888     
   16.4552800000000        312.648793857206     
   16.4635800000000        307.490431429574     
   16.4718800000000        303.259847102548     
   16.4801800000000        299.844182559739     
   16.4884700000000        297.094433362342     
   16.4967600000000        294.894911944713     
   16.5050500000000        293.192632226094     
   16.5133300000000        291.949055947321     
   16.5216100000000        291.086903764732     
   16.5298900000000        290.488631912870     
   16.5381600000000        290.021044150326     
   16.5464300000000        289.564826013207     
   16.5547000000000        289.033731207222     
   16.5629700000000        288.371460992100     
   16.5712300000000        287.534831827448     
   16.5794900000000        286.474191351548     
   16.5877400000000        285.139152424220     
   16.5959900000000        283.491980734690     
   16.6042400000000        281.527505603014     
   16.6124900000000        279.268553893090     
   16.6207300000000        276.752714447201     
   16.6289700000000        274.011351979159     
   16.6372000000000        271.077315593216     
   16.6454400000000        267.964602021932     
   16.6536700000000        264.695235822200     
   16.6618900000000        261.289983298310     
   16.6701200000000        257.785022909442     
   16.6783400000000        254.271486647135     
   16.6865500000000        250.871546841326     
   16.6947700000000        247.723424312514     
   16.7029800000000        244.974922429900     
   16.7111900000000        242.723219347386     
   16.7193900000000        241.010709468671     
   16.7275900000000        239.807776270395     
   16.7357900000000        239.025880193274     
   16.7439800000000        238.527491804169     
   16.7521800000000        238.142469862075     
   16.7603600000000        237.699955375565     
   16.7685500000000        237.062629192279     
   16.7767300000000        236.179835381449     
   16.7849100000000        235.113126569491     
   16.7930900000000        234.028535565771     
   16.8012600000000        233.139265303963     
   16.8094300000000        232.619849374847     
   16.8175900000000        232.541083871400     
   16.8257600000000        232.839579851916     
   16.8339200000000        233.331921847589     
   16.8420700000000        233.762357495885     
   16.8502300000000        233.871328336482     
   16.8583800000000        233.468039736705     
   16.8665300000000        232.487782105147     
   16.8746700000000        231.000120530472     
   16.8828100000000        229.158309070332     
   16.8909500000000        227.131428814153     
   16.8990800000000        225.040421584451     
   16.9072100000000        222.910995337643     
   16.9153400000000        220.679163393672     
   16.9234700000000        218.227326768444     
   16.9315900000000        215.452646655475     
   16.9397100000000        212.315113237130     
   16.9478200000000        208.874845748020     
   16.9559400000000        205.259531148444     
   16.9640500000000        201.662361358315     
   16.9721500000000        198.279085217450     
   16.9802600000000        195.274427886499     
   16.9883600000000        192.774404267392     
   16.9964500000000        190.819762364489     
   17.0045500000000        189.366668481659     
   17.0126400000000        188.308728638652     
   17.0207200000000        187.487904885620     
   17.0288100000000        186.734192629220     
   17.0368900000000        185.912433999541     
   17.0449700000000        184.947657301831     
   17.0530400000000        183.834572628812     
   17.0611100000000        182.606833479333     
   17.0691800000000        181.301939054884     
