   7.15970000000000        1.04264945987256     
   7.17100000000000        1.09318449320275     
   7.18231000000000        1.16766624780513     
   7.19360000000000        1.17206106782703     
   7.20490000000000        1.20024497199434     
   7.21619000000000        1.20018191351066     
   7.22748000000000        1.15475403903107     
   7.23877000000000        1.16333415998704     
   7.25005000000000        1.16374066316057     
   7.26133000000000        1.22855061987967     
   7.27261000000000        1.25341133117424     
   7.28388000000000        1.24528444650677     
   7.29515000000000        1.38184275817455     
   7.30642000000000        1.56648740457232     
   7.31768000000000        1.72605998527151     
   7.32894000000000        1.85268022033116     
   7.34020000000000        1.91498586598361     
   7.35146000000000        1.84605883686717     
   7.36271000000000        1.68220391361939     
   7.37396000000000        1.68397021330677     
   7.38520000000000        1.78158233415720     
   7.39644000000000        1.73513362774971     
   7.40768000000000        1.73582341385930     
   7.41892000000000        1.79048829006903     
   7.43015000000000        1.93689988920278     
   7.44138000000000        2.20282078862281     
   7.45261000000000        2.53842310955900     
   7.46383000000000        2.54183358146637     
   7.47505000000000        2.38586407470091     
   7.48626000000000        2.40860185463006     
   7.49748000000000        2.72251071258165     
   7.50869000000000        3.01862713163697     
   7.51990000000000        3.24586884893011     
   7.53110000000000        3.36886248593381     
   7.54230000000000        3.28429826135110     
   7.55350000000000        3.22857567429274     
   7.56469000000000        3.38915563935229     
   7.57588000000000        3.75008838989823     
   7.58707000000000        4.23801162306363     
   7.59826000000000        4.46120902059138     
   7.60944000000000        4.56921775942715     
   7.62062000000000        4.68108257562873     
   7.63179000000000        4.87405987033128     
   7.64296000000000        5.08620941110586     
   7.65413000000000        5.18617970371267     
   7.66530000000000        4.51704059442947     
   7.67646000000000        3.85248477266717     
   7.68762000000000        3.69746817015333     
   7.69878000000000        3.89262636135774     
   7.70993000000000        4.44107702944677     
   7.72108000000000        5.01731150406619     
   7.73223000000000        5.46414724049085     
   7.74337000000000        5.51490134348480     
   7.75451000000000        5.84691679765368     
   7.76565000000000        6.37307906831933     
   7.77678000000000        6.72456481501544     
   7.78791000000000        6.72021246200986     
   7.79904000000000        6.65019583085246     
   7.81017000000000        6.80707098982906     
   7.82129000000000        7.14755890753686     
   7.83241000000000        7.60928168189992     
   7.84352000000000        7.93992686748918     
   7.85463000000000        7.99084250028750     
   7.86574000000000        7.29455639316602     
   7.87685000000000        6.41433822630373     
   7.88795000000000        5.96687554317584     
   7.89905000000000        6.07528870235619     
   7.91015000000000        6.47934266158253     
   7.92124000000000        6.73294398046504     
   7.93233000000000        6.96810570690665     
   7.94342000000000        7.14246022291254     
   7.95450000000000        7.23113716379101     
   7.96558000000000        7.45038716693031     
   7.97666000000000        7.77528779613970     
   7.98773000000000        7.85810924403227     
   7.99880000000000        7.45272844404094     
   8.00987000000000        6.82587236091138     
   8.02093000000000        6.65557643514634     
   8.03200000000000        6.84173127130375     
   8.04305000000000        7.42207567420324     
   8.05411000000000        7.96534273013772     
   8.06516000000000        8.39172551962017     
   8.07621000000000        8.72764750366870     
   8.08726000000000        8.70943712806888     
   8.09830000000000        8.72086132622038     
   8.10934000000000        8.95402108286097     
   8.12037000000000        9.47076998570519     
   8.13141000000000        9.90017072512335     
   8.14244000000000        10.0506816993671     
   8.15346000000000        10.1217557093417     
   8.16449000000000        10.0692237236767     
   8.17551000000000        9.84755335414797     
   8.18652000000000        9.57319337103418     
   8.19754000000000        9.35056705227175     
   8.20855000000000        8.67986197163509     
   8.21955000000000        7.45587283720078     
   8.23056000000000        6.28501504040904     
   8.24156000000000        5.79783792763996     
   8.25256000000000        5.86706658180668     
   8.26355000000000        6.15060111255588     
   8.27454000000000        6.56241724524708     
   8.28553000000000        6.92990775068761     
   8.29652000000000        7.10634834640897     
   8.30750000000000        7.37558602821361     
   8.31848000000000        7.75399952548659     
   8.32946000000000        8.22953537972087     
   8.34043000000000        8.62955384612008     
   8.35140000000000        8.80673581752094     
   8.36236000000000        8.68652959110414     
   8.37333000000000        8.25275161555139     
   8.38429000000000        8.06111172812639     
   8.39524000000000        8.30170330788419     
   8.40620000000000        8.87162305563429     
   8.41715000000000        9.47005797496601     
   8.42810000000000        10.1163635399851     
   8.43904000000000        10.5266102903483     
   8.44998000000000        10.2389776396542     
   8.46092000000000        9.37777736939781     
   8.47185000000000        8.90508217433719     
   8.48278000000000        9.06135360695096     
   8.49371000000000        9.59993476661804     
   8.50464000000000        10.2868815580168     
   8.51556000000000        10.8230380424105     
   8.52648000000000        10.9648310234624     
   8.53739000000000        10.4794540429675     
   8.54831000000000        10.1690364737020     
   8.55922000000000        10.2391373299964     
   8.57012000000000        10.6221865163178     
   8.58103000000000        11.1349611662388     
   8.59193000000000        11.7509067601940     
   8.60282000000000        11.8944064339021     
   8.61372000000000        11.1904874958591     
   8.62461000000000        10.1096196486297     
   8.63549000000000        9.41407504231655     
   8.64638000000000        9.40795280805616     
   8.65726000000000        9.94436851728132     
   8.66814000000000        10.9043484930005     
   8.67901000000000        11.8819588143039     
   8.68988000000000        12.3548116606281     
   8.70075000000000        12.2480944647283     
   8.71161000000000        12.0827302431530     
   8.72248000000000        12.2622532785772     
   8.73333000000000        12.7730942981601     
   8.74419000000000        13.4277608222655     
   8.75504000000000        13.7723650723601     
   8.76589000000000        13.5644480442104     
   8.77674000000000        12.8318844372121     
   8.78758000000000        12.0606540217317     
   8.79842000000000        11.4317006930402     
   8.80926000000000        11.0624843058416     
   8.82009000000000        10.9601356267811     
   8.83092000000000        10.9903649948341     
   8.84175000000000        11.0329635651286     
   8.85257000000000        10.8033309368349     
   8.86339000000000        10.1370002117294     
   8.87421000000000        9.10683003315270     
   8.88502000000000        8.18533784226992     
   8.89583000000000        7.69420206837220     
   8.90664000000000        7.50814046602106     
   8.91745000000000        7.41964306684107     
   8.92825000000000        7.49092309337377     
   8.93905000000000        7.61157713807599     
   8.94984000000000        7.66710399082361     
   8.96063000000000        7.64066907282631     
   8.97142000000000        7.58606350881500     
   8.98221000000000        7.63034040436567     
   8.99299000000000        7.79219194271929     
   9.00377000000000        7.97652623048271     
   9.01455000000000        8.13296414943731     
   9.02532000000000        8.19792002369383     
   9.03609000000000        7.99100178329831     
   9.04686000000000        7.47492297375166     
   9.05762000000000        6.75859131271852     
   9.06838000000000        6.17390277708585     
   9.07914000000000        5.80273953330582     
   9.08989000000000        5.61997452462086     
   9.10064000000000        5.68828989017609     
   9.11139000000000        6.02050353267435     
   9.12214000000000        6.38241804564709     
   9.13288000000000        6.49177598426067     
   9.14362000000000        6.42859649712451     
   9.15435000000000        6.63253580337643     
   9.16508000000000        6.89869388940728     
   9.17581000000000        7.00435890494594     
   9.18654000000000        7.02320332887733     
   9.19726000000000        6.92918629246617     
   9.20798000000000        7.01158950907639     
   9.21870000000000        7.39710109846995     
   9.22941000000000        7.94983164211988     
   9.24012000000000        8.26698449323288     
   9.25082000000000        8.23674292254408     
   9.26153000000000        8.21147798893032     
   9.27223000000000        8.29321519913617     
   9.28293000000000        8.46866944929286     
   9.29362000000000        8.56504185407054     
   9.30431000000000        8.76185614724371     
   9.31500000000000        8.94996103680840     
   9.32568000000000        8.83105900560967     
   9.33636000000000        8.71504247004873     
   9.34704000000000        8.65239290755411     
   9.35772000000000        8.49732404707661     
   9.36839000000000        8.16852327383876     
   9.37906000000000        7.92742910797574     
   9.38972000000000        8.07063214615155     
   9.40038000000000        8.43827791308164     
   9.41104000000000        8.93929699993182     
   9.42170000000000        9.48587988645263     
   9.43235000000000        10.0158603221620     
   9.44300000000000        10.6581746601899     
   9.45365000000000        11.3073500312577     
   9.46429000000000        11.9480209564553     
   9.47493000000000        12.3993540237872     
   9.48557000000000        12.4121963918070     
   9.49620000000000        12.3176484354502     
   9.50683000000000        12.4499660890607     
   9.51746000000000        12.8620747343493     
   9.52808000000000        13.0993216180974     
   9.53871000000000        12.9441280904915     
   9.54932000000000        12.5521115872801     
   9.55994000000000        12.1257642416701     
   9.57055000000000        12.0053187947750     
   9.58116000000000        12.4401278202112     
   9.59176000000000        13.2558336033928     
   9.60237000000000        13.9965906790834     
   9.61296000000000        14.5754923610319     
   9.62356000000000        15.4720424016630     
   9.63415000000000        16.4713940474321     
   9.64474000000000        17.1510128860595     
   9.65533000000000        17.5724823371194     
   9.66591000000000        17.6718138809429     
   9.67649000000000        17.5456376508698     
   9.68707000000000        17.1764351415347     
   9.69764000000000        16.4022916293584     
   9.70821000000000        16.0547875642567     
   9.71878000000000        16.3683462506452     
   9.72934000000000        17.1605130283415     
   9.73990000000000        18.2343986275890     
   9.75046000000000        19.2913798257518     
   9.76102000000000        20.5586026021465     
   9.77157000000000        21.9275632258435     
   9.78212000000000        23.0760804213496     
   9.79266000000000        24.1388718947745     
   9.80320000000000        24.8307641710411     
   9.81374000000000        25.0269910574882     
   9.82428000000000        25.1999160632872     
   9.83481000000000        25.3874951251526     
   9.84534000000000        25.6564624307383     
   9.85586000000000        26.1584715408065     
   9.86639000000000        26.2592064434932     
   9.87691000000000        25.7876032797936     
   9.88742000000000        24.9406795485676     
   9.89794000000000        23.8939766930993     
   9.90845000000000        23.0100789909619     
   9.91895000000000        22.2408665791138     
   9.92946000000000        21.3407569903281     
   9.93996000000000        20.8776752305319     
   9.95046000000000        21.2733205408578     
   9.96095000000000        22.4449524566241     
   9.97144000000000        23.7461710034115     
   9.98193000000000        24.6725430870904     
   9.99242000000000        25.2694558555901     
   10.0029000000000        25.6268215782264     
   10.0133800000000        25.5268763667059     
   10.0238500000000        24.9588681343926     
   10.0343200000000        24.1052090888906     
   10.0447900000000        23.2503787337662     
   10.0552600000000        22.6991805322051     
   10.0657200000000        22.4078508632606     
   10.0761800000000        22.3264423627544     
   10.0866400000000        22.7004668654383     
   10.0970900000000        23.4526356571750     
   10.1075400000000        24.4701478740531     
   10.1179900000000        25.7460346145605     
   10.1284300000000        27.0808064175846     
   10.1388700000000        28.2264548376455     
   10.1493100000000        28.9322794053067     
   10.1597400000000        29.3406972505969     
   10.1701700000000        29.9083654164706     
   10.1806000000000        30.7310938776593     
   10.1910300000000        31.2638209941035     
   10.2014500000000        31.3324080138920     
   10.2118700000000        30.8683663033459     
   10.2222800000000        30.0843943379193     
   10.2326900000000        29.3184406686095     
   10.2431000000000        28.7163366250400     
   10.2535100000000        27.9837365468488     
   10.2639100000000        27.2142521215920     
   10.2743100000000        26.6914477418555     
   10.2847100000000        26.3747641313596     
   10.2951000000000        26.1090111708546     
   10.3054900000000        25.8303326261364     
   10.3158800000000        25.5230219519229     
   10.3262600000000        25.1834000729079     
   10.3366400000000        24.7943842325817     
   10.3470200000000        24.3942772171244     
   10.3573900000000        24.0765169977998     
   10.3677600000000        23.7004735150920     
   10.3781300000000        23.0339740283502     
   10.3884900000000        21.9997264118425     
   10.3988600000000        20.5588976867793     
   10.4092100000000        19.1091214497846     
   10.4195700000000        17.9896534934592     
   10.4299200000000        17.2851956067348     
   10.4402700000000        16.9146800007887     
   10.4506100000000        16.7893665959765     
   10.4609600000000        16.8268235671940     
   10.4713000000000        17.1570098204297     
   10.4816300000000        17.7761289480133     
   10.4919600000000        18.4748283528237     
   10.5022900000000        18.9816641804264     
   10.5126200000000        19.2041588359006     
   10.5229400000000        19.4042732674178     
   10.5332600000000        19.7645771659027     
   10.5435800000000        20.2592065563555     
   10.5539000000000        20.8089974715740     
   10.5642100000000        21.1303104121376     
   10.5745100000000        20.8902951716512     
   10.5848200000000        20.1035786232230     
   10.5951200000000        18.9536635810403     
   10.6054200000000        17.5861624298630     
   10.6157100000000        16.1950438512113     
   10.6260000000000        14.8228412931017     
   10.6362900000000        13.3127910010332     
   10.6465800000000        11.6929484373651     
   10.6568600000000        10.2578201492734     
   10.6671400000000        9.30512836647849     
   10.6774100000000        8.82075023561159     
   10.6876900000000        8.61116453739917     
   10.6979600000000        8.58876250975897     
   10.7082200000000        8.70076889488181     
   10.7184900000000        8.97336259963708     
   10.7287500000000        9.35527700581632     
   10.7390000000000        9.68756955593060     
   10.7492600000000        9.87772135719966     
   10.7595100000000        9.92442534251935     
   10.7697500000000        9.86297361067920     
   10.7800000000000        9.81686589549531     
   10.7902400000000        9.91268182801065     
   10.8004800000000        10.0720224791620     
   10.8107100000000        10.1055724611847     
   10.8209400000000        9.97089842723675     
   10.8311700000000        9.63466504668605     
   10.8414000000000        9.13487651846167     
   10.8516200000000        8.69718853048238     
   10.8618400000000        8.40147561964114     
   10.8720500000000        8.20069560960304     
   10.8822700000000        8.05417793660698     
   10.8924800000000        7.95833967460248     
   10.9026800000000        7.95960887938453     
   10.9128800000000        8.05667685910982     
   10.9230800000000        8.22565304025800     
   10.9332800000000        8.39244360351216     
   10.9434700000000        8.44104404577907     
   10.9536600000000        8.29157381875956     
   10.9638500000000        7.99764384013762     
   10.9740400000000        7.67405841644782     
   10.9842200000000        7.40893400699535     
   10.9943900000000        7.20530225075552     
   11.0045700000000        6.97681694126728     
   11.0147400000000        6.67498894412743     
   11.0249100000000        6.35710003145992     
   11.0350700000000        6.07769505950414     
   11.0452300000000        5.80644784707702     
   11.0553900000000        5.48553501235897     
   11.0655500000000        5.14082594259813     
   11.0757000000000        4.82111809752858     
   11.0858500000000        4.56556350728913     
   11.0960000000000        4.39956195942705     
   11.1061400000000        4.32574247950637     
   11.1162800000000        4.31275309799937     
   11.1264200000000        4.36540582944993     
   11.1365500000000        4.52844216991898     
   11.1466800000000        4.80152661674057     
   11.1568100000000        5.10207330391098     
   11.1669300000000        5.34378927568226     
   11.1770500000000        5.50584989187500     
   11.1871700000000        5.62949480985323     
   11.1972800000000        5.74305671564952     
   11.2073900000000        5.83680435964332     
   11.2175000000000        5.97816767862395     
   11.2276100000000        6.22147326609999     
   11.2377100000000        6.51844108602372     
   11.2478100000000        6.82043278347764     
   11.2579000000000        7.12178684393512     
   11.2679900000000        7.39669509750285     
   11.2780800000000        7.62832036520019     
   11.2881700000000        7.88147860326670     
   11.2982500000000        8.16255793360085     
   11.3083300000000        8.42675845006289     
   11.3184100000000        8.63145628293480     
   11.3284800000000        8.73775685160444     
   11.3385500000000        8.82124285032295     
   11.3486200000000        8.99521340049022     
   11.3586800000000        9.28315783240230     
   11.3687400000000        9.60630352920380     
   11.3788000000000        9.79441500826386     
   11.3888500000000        9.72938739261615     
   11.3989000000000        9.50388948892056     
   11.4089500000000        9.26258038396588     
   11.4189900000000        9.01257680145432     
   11.4290400000000        8.66669534471557     
   11.4390700000000        8.22163169093724     
   11.4491100000000        7.82720387308228     
   11.4591400000000        7.60031082606513     
   11.4691700000000        7.52239954492716     
   11.4792000000000        7.51482417148228     
   11.4892200000000        7.54399550269062     
   11.4992400000000        7.61580554038553     
   11.5092500000000        7.71568871910394     
   11.5192700000000        7.89267125813422     
   11.5292800000000        8.17397691403442     
   11.5392800000000        8.49777633356808     
   11.5492900000000        8.84359057586356     
   11.5592900000000        9.26997118111980     
   11.5692800000000        9.82553998031206     
   11.5792800000000        10.5051770163550     
   11.5892700000000        11.2560993246537     
   11.5992600000000        11.9998860095972     
   11.6092400000000        12.6408781305762     
   11.6192200000000        13.1076517788215     
   11.6292000000000        13.4627302260248     
   11.6391700000000        13.8511481942192     
   11.6491500000000        14.3843963620745     
   11.6591200000000        15.0945449991711     
   11.6690800000000        15.8286128567665     
   11.6790400000000        16.3694332654606     
   11.6890000000000        16.7162637700773     
   11.6989600000000        17.0023512102990     
   11.7089100000000        17.3030792967883     
   11.7188600000000        17.6325594880050     
   11.7288100000000        18.0023673944875     
   11.7387500000000        18.4516892803354     
   11.7486900000000        19.0226179113202     
   11.7586300000000        19.7080760991884     
   11.7685600000000        20.4023856938822     
   11.7784900000000        20.9883782151739     
   11.7884200000000        21.4227498611846     
   11.7983400000000        21.6593727018965     
   11.8082600000000        21.7160333495147     
   11.8181800000000        21.6327271006911     
   11.8281000000000        21.3647443775948     
   11.8380100000000        20.9600668856198     
   11.8479200000000        20.6020750039358     
   11.8578200000000        20.4387849286549     
   11.8677200000000        20.4359350088174     
   11.8776200000000        20.4202822983331     
   11.8875200000000        20.2342503416850     
   11.8974100000000        19.8997020973057     
   11.9073000000000        19.5276545371649     
   11.9171900000000        19.1469486845684     
   11.9270700000000        18.7800381783716     
   11.9369500000000        18.5021678465221     
   11.9468300000000        18.4060766938195     
   11.9567000000000        18.5080778600193     
   11.9665700000000        18.6997827041774     
   11.9764400000000        18.8726545874855     
   11.9863000000000        19.0322205767869     
   11.9961600000000        19.2418705052912     
   12.0060200000000        19.4938684914726     
   12.0158700000000        19.8050478356372     
   12.0257300000000        20.2779660530896     
   12.0355700000000        20.9362067559427     
   12.0454200000000        21.7211519055205     
   12.0552600000000        22.5984697850624     
   12.0651000000000        23.5787080780133     
   12.0749400000000        24.6560683764902     
   12.0847700000000        25.7636674373697     
   12.0946000000000        26.8067558045656     
   12.1044200000000        27.7023552368765     
   12.1142500000000        28.4622309136104     
   12.1240700000000        29.1562476939961     
   12.1338800000000        29.8053855378918     
   12.1437000000000        30.3137039342862     
   12.1535100000000        30.5302132065564     
   12.1633100000000        30.4164490592120     
   12.1731200000000        30.1003148361556     
   12.1829200000000        29.7458056080034     
   12.1927200000000        29.4454407220791     
   12.2025100000000        29.2835441295474     
   12.2123000000000        29.2573200976050     
   12.2220900000000        29.2097301148415     
   12.2318700000000        29.0253106397591     
   12.2416600000000        28.7324328129600     
   12.2514300000000        28.3716561223792     
   12.2612100000000        27.9534627494414     
   12.2709800000000        27.4756353570514     
   12.2807500000000        26.8738492035517     
   12.2905200000000        26.1369700014124     
   12.3002800000000        25.3824154101314     
   12.3100400000000        24.7164920177827     
   12.3198000000000        24.1346908718452     
   12.3295500000000        23.5537652184290     
   12.3393000000000        22.9626522548826     
   12.3490500000000        22.4886401488018     
   12.3587900000000        22.2219717565909     
   12.3685300000000        22.0913040069034     
   12.3782700000000        21.9574658850420     
   12.3880000000000        21.7936491776950     
   12.3977300000000        21.7061342638112     
   12.4074600000000        21.7590426388436     
   12.4171800000000        21.8713851944422     
   12.4269100000000        21.9353499178589     
   12.4366200000000        21.9190113851623     
   12.4463400000000        21.8357205814280     
   12.4560500000000        21.7262456150070     
   12.4657600000000        21.6491797997288     
   12.4754700000000        21.6585760056343     
   12.4851700000000        21.7799003383967     
   12.4948700000000        21.9910981011536     
   12.5045600000000        22.2294760703641     
   12.5142600000000        22.4345349971375     
   12.5239500000000        22.6184034825624     
   12.5336300000000        22.8488338620373     
   12.5433200000000        23.1626306319071     
   12.5530000000000        23.5465087054688     
   12.5626800000000        23.9618111903559     
   12.5723500000000        24.3220566486454     
   12.5820200000000        24.5648938597949     
   12.5916900000000        24.7348148571284     
   12.6013500000000        24.8775428068876     
   12.6110100000000        24.9837712004242     
   12.6206700000000        25.0791711875139     
   12.6303300000000        25.2121322899198     
   12.6399800000000        25.3724136924539     
   12.6496300000000        25.4975116815442     
   12.6592700000000        25.5621330131981     
   12.6689200000000        25.6082627222098     
   12.6785500000000        25.6895978199309     
   12.6881900000000        25.8117687202502     
   12.6978200000000        25.9336198569504     
   12.7074500000000        26.0396475807693     
   12.7170800000000        26.1939554872537     
   12.7267000000000        26.4963507463936     
   12.7363200000000        26.9743324024668     
   12.7459400000000        27.5020136495144     
   12.7555500000000        27.9011127958666     
   12.7651600000000        28.1263813504047     
   12.7747700000000        28.2484445864690     
   12.7843800000000        28.3285797555101     
   12.7939800000000        28.3779237588560     
   12.8035800000000        28.3787766001546     
   12.8131700000000        28.3349908968626     
   12.8227600000000        28.2837862652508     
   12.8323500000000        28.2735023064747     
   12.8419400000000        28.3439118173576     
   12.8515200000000        28.5328745913985     
   12.8611000000000        28.8719511261488     
   12.8706700000000        29.3378979252009     
   12.8802500000000        29.8489017192049     
   12.8898100000000        30.2970503082271     
   12.8993800000000        30.6063797396966     
   12.9089400000000        30.7895230658613     
   12.9185000000000        30.9178651736850     
   12.9280600000000        31.0274594285318     
   12.9376100000000        31.1108561214777     
   12.9471700000000        31.1587909389988     
   12.9567100000000        31.1669827642341     
   12.9662600000000        31.1299695872349     
   12.9758000000000        31.0585362178617     
   12.9853400000000        31.0057235480364     
   12.9948700000000        31.0492190756623     
   13.0044000000000        31.2313581509326     
   13.0139300000000        31.5416529166800     
   13.0234600000000        31.9164277055575     
   13.0329800000000        32.2355774197330     
   13.0425000000000        32.3936682209912     
   13.0520100000000        32.3904276554603     
   13.0615200000000        32.3201106651253     
   13.0710300000000        32.2880203718638     
   13.0805400000000        32.3475960626151     
   13.0900400000000        32.4641703623627     
   13.0995400000000        32.5416438464257     
   13.1090400000000        32.5544255389107     
   13.1185300000000        32.5897906052705     
   13.1280200000000        32.6915647693605     
   13.1375100000000        32.7801430444755     
   13.1469900000000        32.7520604303584     
   13.1564700000000        32.5689717784338     
   13.1659500000000        32.2683467711335     
   13.1754300000000        31.9470902060906     
   13.1849000000000        31.7111240303742     
   13.1943700000000        31.6084412542785     
   13.2038300000000        31.6040005064945     
   13.2132900000000        31.6175285953640     
   13.2227500000000        31.5827787627521     
   13.2322100000000        31.4612618679775     
   13.2416600000000        31.2334919817913     
   13.2511100000000        30.9263448152848     
   13.2605500000000        30.6175392329547     
   13.2700000000000        30.3927643290314     
   13.2794400000000        30.3201616219708     
   13.2888700000000        30.4309770486880     
   13.2983100000000        30.6958318607366     
   13.3077400000000        31.0428912014641     
   13.3171600000000        31.4046241385127     
   13.3265900000000        31.7113439592778     
   13.3360100000000        31.8967833727803     
   13.3454300000000        31.9476003951238     
   13.3548400000000        31.9041843584857     
   13.3642500000000        31.8179694053375     
   13.3736600000000        31.7042426793084     
   13.3830600000000        31.5327004935349     
   13.3924700000000        31.2782516118758     
   13.4018600000000        30.9553473758418     
   13.4112600000000        30.5992064215589     
   13.4206500000000        30.2579105490324     
   13.4300400000000        29.9798499903887     
   13.4394300000000        29.7830104854941     
   13.4488100000000        29.6507843732619     
   13.4581900000000        29.5751609045445     
   13.4675600000000        29.5743507591030     
   13.4769400000000        29.6707630187067     
   13.4863100000000        29.8860344908287     
   13.4956700000000        30.2433255534872     
   13.5050400000000        30.7575323898969     
   13.5144000000000        31.4103334453046     
   13.5237600000000        32.1438738769317     
   13.5331100000000        32.8835315722262     
   13.5424600000000        33.5782115415418     
   13.5518100000000        34.2230221961067     
   13.5611500000000        34.8470180922327     
   13.5704900000000        35.4827812285512     
   13.5798300000000        36.1400185877382     
   13.5891700000000        36.7874684202564     
   13.5985000000000        37.3641982145969     
   13.6078300000000        37.8237089169300     
   13.6171500000000        38.1510752644732     
   13.6264800000000        38.3467487394078     
   13.6358000000000        38.4181400607630     
   13.6451100000000        38.4026877431710     
   13.6544200000000        38.3722419312979     
   13.6637300000000        38.4086979278918     
   13.6730400000000        38.5615095334632     
   13.6823400000000        38.8289255690275     
   13.6916400000000        39.1808001258052     
   13.7009400000000        39.5681708149688     
   13.7102400000000        39.9315857180749     
   13.7195300000000        40.2492472931430     
   13.7288100000000        40.5549630764410     
   13.7381000000000        40.8726732203735     
   13.7473800000000        41.1695586794081     
   13.7566600000000        41.3837334635752     
   13.7659300000000        41.4527292292980     
   13.7752000000000        41.3465597550382     
   13.7844700000000        41.0952244513620     
   13.7937400000000        40.7524523922353     
   13.8030000000000        40.3479948543777     
   13.8122600000000        39.9018665664072     
   13.8215200000000        39.4407142173200     
   13.8307700000000        38.9760245360737     
   13.8400200000000        38.5103173015043     
   13.8492600000000        38.0711753432255     
   13.8585100000000        37.7020479735245     
   13.8677500000000        37.4241882648402     
   13.8769800000000        37.2078012479496     
   13.8862200000000        37.0052163095265     
   13.8954500000000        36.7996793309920     
   13.9046800000000        36.6078172985515     
   13.9139000000000        36.4600146679411     
   13.9231200000000        36.3667180341467     
   13.9323400000000        36.2960387374591     
   13.9415500000000        36.1940559614425     
   13.9507700000000        36.0327611773002     
   13.9599700000000        35.8414083626590     
   13.9691800000000        35.6727705647432     
   13.9783800000000        35.5356266133668     
   13.9875800000000        35.3823411534053     
   13.9967800000000        35.1726035330198     
   14.0059700000000        34.9051085986020     
   14.0151600000000        34.5994365000428     
   14.0243400000000        34.2964972372181     
   14.0335300000000        34.0450376564345     
   14.0427100000000        33.8607111569030     
   14.0518800000000        33.7149438266305     
   14.0610600000000        33.5715905529184     
   14.0702300000000        33.4084059175694     
   14.0794000000000        33.1992589474879     
   14.0885600000000        32.9039266859785     
   14.0977200000000        32.4961139122380     
   14.1068800000000        31.9952755794081     
   14.1160300000000        31.4500090925312     
   14.1251800000000        30.9017883304966     
   14.1343300000000        30.3843154873490     
   14.1434800000000        29.9307024713451     
   14.1526200000000        29.5619398697922     
   14.1617600000000        29.2764723423132     
   14.1708900000000        29.0668029664683     
   14.1800300000000        28.9269100636681     
   14.1891500000000        28.8369472626951     
   14.1982800000000        28.7551519537542     
   14.2074000000000        28.6393486199775     
   14.2165200000000        28.4720236786888     
   14.2256400000000        28.2728555237355     
   14.2347500000000        28.0850420481118     
   14.2438600000000        27.9454245937738     
   14.2529700000000        27.8735578907420     
   14.2620700000000        27.8888315330762     
   14.2711800000000        28.0259981874718     
   14.2802700000000        28.3138947564542     
   14.2893700000000        28.7452251119239     
   14.2984600000000        29.2733701591964     
   14.3075500000000        29.8389309619401     
   14.3166300000000        30.3893582194055     
   14.3257100000000        30.8980236545526     
   14.3347900000000        31.3632122259325     
   14.3438700000000        31.7866468051709     
   14.3529400000000        32.1625511778236     
   14.3620100000000        32.4945726630231     
   14.3710700000000        32.7900725636431     
   14.3801400000000        33.0503758643134     
   14.3892000000000        33.2938549393840     
   14.3982500000000        33.5677580726727     
   14.4073100000000        33.9030008124835     
   14.4163600000000        34.2783819622617     
   14.4254000000000        34.6458754950773     
   14.4344500000000        34.9697911947250     
   14.4434900000000        35.2392704937888     
   14.4525200000000        35.4621068252430     
   14.4615600000000        35.6483130951388     
   14.4705900000000        35.7972037397119     
   14.4796200000000        35.8883038740011     
   14.4886400000000        35.8856566452973     
   14.4976600000000        35.7766211486367     
   14.5066800000000        35.5992893381608     
   14.5157000000000        35.4190506334965     
   14.5247100000000        35.2887610897142     
   14.5337200000000        35.2315308073451     
   14.5427200000000        35.2405642844853     
   14.5517300000000        35.2735579687292     
   14.5607300000000        35.2595197725718     
   14.5697200000000        35.1480558228800     
   14.5787100000000        34.9578920890765     
   14.5877000000000        34.7587734739512     
   14.5966900000000        34.6113232637660     
   14.6056700000000        34.5402774923349     
   14.6146600000000        34.5568892597014     
   14.6236300000000        34.6815536569156     
   14.6326100000000        34.9271825527000     
   14.6415800000000        35.2663710093966     
   14.6505400000000        35.6347757754652     
   14.6595100000000        35.9715419052042     
   14.6684700000000        36.2581999435567     
   14.6774300000000        36.5298140872252     
   14.6863800000000        36.8414850755005     
   14.6953400000000        37.2272474042664     
   14.7042800000000        37.6830279196588     
   14.7132300000000        38.1917317034169     
   14.7221700000000        38.7376506302437     
   14.7311100000000        39.3042466010352     
   14.7400500000000        39.8488023920289     
   14.7489800000000        40.2957152282163     
   14.7579100000000        40.5738916246879     
   14.7668400000000        40.6724884920845     
   14.7757600000000        40.6564060398795     
   14.7846800000000        40.6093834674099     
   14.7936000000000        40.5688832717498     
   14.8025100000000        40.5295799186473     
   14.8114200000000        40.4954604124257     
   14.8203300000000        40.4984146661824     
   14.8292300000000        40.5726323206968     
   14.8381300000000        40.7431412982255     
   14.8470300000000        41.0307569106928     
   14.8559300000000        41.4382255707459     
   14.8648200000000        41.9286681770533     
   14.8737100000000        42.4309344787426     
   14.8825900000000        42.8681011963309     
   14.8914700000000        43.1888467937788     
   14.9003500000000        43.3640721261481     
   14.9092300000000        43.3717844188317     
   14.9181000000000        43.2037081475922     
   14.9269700000000        42.8826995908931     
   14.9358400000000        42.4611382346359     
   14.9447000000000        41.9986971416217     
   14.9535600000000        41.5378931041786     
   14.9624200000000        41.1032958973031     
   14.9712700000000        40.7169125771467     
   14.9801200000000        40.4059620076067     
   14.9889700000000        40.1977107166257     
   14.9978100000000        40.1093856940682     
   15.0066500000000        40.1397959516208     
   15.0154900000000        40.2632121005255     
   15.0243300000000        40.4368300732359     
   15.0331600000000        40.6269421880039     
   15.0419900000000        40.8355858203061     
   15.0508100000000        41.1043641339182     
   15.0596300000000        41.4933913861930     
   15.0684500000000        42.0479238472706     
   15.0772700000000        42.7831883686746     
   15.0860800000000        43.6870645787742     
   15.0948900000000        44.7185535511296     
   15.1037000000000        45.7935226112723     
   15.1125000000000        46.8016331097182     
   15.1213000000000        47.6613387155566     
   15.1301000000000        48.3569015633934     
   15.1388900000000        48.9296369149077     
   15.1476800000000        49.4357774944031     
   15.1564700000000        49.9127992669611     
   15.1652500000000        50.3779389681643     
   15.1740300000000        50.8399639478715     
   15.1828100000000        51.3022645979400     
   15.1915800000000        51.7622440700153     
   15.2003500000000        52.2167300611349     
   15.2091200000000        52.6706903736588     
   15.2178900000000        53.1417730598250     
   15.2266500000000        53.6452491718418     
   15.2354100000000        54.1787978059361     
   15.2441600000000        54.7296031177729     
   15.2529200000000        55.3049075836097     
   15.2616700000000        55.9358538544121     
   15.2704100000000        56.6608739377080     
   15.2791500000000        57.5045995109805     
   15.2878900000000        58.4728287920343     
   15.2966300000000        59.5558866136222     
   15.3053600000000        60.7194935969118     
   15.3140900000000        61.8970472997453     
   15.3228200000000        62.9971266741973     
   15.3315400000000        63.9447085874779     
   15.3402600000000        64.7242265363127     
   15.3489800000000        65.3786628993749     
   15.3577000000000        65.9793581214481     
   15.3664100000000        66.5919535582539     
   15.3751200000000        67.2537764318720     
   15.3838200000000        67.9452783346764     
   15.3925200000000        68.5829808839191     
   15.4012200000000        69.0470227573204     
   15.4099200000000        69.2382474853692     
   15.4186100000000        69.1202926518258     
   15.4273000000000        68.7211404716107     
   15.4359800000000        68.1081330177824     
   15.4446700000000        67.3645327390564     
   15.4533400000000        66.5879814683442     
   15.4620200000000        65.8656037703978     
   15.4706900000000        65.2544418775391     
   15.4793600000000        64.7621144301104     
   15.4880300000000        64.3707170779269     
   15.4966900000000        64.0638193102196     
   15.5053500000000        63.8304603057576     
   15.5140100000000        63.6486648950245     
   15.5226700000000        63.4663500021154     
   15.5313200000000        63.2110696931691     
   15.5399600000000        62.8329276343588     
   15.5486100000000        62.3405119223761     
   15.5572500000000        61.7945911130221     
   15.5658900000000        61.2627751632972     
   15.5745200000000        60.7952390977732     
   15.5831600000000        60.4257805479343     
   15.5917900000000        60.1849086061107     
   15.6004100000000        60.0868967462393     
   15.6090300000000        60.1110114913454     
   15.6176500000000        60.2027884803895     
   15.6262700000000        60.3035689647585     
   15.6348800000000        60.3785364559935     
   15.6434900000000        60.4156569608117     
   15.6521000000000        60.4029418427889     
   15.6607000000000        60.3137856601838     
   15.6693000000000        60.1152774753040     
   15.6779000000000        59.7912167506606     
   15.6864900000000        59.3592274767779     
   15.6950800000000        58.8691576196878     
   15.7036700000000        58.3924841268085     
   15.7122600000000        58.0042917757336     
   15.7208400000000        57.7626133355938     
   15.7294100000000        57.6889689709239     
   15.7379900000000        57.7636074670945     
   15.7465600000000        57.9375335663902     
   15.7551300000000        58.1569640884105     
   15.7637000000000        58.3854699056174     
   15.7722600000000        58.6121871447673     
   15.7808200000000        58.8443156927980     
   15.7893700000000        59.0898872532096     
   15.7979300000000        59.3477607419425     
   15.8064700000000        59.6061111223776     
   15.8150200000000        59.8543908311115     
   15.8235600000000        60.0832277791857     
   15.8321000000000        60.2837810192880     
   15.8406400000000        60.4498814265445     
   15.8491800000000        60.5855190287790     
   15.8577100000000        60.7021232318660     
   15.8662300000000        60.8112276136404     
   15.8747600000000        60.9250531462799     
   15.8832800000000        61.0607654799423     
   15.8918000000000        61.2404374634218     
   15.9003100000000        61.4828871487050     
   15.9088200000000        61.7966877060737     
   15.9173300000000        62.1768117731742     
   15.9258400000000        62.6116716434618     
   15.9343400000000        63.0947029582935     
   15.9428400000000        63.6306933529824     
   15.9513300000000        64.2261385769760     
   15.9598300000000        64.8841423542119     
   15.9683100000000        65.5997296832081     
   15.9768000000000        66.3774218227393     
   15.9852800000000        67.2293137900168     
   15.9937600000000        68.1808111924444     
   16.0022400000000        69.2564725731879     
   16.0107100000000        70.4643314350019     
   16.0191800000000        71.7865369074011     
   16.0276500000000        73.1691081904972     
   16.0361200000000        74.5308725832371     
   16.0445800000000        75.7820937709688     
   16.0530300000000        76.8472872801359     
   16.0614900000000        77.6757573491446     
   16.0699400000000        78.2391481815316     
   16.0783900000000        78.5361864024399     
   16.0868300000000        78.5755711382050     
   16.0952800000000        78.3591981806651     
   16.1037100000000        77.8758181191179     
   16.1121500000000        77.1093257106822     
   16.1205800000000        76.0672635928399     
   16.1290100000000        74.7885652586104     
   16.1374400000000        73.3379762377168     
   16.1458600000000        71.7850700785827     
   16.1542800000000        70.1828050018600     
   16.1627000000000        68.5717896794452     
   16.1711100000000        66.9869374120602     
   16.1795200000000        65.4566243774723     
   16.1879300000000        64.0097751966352     
   16.1963300000000        62.6743072521493     
   16.2047300000000        61.4693640128496     
   16.2131300000000        60.4062962717643     
   16.2215200000000        59.4827501033515     
   16.2299100000000        58.6752856269985     
   16.2383000000000        57.9444200391110     
   16.2466900000000        57.2416008259914     
   16.2550700000000        56.5214785648480     
   16.2634500000000        55.7489094957161     
   16.2718200000000        54.9084171002788     
   16.2802000000000        54.0010224609409     
   16.2885600000000        53.0472192373707     
   16.2969300000000        52.0625590432461     
   16.3052900000000        51.0594144367594     
   16.3136500000000        50.0383970984447     
   16.3220100000000        49.0028346691780     
   16.3303600000000        47.9672168485824     
   16.3387100000000        46.9534937041805     
   16.3470600000000        45.9884931213038     
   16.3554000000000        45.0964127284143     
   16.3637400000000        44.2902064426864     
   16.3720800000000        43.5708387045199     
   16.3804200000000        42.9220217513809     
   16.3887500000000        42.3107716786416     
   16.3970700000000        41.6958937393715     
   16.4054000000000        41.0458131852172     
   16.4137200000000        40.3582701760066     
   16.4220400000000        39.6557105600394     
   16.4303500000000        38.9771355055804     
   16.4386700000000        38.3595784463947     
   16.4469700000000        37.8342466817486     
   16.4552800000000        37.4134663883429     
   16.4635800000000        37.0949467265147     
   16.4718800000000        36.8573760702123     
   16.4801800000000        36.6700795081210     
   16.4884700000000        36.5071238732755     
   16.4967600000000        36.3583996804702     
   16.5050500000000        36.2288927998502     
   16.5133300000000        36.1269785465968     
   16.5216100000000        36.0549049808315     
   16.5298900000000        36.0095663286081     
   16.5381600000000        35.9874516288718     
   16.5464300000000        35.9873323255153     
   16.5547000000000        36.0090222967384     
   16.5629700000000        36.0497397862133     
   16.5712300000000        36.1008425362810     
   16.5794900000000        36.1476009755365     
   16.5877400000000        36.1722172245260     
   16.5959900000000        36.1589091750450     
   16.6042400000000        36.0967042428555     
   16.6124900000000        35.9787469680569     
   16.6207300000000        35.8001661276027     
   16.6289700000000        35.5567418918167     
   16.6372000000000        35.2468663895612     
   16.6454400000000        34.8709143767373     
   16.6536700000000        34.4348528389031     
   16.6618900000000        33.9490318422497     
   16.6701200000000        33.4285578575748     
   16.6783400000000        32.8970037153749     
   16.6865500000000        32.3809046978182     
   16.6947700000000        31.9060960570071     
   16.7029800000000        31.4965619415985     
   16.7111900000000        31.1664675135806     
   16.7193900000000        30.9218182204817     
   16.7275900000000        30.7606962153119     
   16.7357900000000        30.6770221006374     
   16.7439800000000        30.6610945223757     
   16.7521800000000        30.6984869745665     
   16.7603600000000        30.7693363261531     
   16.7685500000000        30.8526826196916     
   16.7767300000000        30.9344244188906     
   16.7849100000000        31.0165357510400     
   16.7930900000000        31.1177633447635     
   16.8012600000000        31.2644284284872     
   16.8094300000000        31.4761220203203     
   16.8175900000000        31.7526628271045     
   16.8257600000000        32.0711493165940     
   16.8339200000000        32.3869678051002     
   16.8420700000000        32.6451361801948     
   16.8502300000000        32.7928095682119     
   16.8583800000000        32.7923660317241     
   16.8665300000000        32.6339682604931     
   16.8746700000000        32.3364013737258     
   16.8828100000000        31.9367684588918     
   16.8909500000000        31.4764865913274     
   16.8990800000000        30.9887556677107     
   16.9072100000000        30.4890411932575     
   16.9153400000000        29.9756604237422     
   16.9234700000000        29.4349003485798     
   16.9315900000000        28.8524178010055     
   16.9397100000000        28.2216904481610     
   16.9478200000000        27.5523378137415     
   16.9559400000000        26.8653955699307     
   16.9640500000000        26.1944198288250     
   16.9721500000000        25.5742836889341     
   16.9802600000000        25.0354154597561     
   16.9883600000000        24.6024525422628     
   16.9964500000000        24.2856342718601     
   17.0045500000000        24.0807285238395     
   17.0126400000000        23.9722876110511     
   17.0207200000000        23.9357235705495     
   17.0288100000000        23.9440636510182     
   17.0368900000000        23.9733879921934     
   17.0449700000000        24.0061211207848     
   17.0530400000000        24.0309564912021     
   17.0611100000000        24.0403615749011     
   17.0691800000000        24.0274679289835     
