   7.15970000000000        157.085940809965     
   7.17100000000000        159.201759544442     
   7.18231000000000        162.925896980455     
   7.19360000000000        162.663314152021     
   7.20490000000000        162.033291456251     
   7.21619000000000        161.862696580443     
   7.22748000000000        156.857794008689     
   7.23877000000000        154.627539989578     
   7.25005000000000        152.616110323084     
   7.26133000000000        155.161359835705     
   7.27261000000000        157.005607933794     
   7.28388000000000        158.084396143159     
   7.29515000000000        164.228061266526     
   7.30642000000000        173.725576261102     
   7.31768000000000        181.510168847028     
   7.32894000000000        186.987178226039     
   7.34020000000000        190.919926323012     
   7.35146000000000        197.371321634781     
   7.36271000000000        202.112224725339     
   7.37396000000000        207.745130440744     
   7.38520000000000        206.353720985052     
   7.39644000000000        197.238566044624     
   7.40768000000000        192.045210302405     
   7.41892000000000        188.313432606380     
   7.43015000000000        189.572527686579     
   7.44138000000000        193.782078629856     
   7.45261000000000        195.691239352469     
   7.46383000000000        192.061494830062     
   7.47505000000000        188.848869918453     
   7.48626000000000        187.886888639263     
   7.49748000000000        195.108954582752     
   7.50869000000000        201.978920736676     
   7.51990000000000        203.927141300139     
   7.53110000000000        198.311279798572     
   7.54230000000000        195.119977265117     
   7.55350000000000        194.949163674636     
   7.56469000000000        197.109338547703     
   7.57588000000000        200.700854345147     
   7.58707000000000        200.708977643490     
   7.59826000000000        197.956471655526     
   7.60944000000000        199.773239865005     
   7.62062000000000        206.886999625245     
   7.63179000000000        216.362657156532     
   7.64296000000000        219.116148613847     
   7.65413000000000        211.991963263415     
   7.66530000000000        194.731165435149     
   7.67646000000000        179.374910616600     
   7.68762000000000        174.001914288930     
   7.69878000000000        174.278037491850     
   7.70993000000000        175.974740281532     
   7.72108000000000        175.280393866573     
   7.73223000000000        174.169377031080     
   7.74337000000000        171.287169939809     
   7.75451000000000        172.321561349699     
   7.76565000000000        177.083336809374     
   7.77678000000000        180.289851464318     
   7.78791000000000        179.374718399372     
   7.79904000000000        177.102878514172     
   7.81017000000000        176.563576970191     
   7.82129000000000        179.228267086814     
   7.83241000000000        184.660801597187     
   7.84352000000000        191.239346038656     
   7.85463000000000        191.449921259032     
   7.86574000000000        179.887746490285     
   7.87685000000000        164.578855468642     
   7.88795000000000        155.658048395504     
   7.89905000000000        153.874244261225     
   7.91015000000000        155.570279787108     
   7.92124000000000        152.648019620344     
   7.93233000000000        151.408301935371     
   7.94342000000000        150.646341571872     
   7.95450000000000        148.700582724794     
   7.96558000000000        146.947189526945     
   7.97666000000000        146.087565165060     
   7.98773000000000        143.413816770868     
   7.99880000000000        137.595289523219     
   8.00987000000000        129.292567261463     
   8.02093000000000        126.758110082952     
   8.03200000000000        131.345809769661     
   8.04305000000000        141.482559230941     
   8.05411000000000        148.736752216363     
   8.06516000000000        154.722440823025     
   8.07621000000000        161.557917630307     
   8.08726000000000        165.440018633219     
   8.09830000000000        169.890629871597     
   8.10934000000000        174.862483554307     
   8.12037000000000        182.625011552181     
   8.13141000000000        188.180608115849     
   8.14244000000000        188.175571927368     
   8.15346000000000        187.987036335617     
   8.16449000000000        186.157383365500     
   8.17551000000000        180.080329513147     
   8.18652000000000        169.160934327623     
   8.19754000000000        159.058055655632     
   8.20855000000000        146.796604302349     
   8.21955000000000        130.955118681078     
   8.23056000000000        118.729616694464     
   8.24156000000000        117.399786587486     
   8.25256000000000        123.215362039076     
   8.26355000000000        130.726616974042     
   8.27454000000000        139.748136764491     
   8.28553000000000        148.793757936691     
   8.29652000000000        159.154266875623     
   8.30750000000000        174.109129953260     
   8.31848000000000        188.618352505123     
   8.32946000000000        202.497972069629     
   8.34043000000000        210.249319120478     
   8.35140000000000        214.155345743427     
   8.36236000000000        216.862029299484     
   8.37333000000000        220.232116050273     
   8.38429000000000        227.917461571614     
   8.39524000000000        240.299812478614     
   8.40620000000000        249.765753431711     
   8.41715000000000        254.684795350281     
   8.42810000000000        255.808668383527     
   8.43904000000000        257.454171977064     
   8.44998000000000        250.092558278166     
   8.46092000000000        233.951194767181     
   8.47185000000000        222.160779878430     
   8.48278000000000        220.084197519864     
   8.49371000000000        221.476571636077     
   8.50464000000000        224.786196042916     
   8.51556000000000        229.177552209854     
   8.52648000000000        232.491255045075     
   8.53739000000000        232.525421484530     
   8.54831000000000        233.531361929381     
   8.55922000000000        238.421025804611     
   8.57012000000000        251.240102598141     
   8.58103000000000        266.106334936651     
   8.59193000000000        279.881264767650     
   8.60282000000000        285.251312561218     
   8.61372000000000        284.239121738089     
   8.62461000000000        283.325901064385     
   8.63549000000000        284.655377721168     
   8.64638000000000        290.938684083677     
   8.65726000000000        302.531793178854     
   8.66814000000000        316.369072870284     
   8.67901000000000        329.723151067585     
   8.68988000000000        338.653568789811     
   8.70075000000000        341.016173742449     
   8.71161000000000        338.630424778668     
   8.72248000000000        339.050509918344     
   8.73333000000000        342.054285146269     
   8.74419000000000        342.962111912342     
   8.75504000000000        336.755036934593     
   8.76589000000000        326.027642164624     
   8.77674000000000        310.258678778855     
   8.78758000000000        294.689643856541     
   8.79842000000000        283.962433875318     
   8.80926000000000        279.107636809752     
   8.82009000000000        276.762699146475     
   8.83092000000000        272.977174785100     
   8.84175000000000        269.206399609512     
   8.85257000000000        260.656533490969     
   8.86339000000000        252.583860505495     
   8.87421000000000        244.111269849471     
   8.88502000000000        236.332658609245     
   8.89583000000000        233.964949481598     
   8.90664000000000        235.934510902325     
   8.91745000000000        238.854433508488     
   8.92825000000000        239.456465803769     
   8.93905000000000        238.648721848395     
   8.94984000000000        238.771078249740     
   8.96063000000000        240.171126123817     
   8.97142000000000        241.378040883305     
   8.98221000000000        241.631208228293     
   8.99299000000000        238.859196624826     
   9.00377000000000        234.334905916156     
   9.01455000000000        230.530416712751     
   9.02532000000000        223.958380869226     
   9.03609000000000        212.619894518139     
   9.04686000000000        203.596611244361     
   9.05762000000000        199.074673524978     
   9.06838000000000        197.886152849110     
   9.07914000000000        197.014889035734     
   9.08989000000000        192.533752126282     
   9.10064000000000        185.464370897882     
   9.11139000000000        180.235965608439     
   9.12214000000000        173.615570189487     
   9.13288000000000        163.657097230181     
   9.14362000000000        153.448604835061     
   9.15435000000000        145.928399420535     
   9.16508000000000        140.181787758990     
   9.17581000000000        135.498068806281     
   9.18654000000000        132.689238552993     
   9.19726000000000        129.277852296120     
   9.20798000000000        124.248859671096     
   9.21870000000000        119.935604378066     
   9.22941000000000        116.773642916265     
   9.24012000000000        116.094289141309     
   9.25082000000000        116.460405178735     
   9.26153000000000        118.076005605061     
   9.27223000000000        121.531765920274     
   9.28293000000000        124.939065665096     
   9.29362000000000        127.230547261619     
   9.30431000000000        128.688656963015     
   9.31500000000000        127.573674496499     
   9.32568000000000        124.437431896833     
   9.33636000000000        123.582225213040     
   9.34704000000000        124.902304124175     
   9.35772000000000        126.216373830384     
   9.36839000000000        126.680327686900     
   9.37906000000000        126.762123732932     
   9.38972000000000        126.754212099963     
   9.40038000000000        126.031380206372     
   9.41104000000000        125.376949198811     
   9.42170000000000        123.118717954079     
   9.43235000000000        119.833608517194     
   9.44300000000000        117.524964875136     
   9.45365000000000        116.074407135095     
   9.46429000000000        113.958270767094     
   9.47493000000000        111.977599269338     
   9.48557000000000        111.191387081179     
   9.49620000000000        110.820603140147     
   9.50683000000000        110.681457711159     
   9.51746000000000        110.593183571748     
   9.52808000000000        111.028002767644     
   9.53871000000000        111.070627806070     
   9.54932000000000        110.739778296721     
   9.55994000000000        110.690216121123     
   9.57055000000000        110.287787400753     
   9.58116000000000        110.542806513476     
   9.59176000000000        111.881561888946     
   9.60237000000000        113.863241335796     
   9.61296000000000        116.169196136810     
   9.62356000000000        120.605120566521     
   9.63415000000000        126.015064988393     
   9.64474000000000        130.243713661521     
   9.65533000000000        133.108754718268     
   9.66591000000000        134.598849337475     
   9.67649000000000        134.731696394529     
   9.68707000000000        133.902141744987     
   9.69764000000000        131.945357415633     
   9.70821000000000        131.654046987996     
   9.71878000000000        134.180972047709     
   9.72934000000000        138.965883732335     
   9.73990000000000        144.624652319212     
   9.75046000000000        150.671371681468     
   9.76102000000000        157.285057915068     
   9.77157000000000        162.704271748968     
   9.78212000000000        166.500293857800     
   9.79266000000000        169.687318402031     
   9.80320000000000        171.011804911628     
   9.81374000000000        170.117716454606     
   9.82428000000000        168.748903272884     
   9.83481000000000        167.991841373812     
   9.84534000000000        168.655877926842     
   9.85586000000000        172.023513318110     
   9.86639000000000        175.333256616154     
   9.87691000000000        175.312759991833     
   9.88742000000000        172.712713433766     
   9.89794000000000        169.598320028364     
   9.90845000000000        166.682352979064     
   9.91895000000000        162.903969246023     
   9.92946000000000        158.112720318631     
   9.93996000000000        155.568445649158     
   9.95046000000000        157.202818734868     
   9.96095000000000        162.787618900057     
   9.97144000000000        169.717715463107     
   9.98193000000000        175.011841810568     
   9.99242000000000        178.685486893992     
   10.0029000000000        181.163794475647     
   10.0133800000000        181.171465160750     
   10.0238500000000        177.943394015049     
   10.0343200000000        171.772303881696     
   10.0447900000000        164.638058669297     
   10.0552600000000        159.266032428008     
   10.0657200000000        156.595744357748     
   10.0761800000000        156.441624472915     
   10.0866400000000        159.143213059484     
   10.0970900000000        163.738529105687     
   10.1075400000000        168.767498862827     
   10.1179900000000        174.315423328152     
   10.1284300000000        180.324481449119     
   10.1388700000000        186.161632750957     
   10.1493100000000        190.050686586018     
   10.1597400000000        190.670863130766     
   10.1701700000000        191.124816792398     
   10.1806000000000        194.092169941514     
   10.1910300000000        196.959451214179     
   10.2014500000000        198.182505651221     
   10.2118700000000        197.981536377056     
   10.2222800000000        196.808068690870     
   10.2326900000000        194.986422112197     
   10.2431000000000        192.235015419258     
   10.2535100000000        186.909426073323     
   10.2639100000000        180.851569447266     
   10.2743100000000        176.987496149897     
   10.2847100000000        175.696967291629     
   10.2951000000000        175.639757155242     
   10.3054900000000        175.554553628188     
   10.3158800000000        175.120191834321     
   10.3262600000000        175.232547931223     
   10.3366400000000        175.098063084731     
   10.3470200000000        173.974442825547     
   10.3573900000000        172.617420764643     
   10.3677600000000        170.551347920607     
   10.3781300000000        166.332594533471     
   10.3884900000000        159.595094130773     
   10.3988600000000        151.126604234118     
   10.4092100000000        142.869892581017     
   10.4195700000000        136.551760330829     
   10.4299200000000        132.732261844150     
   10.4402700000000        131.029161166687     
   10.4506100000000        130.679381783626     
   10.4609600000000        130.627287342563     
   10.4713000000000        131.141202398167     
   10.4816300000000        133.162739933070     
   10.4919600000000        136.352315615254     
   10.5022900000000        139.161258508317     
   10.5126200000000        140.642181623141     
   10.5229400000000        141.421654971735     
   10.5332600000000        142.448900285409     
   10.5435800000000        144.304973857194     
   10.5539000000000        146.886419463714     
   10.5642100000000        149.065441766647     
   10.5745100000000        150.036867116851     
   10.5848200000000        149.980944577079     
   10.5951200000000        148.872138393057     
   10.6054200000000        146.924708495258     
   10.6157100000000        144.297684621327     
   10.6260000000000        140.700277676515     
   10.6362900000000        136.574360587868     
   10.6465800000000        132.310818739645     
   10.6568600000000        128.471192854048     
   10.6671400000000        126.326243447267     
   10.6774100000000        126.098589865018     
   10.6876900000000        127.251447518672     
   10.6979600000000        129.370281170419     
   10.7082200000000        131.854027609591     
   10.7184900000000        135.334985626269     
   10.7287500000000        139.791236095916     
   10.7390000000000        143.814097188730     
   10.7492600000000        146.439508571902     
   10.7595100000000        147.974630057645     
   10.7697500000000        149.428000859094     
   10.7800000000000        151.449430062045     
   10.7902400000000        152.833611626426     
   10.8004800000000        153.362838829710     
   10.8107100000000        154.211858293049     
   10.8209400000000        155.839689679753     
   10.8311700000000        157.796530937350     
   10.8414000000000        160.523147692254     
   10.8516200000000        165.219568156006     
   10.8618400000000        171.237139901855     
   10.8720500000000        176.277194268109     
   10.8822700000000        180.188782474927     
   10.8924800000000        184.112537620221     
   10.9026800000000        189.349275112809     
   10.9128800000000        196.242598278501     
   10.9230800000000        203.639149818833     
   10.9332800000000        210.112808719902     
   10.9434700000000        214.556821198662     
   10.9536600000000        216.604845510424     
   10.9638500000000        216.232980250009     
   10.9740400000000        213.482683615557     
   10.9842200000000        210.757971578333     
   10.9943900000000        210.549024682504     
   11.0045700000000        212.663997222706     
   11.0147400000000        215.957103710912     
   11.0249100000000        220.203027771903     
   11.0350700000000        224.869061015504     
   11.0452300000000        229.031339766543     
   11.0553900000000        231.819045351663     
   11.0655500000000        232.806279857812     
   11.0757000000000        232.647834904169     
   11.0858500000000        232.809475303842     
   11.0960000000000        234.154467188610     
   11.1061400000000        235.811222300156     
   11.1162800000000        236.291626428192     
   11.1264200000000        236.079146149382     
   11.1365500000000        237.177573228239     
   11.1466800000000        239.345336375473     
   11.1568100000000        240.709155598190     
   11.1669300000000        241.721118795632     
   11.1770500000000        243.612348257480     
   11.1871700000000        245.390926042646     
   11.1972800000000        246.638668863712     
   11.2073900000000        248.001243225276     
   11.2175000000000        249.219515792780     
   11.2276100000000        251.227702729600     
   11.2377100000000        255.455320857802     
   11.2478100000000        262.417426893424     
   11.2579000000000        270.751486889043     
   11.2679900000000        277.417153092078     
   11.2780800000000        280.963330598140     
   11.2881700000000        282.637852956037     
   11.2982500000000        283.554721242629     
   11.3083300000000        284.856627652260     
   11.3184100000000        287.748947288682     
   11.3284800000000        291.807406489690     
   11.3385500000000        296.056208475887     
   11.3486200000000        299.903194449519     
   11.3586800000000        302.955783254535     
   11.3687400000000        305.589844187332     
   11.3788000000000        308.030107602978     
   11.3888500000000        310.335717548526     
   11.3989000000000        312.780418288780     
   11.4089500000000        314.793551117600     
   11.4189900000000        315.431830182329     
   11.4290400000000        315.004143869995     
   11.4390700000000        314.664108964512     
   11.4491100000000        315.565271177067     
   11.4591400000000        318.453411919980     
   11.4691700000000        323.412155423440     
   11.4792000000000        329.356256625675     
   11.4892200000000        334.507020081150     
   11.4992400000000        338.487106359421     
   11.5092500000000        341.750590114924     
   11.5192700000000        344.589914126293     
   11.5292800000000        346.967312651674     
   11.5392800000000        349.116220066361     
   11.5492900000000        351.473242361549     
   11.5592900000000        354.026997722070     
   11.5692800000000        356.446677555408     
   11.5792800000000        358.969022280595     
   11.5892700000000        361.711215213716     
   11.5992600000000        363.551516771865     
   11.6092400000000        363.932634819239     
   11.6192200000000        363.551039964825     
   11.6292000000000        363.780808837320     
   11.6391700000000        365.642735994517     
   11.6491500000000        368.948669554370     
   11.6591200000000        373.287971756654     
   11.6690800000000        378.310969917553     
   11.6790400000000        383.351156327593     
   11.6890000000000        387.975717266486     
   11.6989600000000        392.187829587298     
   11.7089100000000        396.301825767584     
   11.7188600000000        400.093143144289     
   11.7288100000000        402.930555357485     
   11.7387500000000        404.767467817985     
   11.7486900000000        405.667277103106     
   11.7586300000000        405.814599560039     
   11.7685600000000        405.589664479594     
   11.7784900000000        404.975742065160     
   11.7884200000000        403.722835066349     
   11.7983400000000        402.319895793825     
   11.8082600000000        401.679586209187     
   11.8181800000000        401.375571392927     
   11.8281000000000        399.949607942940     
   11.8380100000000        396.770795684469     
   11.8479200000000        392.338245344733     
   11.8578200000000        388.019519487307     
   11.8677200000000        384.922161652778     
   11.8776200000000        382.977286810328     
   11.8875200000000        381.754368173366     
   11.8974100000000        380.720429985300     
   11.9073000000000        378.969288741545     
   11.9171900000000        376.220581363689     
   11.9270700000000        373.493946973409     
   11.9369500000000        371.960040272255     
   11.9468300000000        371.312945876168     
   11.9567000000000        369.816655027340     
   11.9665700000000        366.661991564589     
   11.9764400000000        362.819175485005     
   11.9863000000000        360.041637400475     
   11.9961600000000        359.601627470842     
   12.0060200000000        361.522717814166     
   12.0158700000000        365.335452873623     
   12.0257300000000        370.716808693237     
   12.0355700000000        377.419077355807     
   12.0454200000000        384.881444842292     
   12.0552600000000        392.218614510808     
   12.0651000000000        399.537707580538     
   12.0749400000000        407.056231546751     
   12.0847700000000        413.611856831761     
   12.0946000000000        418.511428164933     
   12.1044200000000        422.178262071409     
   12.1142500000000        425.178755734916     
   12.1240700000000        428.445476360247     
   12.1338800000000        432.141000570846     
   12.1437000000000        435.023473830561     
   12.1535100000000        436.739773532322     
   12.1633100000000        438.467096519509     
   12.1731200000000        441.201850728690     
   12.1829200000000        445.089388050043     
   12.1927200000000        450.272401586929     
   12.2025100000000        456.896714045773     
   12.2123000000000        463.999485823444     
   12.2220900000000        470.568812910251     
   12.2318700000000        476.984038862444     
   12.2416600000000        484.062523071559     
   12.2514300000000        491.388350836096     
   12.2612100000000        497.867839871956     
   12.2709800000000        502.782670621981     
   12.2807500000000        505.835730716227     
   12.2905200000000        507.453140877956     
   12.3002800000000        509.444965633102     
   12.3100400000000        513.292300455736     
   12.3198000000000        518.358526020153     
   12.3295500000000        522.189932379638     
   12.3393000000000        523.340173250437     
   12.3490500000000        522.832886087491     
   12.3587900000000        522.173829394342     
   12.3685300000000        521.929199476274     
   12.3782700000000        522.057384801510     
   12.3880000000000        522.482259828964     
   12.3977300000000        522.953312831404     
   12.4074600000000        523.195264206423     
   12.4171800000000        523.157127541966     
   12.4269100000000        523.469839820074     
   12.4366200000000        524.980773305073     
   12.4463400000000        527.230937422715     
   12.4560500000000        528.514465478563     
   12.4657600000000        527.268826504355     
   12.4754700000000        523.467527072171     
   12.4851700000000        518.694983616557     
   12.4948700000000        514.422841597573     
   12.5045600000000        511.050374738948     
   12.5142600000000        508.189775551456     
   12.5239500000000        505.734536990693     
   12.5336300000000        504.324756175677     
   12.5433200000000        504.433926114439     
   12.5530000000000        506.151193008714     
   12.5626800000000        509.268789327535     
   12.5723500000000        512.959961512758     
   12.5820200000000        516.678944846574     
   12.5916900000000        520.963846712615     
   12.6013500000000        526.462713830158     
   12.6110100000000        532.949260990121     
   12.6206700000000        539.710250500349     
   12.6303300000000        546.460479410183     
   12.6399800000000        553.473848865582     
   12.6496300000000        560.606602891691     
   12.6592700000000        567.130720396185     
   12.6689200000000        572.498009716762     
   12.6785500000000        576.932669167971     
   12.6881900000000        581.832800530977     
   12.6978200000000        588.955981929595     
   12.7074500000000        598.736670798711     
   12.7170800000000        609.893717005121     
   12.7267000000000        621.286475380242     
   12.7363200000000        632.725963907022     
   12.7459400000000        643.693279932087     
   12.7555500000000        653.074975373251     
   12.7651600000000        660.105572697610     
   12.7747700000000        664.845642034132     
   12.7843800000000        668.424234641208     
   12.7939800000000        672.351814078872     
   12.8035800000000        677.055851178591     
   12.8131700000000        681.845130118460     
   12.8227600000000        686.022676005400     
   12.8323500000000        689.744179977649     
   12.8419400000000        693.882647599909     
   12.8515200000000        698.801073174826     
   12.8611000000000        704.112151494112     
   12.8706700000000        709.634003868033     
   12.8802500000000        715.640589205419     
   12.8898100000000        722.207028337163     
   12.8993800000000        729.249419123723     
   12.9089400000000        737.044024803024     
   12.9185000000000        745.811443958625     
   12.9280600000000        754.785287716420     
   12.9376100000000        762.324779628334     
   12.9471700000000        766.978478733217     
   12.9567100000000        768.597926693663     
   12.9662600000000        768.264815719058     
   12.9758000000000        767.249221645052     
   12.9853400000000        766.602346123507     
   12.9948700000000        767.141474910691     
   13.0044000000000        769.117974288711     
   13.0139300000000        772.318318919576     
   13.0234600000000        776.367920897489     
   13.0329800000000        780.658701306132     
   13.0425000000000        784.369005665834     
   13.0520100000000        786.781606635975     
   13.0615200000000        787.971374440612     
   13.0710300000000        789.068536558653     
   13.0805400000000        791.292385797181     
   13.0900400000000        794.657383277308     
   13.0995400000000        798.095600540764     
   13.1090400000000        800.990129619536     
   13.1185300000000        803.789033300891     
   13.1280200000000        806.559172691316     
   13.1375100000000        808.180472022222     
   13.1469900000000        807.396724321355     
   13.1564700000000        803.696759412213     
   13.1659500000000        797.785255866204     
   13.1754300000000        791.625096537549     
   13.1849000000000        787.331812399902     
   13.1943700000000        785.905732167353     
   13.2038300000000        787.034463714165     
   13.2132900000000        789.475708650761     
   13.2227500000000        791.674392897216     
   13.2322100000000        792.356566604763     
   13.2416600000000        790.625347624562     
   13.2511100000000        786.445947811835     
   13.2605500000000        781.038642353400     
   13.2700000000000        776.253872962687     
   13.2794400000000        773.906885878982     
   13.2888700000000        775.117843076402     
   13.2983100000000        779.665418433703     
   13.3077400000000        785.970237269087     
   13.3171600000000        792.363401487087     
   13.3265900000000        798.128044118012     
   13.3360100000000        803.007914070359     
   13.3454300000000        806.437019452055     
   13.3548400000000        807.584471758271     
   13.3642500000000        806.120860696052     
   13.3736600000000        802.504956562224     
   13.3830600000000        797.319588894737     
   13.3924700000000        790.939713947307     
   13.4018600000000        784.054598173239     
   13.4112600000000        777.612442730495     
   13.4206500000000        772.329578720886     
   13.4300400000000        768.530633135454     
   13.4394300000000        766.527346602840     
   13.4488100000000        766.504996010675     
   13.4581900000000        768.118664007787     
   13.4675600000000        770.365131268598     
   13.4769400000000        772.182788868130     
   13.4863100000000        773.557684156276     
   13.4956700000000        775.652811600963     
   13.5050400000000        779.769040482971     
   13.5144000000000        786.234311317374     
   13.5237600000000        793.872509264636     
   13.5331100000000        800.450066354376     
   13.5424600000000        804.386888849942     
   13.5518100000000        806.139743392201     
   13.5611500000000        807.667102556825     
   13.5704900000000        810.753666872904     
   13.5798300000000        815.769507413177     
   13.5891700000000        821.601448316611     
   13.5985000000000        826.663417354353     
   13.6078300000000        830.084977138526     
   13.6171500000000        831.959763964335     
   13.6264800000000        832.825842992745     
   13.6358000000000        833.254214590178     
   13.6451100000000        833.682704191358     
   13.6544200000000        834.259692364413     
   13.6637300000000        835.156496827666     
   13.6730400000000        836.951730134461     
   13.6823400000000        840.333239606572     
   13.6916400000000        845.557620206567     
   13.7009400000000        852.049486804094     
   13.7102400000000        858.424111253407     
   13.7195300000000        863.423417433421     
   13.7288100000000        866.773286030221     
   13.7381000000000        868.663483668407     
   13.7473800000000        868.783990125711     
   13.7566600000000        866.383762340452     
   13.7659300000000        861.157228453786     
   13.7752000000000        853.836146112765     
   13.7844700000000        845.865330076630     
   13.7937400000000        838.338104246563     
   13.8030000000000        831.367195334284     
   13.8122600000000        824.643852807239     
   13.8215200000000        818.075869334337     
   13.8307700000000        811.681476302270     
   13.8400200000000        805.474530418902     
   13.8492600000000        799.516081780277     
   13.8585100000000        793.807705591548     
   13.8677500000000        788.190981879419     
   13.8769800000000        782.240194324483     
   13.8862200000000        775.607186980867     
   13.8954500000000        768.575469386751     
   13.9046800000000        762.013981415610     
   13.9139000000000        756.865166437428     
   13.9231200000000        753.420687187621     
   13.9323400000000        751.066857033611     
   13.9415500000000        748.753533925341     
   13.9507700000000        745.826541734485     
   13.9599700000000        742.460553273336     
   13.9691800000000        739.143150639588     
   13.9783800000000        735.890312531882     
   13.9875800000000        732.073204102956     
   13.9967800000000        727.175158081523     
   14.0059700000000        721.431730830222     
   14.0151600000000        715.612683482072     
   14.0243400000000        710.374178201335     
   14.0335300000000        705.827668424797     
   14.0427100000000        701.727432520247     
   14.0518800000000        697.697132142492     
   14.0610600000000        693.175096050355     
   14.0702300000000        687.408451080754     
   14.0794000000000        679.830916714209     
   14.0885600000000        670.528062916320     
   14.0977200000000        660.234218042497     
   14.1068800000000        650.099694201591     
   14.1160300000000        641.114026331587     
   14.1251800000000        633.478573073250     
   14.1343300000000        626.760075083424     
   14.1434800000000        620.536712360181     
   14.1526200000000        614.810917601659     
   14.1617600000000        609.845351041852     
   14.1708900000000        605.813424772232     
   14.1800300000000        602.566849201334     
   14.1891500000000        599.718261322566     
   14.1982800000000        596.760012582563     
   14.2074000000000        593.233511103155     
   14.2165200000000        588.812386526272     
   14.2256400000000        583.444080373249     
   14.2347500000000        577.413533092955     
   14.2438600000000        571.203100694319     
   14.2529700000000        565.387566717434     
   14.2620700000000        560.593133374304     
   14.2711800000000        557.367812438066     
   14.2802700000000        556.025051899237     
   14.2893700000000        556.501035881945     
   14.2984600000000        558.389674243622     
   14.3075500000000        561.012855470116     
   14.3166300000000        563.632254910648     
   14.3257100000000        565.727398818092     
   14.3347900000000        566.986433227836     
   14.3438700000000        567.133651436564     
   14.3529400000000        566.019614490888     
   14.3620100000000        563.858742265168     
   14.3710700000000        561.081227510214     
   14.3801400000000        557.941997284625     
   14.3892000000000        554.501242988357     
   14.3982500000000        550.782362560128     
   14.4073100000000        546.814918896499     
   14.4163600000000        542.693211357520     
   14.4254000000000        538.691991901766     
   14.4344500000000        535.268691022987     
   14.4434900000000        532.867435711780     
   14.4525200000000        531.657486872816     
   14.4615600000000        531.410206639262     
   14.4705900000000        531.577047371404     
   14.4796200000000        531.575815853463     
   14.4886400000000        530.990656044155     
   14.4976600000000        529.576809221961     
   14.5066800000000        527.259458881824     
   14.5157000000000        524.115441568360     
   14.5247100000000        520.293407060540     
   14.5337200000000        515.956942767683     
   14.5427200000000        511.301889168842     
   14.5517300000000        506.512829339249     
   14.5607300000000        501.868425612734     
   14.5697200000000        497.796753731059     
   14.5787100000000        494.723220949029     
   14.5877000000000        492.746497024227     
   14.5966900000000        491.492727701932     
   14.6056700000000        490.399174009467     
   14.6146600000000        489.200199926312     
   14.6236300000000        488.123476279593     
   14.6326100000000        487.560532232726     
   14.6415800000000        487.618889656752     
   14.6505400000000        487.978930883794     
   14.6595100000000        488.152728161907     
   14.6684700000000        487.757953003723     
   14.6774300000000        486.601210946980     
   14.6863800000000        484.742903260850     
   14.6953400000000        482.564143168580     
   14.7042800000000        480.632062722898     
   14.7132300000000        479.344334451659     
   14.7221700000000        478.769453744771     
   14.7311100000000        478.709248055667     
   14.7400500000000        478.838321245781     
   14.7489800000000        478.716904468768     
   14.7579100000000        477.800758468757     
   14.7668400000000        475.633614887662     
   14.7757600000000        472.104959274467     
   14.7846800000000        467.451467430015     
   14.7936000000000        462.079815034981     
   14.8025100000000        456.447340429486     
   14.8114200000000        450.994126276434     
   14.8203300000000        446.055683138626     
   14.8292300000000        441.753281343895     
   14.8381300000000        438.029743040037     
   14.8470300000000        434.832536565046     
   14.8559300000000        432.191459561674     
   14.8648200000000        430.128649062056     
   14.8737100000000        428.508968531070     
   14.8825900000000        427.048829116636     
   14.8914700000000        425.459631287350     
   14.9003500000000        423.570388657338     
   14.9092300000000        421.313241595900     
   14.9181000000000        418.680889854926     
   14.9269700000000        415.703879494271     
   14.9358400000000        412.458894087826     
   14.9447000000000        409.064897733228     
   14.9535600000000        405.631762005539     
   14.9624200000000        402.234696026744     
   14.9712700000000        398.935807487058     
   14.9801200000000        395.817653376084     
   14.9889700000000        393.021708929776     
   14.9978100000000        390.739066729675     
   15.0066500000000        389.122285080965     
   15.0154900000000        388.172500611176     
   15.0243300000000        387.678010892418     
   15.0331600000000        387.280270361000     
   15.0419900000000        386.651099162295     
   15.0508100000000        385.687877407251     
   15.0596300000000        384.535829017013     
   15.0684500000000        383.416712195048     
   15.0772700000000        382.456636657061     
   15.0860800000000        381.658488712680     
   15.0948900000000        380.958203666825     
   15.1037000000000        380.291522498860     
   15.1125000000000        379.641083252739     
   15.1213000000000        379.052641343027     
   15.1301000000000        378.610576678460     
   15.1388900000000        378.380414697176     
   15.1476800000000        378.371885196844     
   15.1564700000000        378.552654905012     
   15.1652500000000        378.880956929069     
   15.1740300000000        379.348678414323     
   15.1828100000000        380.022452940021     
   15.1915800000000        381.041429873669     
   15.2003500000000        382.560402521757     
   15.2091200000000        384.659880980229     
   15.2178900000000        387.272859349263     
   15.2266500000000        390.157936762655     
   15.2354100000000        392.973985165223     
   15.2441600000000        395.419786340602     
   15.2529200000000        397.393263860153     
   15.2616700000000        399.011727286245     
   15.2704100000000        400.563898305632     
   15.2791500000000        402.412441987969     
   15.2878900000000        404.904816672904     
   15.2966300000000        408.284080571667     
   15.3053600000000        412.591928790233     
   15.3140900000000        417.644641895683     
   15.3228200000000        423.099999628909     
   15.3315400000000        428.637884944069     
   15.3402600000000        434.151818645339     
   15.3489800000000        439.743983058978     
   15.3577000000000        445.562838977497     
   15.3664100000000        451.591570202318     
   15.3751200000000        457.572511515201     
   15.3838200000000        463.018005798535     
   15.3925200000000        467.379169597470     
   15.4012200000000        470.202320712705     
   15.4099200000000        471.256153410147     
   15.4186100000000        470.550285696588     
   15.4273000000000        468.274505974512     
   15.4359800000000        464.741388867856     
   15.4446700000000        460.358693059630     
   15.4533400000000        455.649994834913     
   15.4620200000000        451.092668107357     
   15.4706900000000        447.015790047744     
   15.4793600000000        443.506061051700     
   15.4880300000000        440.535547886783     
   15.4966900000000        438.086617512831     
   15.5053500000000        436.158753469451     
   15.5140100000000        434.691212632559     
   15.5226700000000        433.483916362862     
   15.5313200000000        432.247296417708     
   15.5399600000000        430.744230985587     
   15.5486100000000        428.872268688466     
   15.5572500000000        426.631536335744     
   15.5658900000000        424.023283141541     
   15.5745200000000        421.037783922658     
   15.5831600000000        417.687272420586     
   15.5917900000000        414.085655255162     
   15.6004100000000        410.418313571505     
   15.6090300000000        406.868922479699     
   15.6176500000000        403.558062052089     
   15.6262700000000        400.534105604108     
   15.6348800000000        397.803146901571     
   15.6434900000000        395.310807778863     
   15.6521000000000        392.914693104895     
   15.6607000000000        390.380681875572     
   15.6693000000000        387.442650548531     
   15.6779000000000        383.919472353154     
   15.6864900000000        379.800966594452     
   15.6950800000000        375.240101123546     
   15.7036700000000        370.495005608765     
   15.7122600000000        365.828440614087     
   15.7208400000000        361.451265860215     
   15.7294100000000        357.500486171945     
   15.7379900000000        354.048856901589     
   15.7465600000000        351.136672980252     
   15.7551300000000        348.745639051984     
   15.7637000000000        346.829462143787     
   15.7722600000000        345.329133443535     
   15.7808200000000        344.165553298311     
   15.7893700000000        343.215387926497     
   15.7979300000000        342.266025558882     
   15.8064700000000        341.032013213679     
   15.8150200000000        339.224520956900     
   15.8235600000000        336.686092649855     
   15.8321000000000        333.459327906109     
   15.8406400000000        329.795622220893     
   15.8491800000000        326.059155875592     
   15.8577100000000        322.589650585728     
   15.8662300000000        319.607320171937     
   15.8747600000000        317.224917130729     
   15.8832800000000        315.511071634768     
   15.8918000000000        314.485193637413     
   15.9003100000000        314.124735100413     
   15.9088200000000        314.362591201348     
   15.9173300000000        315.103619163054     
   15.9258400000000        316.243153528197     
   15.9343400000000        317.677763086603     
   15.9428400000000        319.294253382096     
   15.9513300000000        320.932884900230     
   15.9598300000000        322.401806522635     
   15.9683100000000        323.524529476177     
   15.9768000000000        324.232015483036     
   15.9852800000000        324.578778704958     
   15.9937600000000        324.719955376125     
   16.0022400000000        324.831725818176     
   16.0107100000000        325.036921499424     
   16.0191800000000        325.370971712977     
   16.0276500000000        325.794015824101     
   16.0361200000000        326.225827277650     
   16.0445800000000        326.567580991423     
   16.0530300000000        326.701533248883     
   16.0614900000000        326.493620103794     
   16.0699400000000        325.828082865085     
   16.0783900000000        324.646826873124     
   16.0868300000000        322.957472199242     
   16.0952800000000        320.793418757368     
   16.1037100000000        318.196639681798     
   16.1121500000000        315.173801131494     
   16.1205800000000        311.738700190216     
   16.1290100000000        307.902185641805     
   16.1374400000000        303.688133669205     
   16.1458600000000        299.126921115216     
   16.1542800000000        294.239024917673     
   16.1627000000000        289.065899371262     
   16.1711100000000        283.686713825608     
   16.1795200000000        278.196473001232     
   16.1879300000000        272.711479546591     
   16.1963300000000        267.361909429199     
   16.2047300000000        262.271195396772     
   16.2131300000000        257.568355821327     
   16.2215200000000        253.363059794876     
   16.2299100000000        249.699344367262     
   16.2383000000000        246.553391305441     
   16.2466900000000        243.830370862604     
   16.2550700000000        241.386253742521     
   16.2634500000000        239.050651343402     
   16.2718200000000        236.683583387156     
   16.2802000000000        234.205200520867     
   16.2885600000000        231.631036915021     
   16.2969300000000        229.002510341231     
   16.3052900000000        226.364345131620     
   16.3136500000000        223.711048025753     
   16.3220100000000        221.014876113835     
   16.3303600000000        218.265516971743     
   16.3387100000000        215.488849171545     
   16.3470600000000        212.753725498026     
   16.3554000000000        210.146111353523     
   16.3637400000000        207.732092703820     
   16.3720800000000        205.544532864452     
   16.3804200000000        203.556614672290     
   16.3887500000000        201.674097899050     
   16.3970700000000        199.755832279081     
   16.4054000000000        197.662006575732     
   16.4137200000000        195.307463143125     
   16.4220400000000        192.654734602596     
   16.4303500000000        189.729433105529     
   16.4386700000000        186.613496992719     
   16.4469700000000        183.474299877388     
   16.4552800000000        180.490368488869     
   16.4635800000000        177.830514337192     
   16.4718800000000        175.568682080915     
   16.4801800000000        173.685624259640     
   16.4884700000000        172.106425215913     
   16.4967600000000        170.756595737582     
   16.5050500000000        169.606951777583     
   16.5133300000000        168.668296016505     
   16.5216100000000        167.958354795877     
   16.5298900000000        167.476038087152     
   16.5381600000000        167.183761518224     
   16.5464300000000        167.007954390439     
   16.5547000000000        166.857167764274     
   16.5629700000000        166.640582303514     
   16.5712300000000        166.278494842642     
   16.5794900000000        165.703448217626     
   16.5877400000000        164.866723271060     
   16.5959900000000        163.745427402300     
   16.6042400000000        162.351196978716     
   16.6124900000000        160.723568942006     
   16.6207300000000        158.917848880878     
   16.6289700000000        156.987030741602     
   16.6372000000000        154.983576419191     
   16.6454400000000        152.941101743465     
   16.6536700000000        150.888444811488     
   16.6618900000000        148.842043399058     
   16.6701200000000        146.820472669284     
   16.6783400000000        144.871247975796     
   16.6865500000000        143.057028856830     
   16.6947700000000        141.445826591425     
   16.7029800000000        140.104412641088     
   16.7111900000000        139.065595425560     
   16.7193900000000        138.324994292888     
   16.7275900000000        137.831143271896     
   16.7357900000000        137.491988089451     
   16.7439800000000        137.187526210447     
   16.7521800000000        136.793410540818     
   16.7603600000000        136.215714666846     
   16.7685500000000        135.412478350534     
   16.7767300000000        134.415551608920     
   16.7849100000000        133.317983873054     
   16.7930900000000        132.250830851265     
   16.8012600000000        131.344265115191     
   16.8094300000000        130.687028569493     
   16.8175900000000        130.308913863014     
   16.8257600000000        130.175625833679     
   16.8339200000000        130.204136371916     
   16.8420700000000        130.281593986628     
   16.8502300000000        130.293542476426     
   16.8583800000000        130.154642108141     
   16.8665300000000        129.835062208984     
   16.8746700000000        129.367009956459     
   16.8828100000000        128.823344309233     
   16.8909500000000        128.282718981564     
   16.8990800000000        127.792752872564     
   16.9072100000000        127.343742539315     
   16.9153400000000        126.868602860168     
   16.9234700000000        126.265017350198     
   16.9315900000000        125.434527636756     
   16.9397100000000        124.312973864422     
   16.9478200000000        122.887898408883     
   16.9559400000000        121.184499725500     
   16.9640500000000        119.265257335015     
   16.9721500000000        117.207349834537     
   16.9802600000000        115.091347483975     
   16.9883600000000        113.007053582138     
   16.9964500000000        111.027338317763     
   17.0045500000000        109.200899305262     
   17.0126400000000        107.561065293046     
   17.0207200000000        106.109196287181     
   17.0288100000000        104.821670688101     
   17.0368900000000        103.673021692229     
   17.0449700000000        102.640223879752     
   17.0530400000000        101.717611711124     
   17.0611100000000        100.904718770638     
   17.0691800000000        100.193741157959     
