   7.15970000000000        386.531061607788     
   7.17100000000000        385.177887322403     
   7.18231000000000        383.552704888899     
   7.19360000000000        371.151475071218     
   7.20490000000000        356.659861510257     
   7.21619000000000        344.577985247950     
   7.22748000000000        338.484652361117     
   7.23877000000000        343.189077645628     
   7.25005000000000        339.315221520053     
   7.26133000000000        330.245103911083     
   7.27261000000000        312.366142187044     
   7.28388000000000        299.716874689210     
   7.29515000000000        288.634110125193     
   7.30642000000000        292.379197716027     
   7.31768000000000        293.573584619181     
   7.32894000000000        297.223973354591     
   7.34020000000000        305.979872368172     
   7.35146000000000        324.466154928906     
   7.36271000000000        340.400566902772     
   7.37396000000000        357.652223929837     
   7.38520000000000        358.725752977693     
   7.39644000000000        345.114634728083     
   7.40768000000000        337.059771638582     
   7.41892000000000        328.172663807929     
   7.43015000000000        319.070254997335     
   7.44138000000000        319.693385045036     
   7.45261000000000        308.637575096485     
   7.46383000000000        296.465048352927     
   7.47505000000000        290.957132924426     
   7.48626000000000        282.232797637514     
   7.49748000000000        285.524686437083     
   7.50869000000000        290.652850419234     
   7.51990000000000        286.636051158928     
   7.53110000000000        285.702430198557     
   7.54230000000000        294.440868718939     
   7.55350000000000        302.237965366339     
   7.56469000000000        302.225020658427     
   7.57588000000000        300.510708363224     
   7.58707000000000        299.807214782061     
   7.59826000000000        307.357585185972     
   7.60944000000000        314.012773525411     
   7.62062000000000        324.729693906906     
   7.63179000000000        336.107044542267     
   7.64296000000000        332.881059750369     
   7.65413000000000        322.537528646298     
   7.66530000000000        314.447652512628     
   7.67646000000000        310.447278490232     
   7.68762000000000        317.169998673440     
   7.69878000000000        320.300494154876     
   7.70993000000000        309.758035212363     
   7.72108000000000        296.718725628541     
   7.73223000000000        292.997060909800     
   7.74337000000000        295.103551260195     
   7.75451000000000        291.966581689699     
   7.76565000000000        286.959524565162     
   7.77678000000000        281.983293923504     
   7.78791000000000        279.799629759468     
   7.79904000000000        281.200274187137     
   7.81017000000000        286.562398638082     
   7.82129000000000        291.362004116715     
   7.83241000000000        297.099095196790     
   7.84352000000000        301.445083468671     
   7.85463000000000        300.362309090434     
   7.86574000000000        297.595072891721     
   7.87685000000000        291.701825114260     
   7.88795000000000        287.899693116433     
   7.89905000000000        289.140572939300     
   7.91015000000000        286.470246745002     
   7.92124000000000        269.884616138155     
   7.93233000000000        257.741401170159     
   7.94342000000000        251.856893182186     
   7.95450000000000        246.606498932744     
   7.96558000000000        238.344522296341     
   7.97666000000000        223.541727074063     
   7.98773000000000        208.267839208385     
   7.99880000000000        198.226538180054     
   8.00987000000000        187.531429358397     
   8.02093000000000        178.621893639906     
   8.03200000000000        180.400734516807     
   8.04305000000000        183.971171658053     
   8.05411000000000        182.586546634689     
   8.06516000000000        184.994342175333     
   8.07621000000000        192.679887920991     
   8.08726000000000        200.594380649700     
   8.09830000000000        205.032346167897     
   8.10934000000000        209.328111442531     
   8.12037000000000        209.503542096713     
   8.13141000000000        206.598565752872     
   8.14244000000000        199.911580917523     
   8.15346000000000        193.033973288667     
   8.16449000000000        186.296107982739     
   8.17551000000000        179.234247048086     
   8.18652000000000        167.192684795642     
   8.19754000000000        152.584214493309     
   8.20855000000000        142.316084248858     
   8.21955000000000        137.426353945400     
   8.23056000000000        137.273316565217     
   8.24156000000000        139.013524383130     
   8.25256000000000        141.260587183173     
   8.26355000000000        140.915726935936     
   8.27454000000000        139.804889535107     
   8.28553000000000        141.494020880495     
   8.29652000000000        148.780803935057     
   8.30750000000000        162.136235783688     
   8.31848000000000        173.956333977580     
   8.32946000000000        181.711946587885     
   8.34043000000000        185.475729594792     
   8.35140000000000        188.745328592473     
   8.36236000000000        191.713689607652     
   8.37333000000000        195.877609197637     
   8.38429000000000        201.791225797443     
   8.39524000000000        209.473062482133     
   8.40620000000000        214.124341508339     
   8.41715000000000        217.467742724873     
   8.42810000000000        217.554308533075     
   8.43904000000000        218.719323123348     
   8.44998000000000        216.951776134287     
   8.46092000000000        214.277904523192     
   8.47185000000000        212.395516801639     
   8.48278000000000        211.717423709222     
   8.49371000000000        209.927049935700     
   8.50464000000000        206.660483824497     
   8.51556000000000        203.424044391885     
   8.52648000000000        201.523611189969     
   8.53739000000000        201.430915149755     
   8.54831000000000        202.233265227796     
   8.55922000000000        204.430151967996     
   8.57012000000000        209.658350116280     
   8.58103000000000        215.935832403303     
   8.59193000000000        221.646697893357     
   8.60282000000000        225.442328128485     
   8.61372000000000        229.043535690309     
   8.62461000000000        235.531375065503     
   8.63549000000000        241.553111868877     
   8.64638000000000        245.881502778878     
   8.65726000000000        249.093836862315     
   8.66814000000000        252.209126371266     
   8.67901000000000        256.798927768435     
   8.68988000000000        261.353752134995     
   8.70075000000000        262.843510531415     
   8.71161000000000        261.734264457228     
   8.72248000000000        261.206495628724     
   8.73333000000000        258.807998390630     
   8.74419000000000        253.011595565364     
   8.75504000000000        244.833906366219     
   8.76589000000000        237.392597404748     
   8.77674000000000        231.376190379667     
   8.78758000000000        225.836603256456     
   8.79842000000000        221.814578487053     
   8.80926000000000        219.520379323756     
   8.82009000000000        216.846162676349     
   8.83092000000000        212.171560854305     
   8.84175000000000        208.539885430553     
   8.85257000000000        203.435985909318     
   8.86339000000000        201.603267927837     
   8.87421000000000        202.316723138549     
   8.88502000000000        202.454654592593     
   8.89583000000000        203.071308676950     
   8.90664000000000        204.383115076219     
   8.91745000000000        205.517713215816     
   8.92825000000000        205.131144199429     
   8.93905000000000        203.953953920657     
   8.94984000000000        203.621032398633     
   8.96063000000000        204.965191994183     
   8.97142000000000        207.628544264519     
   8.98221000000000        210.304802101421     
   8.99299000000000        213.255353798623     
   9.00377000000000        215.960131791164     
   9.01455000000000        218.268320270927     
   9.02532000000000        221.855399948648     
   9.03609000000000        228.445755348782     
   9.04686000000000        243.205979807864     
   9.05762000000000        263.674338517349     
   9.06838000000000        286.371359052532     
   9.07914000000000        307.918659616454     
   9.08989000000000        317.851295251074     
   9.10064000000000        313.497343976070     
   9.11139000000000        305.165810029051     
   9.12214000000000        299.319341694653     
   9.13288000000000        295.833257790925     
   9.14362000000000        294.244086041202     
   9.15435000000000        284.479351549827     
   9.16508000000000        266.349117230392     
   9.17581000000000        255.243297342680     
   9.18654000000000        258.185666277196     
   9.19726000000000        260.251857452430     
   9.20798000000000        253.202367446453     
   9.21870000000000        245.800269102077     
   9.22941000000000        241.298572084542     
   9.24012000000000        236.352236532990     
   9.25082000000000        229.493475204192     
   9.26153000000000        224.426580968595     
   9.27223000000000        221.029741268075     
   9.28293000000000        223.128087849917     
   9.29362000000000        230.549510966827     
   9.30431000000000        236.603474339761     
   9.31500000000000        231.765859770955     
   9.32568000000000        227.139894212902     
   9.33636000000000        237.022539558028     
   9.34704000000000        258.582418742122     
   9.35772000000000        279.822847011389     
   9.36839000000000        291.685717026302     
   9.37906000000000        293.100534274382     
   9.38972000000000        293.883505868475     
   9.40038000000000        300.470725930907     
   9.41104000000000        311.671098032456     
   9.42170000000000        320.569174011908     
   9.43235000000000        326.222556526538     
   9.44300000000000        333.666475727274     
   9.45365000000000        346.867646978721     
   9.46429000000000        357.370065645870     
   9.47493000000000        362.462448207189     
   9.48557000000000        369.693106009316     
   9.49620000000000        371.065233009185     
   9.50683000000000        368.719256206321     
   9.51746000000000        361.026430577139     
   9.52808000000000        359.937090150919     
   9.53871000000000        372.832264233397     
   9.54932000000000        390.788165253365     
   9.55994000000000        413.493701345314     
   9.57055000000000        426.469285547427     
   9.58116000000000        424.725572299054     
   9.59176000000000        419.720821644301     
   9.60237000000000        420.812285665905     
   9.61296000000000        424.459669080615     
   9.62356000000000        435.840280846541     
   9.63415000000000        449.656358651731     
   9.64474000000000        454.649691374968     
   9.65533000000000        452.011638972086     
   9.66591000000000        452.548848747188     
   9.67649000000000        460.027007548432     
   9.68707000000000        469.399175725606     
   9.69764000000000        478.717127425915     
   9.70821000000000        491.716370717397     
   9.71878000000000        521.662770285395     
   9.72934000000000        563.666850992679     
   9.73990000000000        594.554518724243     
   9.75046000000000        605.971925274915     
   9.76102000000000        607.730671536827     
   9.77157000000000        613.932585543548     
   9.78212000000000        620.947399009968     
   9.79266000000000        619.964240713252     
   9.80320000000000        615.633449999934     
   9.81374000000000        608.994756721205     
   9.82428000000000        605.006651561925     
   9.83481000000000        609.647458773216     
   9.84534000000000        615.595996318795     
   9.85586000000000        621.518812513054     
   9.86639000000000        624.433282880119     
   9.87691000000000        603.852403225193     
   9.88742000000000        580.088903261292     
   9.89794000000000        584.948942520559     
   9.90845000000000        600.685715108010     
   9.91895000000000        605.354354041130     
   9.92946000000000        603.254178437539     
   9.93996000000000        592.744634098599     
   9.95046000000000        575.894867549608     
   9.96095000000000        557.929430411453     
   9.97144000000000        540.529045505023     
   9.98193000000000        524.308163689546     
   9.99242000000000        518.444252197542     
   10.0029000000000        525.652717083548     
   10.0133800000000        535.004930341149     
   10.0238500000000        540.831642720695     
   10.0343200000000        536.776414697843     
   10.0447900000000        528.289436333224     
   10.0552600000000        524.020019787415     
   10.0657200000000        522.342760064441     
   10.0761800000000        521.527714025991     
   10.0866400000000        523.514044806909     
   10.0970900000000        529.585665868283     
   10.1075400000000        537.598500529307     
   10.1179900000000        540.722876103156     
   10.1284300000000        538.845032936580     
   10.1388700000000        545.845243113458     
   10.1493100000000        560.377334496123     
   10.1597400000000        559.462941371772     
   10.1701700000000        550.461624000249     
   10.1806000000000        550.931124010645     
   10.1910300000000        552.517194173266     
   10.2014500000000        550.686818818624     
   10.2118700000000        558.901853428888     
   10.2222800000000        575.029809783474     
   10.2326900000000        583.399899245372     
   10.2431000000000        581.768497156075     
   10.2535100000000        576.243497077086     
   10.2639100000000        570.579262288110     
   10.2743100000000        566.159594615525     
   10.2847100000000        573.502620738522     
   10.2951000000000        594.178557767391     
   10.3054900000000        608.710319589622     
   10.3158800000000        610.439402938782     
   10.3262600000000        610.519039295224     
   10.3366400000000        605.111897244347     
   10.3470200000000        594.642286532876     
   10.3573900000000        593.349220151210     
   10.3677600000000        603.162487934955     
   10.3781300000000        610.089880905132     
   10.3884900000000        606.602376286440     
   10.3988600000000        596.246850776012     
   10.4092100000000        583.737228576932     
   10.4195700000000        575.471376934022     
   10.4299200000000        572.711626915152     
   10.4402700000000        571.295596066253     
   10.4506100000000        566.328581232739     
   10.4609600000000        556.525010299885     
   10.4713000000000        544.492707432178     
   10.4816300000000        533.490484586532     
   10.4919600000000        529.194523721407     
   10.5022900000000        531.707253361458     
   10.5126200000000        535.038272775080     
   10.5229400000000        536.385572980976     
   10.5332600000000        529.870996891009     
   10.5435800000000        517.594833701804     
   10.5539000000000        504.024166956101     
   10.5642100000000        489.901665171863     
   10.5745100000000        477.579965267692     
   10.5848200000000        468.961504832465     
   10.5951200000000        461.581920477687     
   10.6054200000000        456.747400024965     
   10.6157100000000        455.339005420678     
   10.6260000000000        457.522722193022     
   10.6362900000000        467.998915756688     
   10.6465800000000        479.919694474067     
   10.6568600000000        486.875781547590     
   10.6671400000000        491.572199206498     
   10.6774100000000        496.504130087524     
   10.6876900000000        503.321976436198     
   10.6979600000000        512.940085483067     
   10.7082200000000        526.280146770159     
   10.7184900000000        544.958930868841     
   10.7287500000000        564.929426163722     
   10.7390000000000        581.627493893024     
   10.7492600000000        595.981238288418     
   10.7595100000000        608.903452411926     
   10.7697500000000        623.389303892322     
   10.7800000000000        644.531832724528     
   10.7902400000000        666.505961956769     
   10.8004800000000        683.652756217147     
   10.8107100000000        696.891125417859     
   10.8209400000000        704.140400953723     
   10.8311700000000        706.430428519685     
   10.8414000000000        712.888792577577     
   10.8516200000000        728.872293588362     
   10.8618400000000        751.576996774332     
   10.8720500000000        771.113519904705     
   10.8822700000000        784.595599509313     
   10.8924800000000        793.859032457110     
   10.9026800000000        801.278634221730     
   10.9128800000000        811.848603020073     
   10.9230800000000        829.351583089368     
   10.9332800000000        850.044289632673     
   10.9434700000000        868.238263597505     
   10.9536600000000        883.214926579260     
   10.9638500000000        891.269372473663     
   10.9740400000000        882.454444047988     
   10.9842200000000        861.419308489119     
   10.9943900000000        841.403031207519     
   11.0045700000000        828.290822788110     
   11.0147400000000        824.048227488231     
   11.0249100000000        825.937603088177     
   11.0350700000000        827.618918196060     
   11.0452300000000        826.308570481668     
   11.0553900000000        825.714534850132     
   11.0655500000000        830.668778954754     
   11.0757000000000        842.637150831565     
   11.0858500000000        858.854341622950     
   11.0960000000000        874.224503908450     
   11.1061400000000        882.372099589629     
   11.1162800000000        881.595030364057     
   11.1264200000000        878.246534114683     
   11.1365500000000        881.265320990652     
   11.1466800000000        890.526194285502     
   11.1568100000000        898.698842697792     
   11.1669300000000        905.094954679696     
   11.1770500000000        912.188712925311     
   11.1871700000000        917.663150222990     
   11.1972800000000        919.476825583428     
   11.2073900000000        918.347490974610     
   11.2175000000000        912.405155709824     
   11.2276100000000        907.972443772029     
   11.2377100000000        914.932646446410     
   11.2478100000000        935.022415083017     
   11.2579000000000        960.018042567068     
   11.2679900000000        978.554298433879     
   11.2780800000000        988.049786784168     
   11.2881700000000        993.621272479761     
   11.2982500000000        999.707618160907     
   11.3083300000000        1011.38588374711     
   11.3184100000000        1028.78906003577     
   11.3284800000000        1043.72936736081     
   11.3385500000000        1052.62181049542     
   11.3486200000000        1059.99598634474     
   11.3586800000000        1071.08046773196     
   11.3687400000000        1087.23233192375     
   11.3788000000000        1103.29203408291     
   11.3888500000000        1115.95355405107     
   11.3989000000000        1125.61750249870     
   11.4089500000000        1132.20973397249     
   11.4189900000000        1137.28819585645     
   11.4290400000000        1143.40813096286     
   11.4390700000000        1149.99387853364     
   11.4491100000000        1153.71680383484     
   11.4591400000000        1157.62004570166     
   11.4691700000000        1166.42831155924     
   11.4792000000000        1178.65883375192     
   11.4892200000000        1189.43964221361     
   11.4992400000000        1197.77687507787     
   11.5092500000000        1203.77730696599     
   11.5192700000000        1205.77386681887     
   11.5292800000000        1206.46218264558     
   11.5392800000000        1210.31165216431     
   11.5492900000000        1217.40357279294     
   11.5592900000000        1224.53109515031     
   11.5692800000000        1229.31603542369     
   11.5792800000000        1235.12976395904     
   11.5892700000000        1244.24924354975     
   11.5992600000000        1252.66846231562     
   11.6092400000000        1258.88229406780     
   11.6192200000000        1263.92703872137     
   11.6292000000000        1267.45414338821     
   11.6391700000000        1269.61534608077     
   11.6491500000000        1270.54536626917     
   11.6591200000000        1273.08891423223     
   11.6690800000000        1279.40353863279     
   11.6790400000000        1286.80736092715     
   11.6890000000000        1291.17265525886     
   11.6989600000000        1291.39512704195     
   11.7089100000000        1291.37395060564     
   11.7188600000000        1293.50350806061     
   11.7288100000000        1294.51390558135     
   11.7387500000000        1292.48818408563     
   11.7486900000000        1287.92031489605     
   11.7586300000000        1277.81975855247     
   11.7685600000000        1261.57302945030     
   11.7784900000000        1241.59916172460     
   11.7884200000000        1216.34776078484     
   11.7983400000000        1192.41431105189     
   11.8082600000000        1181.56892610599     
   11.8181800000000        1184.47239252675     
   11.8281000000000        1192.69399118762     
   11.8380100000000        1195.96288415777     
   11.8479200000000        1189.38674017911     
   11.8578200000000        1175.82271627425     
   11.8677200000000        1160.13204387751     
   11.8776200000000        1144.65498827939     
   11.8875200000000        1129.36638732595     
   11.8974100000000        1115.63100023827     
   11.9073000000000        1104.83714089375     
   11.9171900000000        1096.40688659950     
   11.9270700000000        1088.76803359250     
   11.9369500000000        1082.43124986348     
   11.9468300000000        1078.52485075802     
   11.9567000000000        1073.67838651815     
   11.9665700000000        1062.81357227155     
   11.9764400000000        1043.55320658388     
   11.9863000000000        1018.21129125900     
   11.9961600000000        994.671585272725     
   12.0060200000000        979.980506850345     
   12.0158700000000        974.039308337684     
   12.0257300000000        973.629668945540     
   12.0355700000000        978.749653627360     
   12.0454200000000        990.731511579355     
   12.0552600000000        1008.44979164492     
   12.0651000000000        1029.54949813129     
   12.0749400000000        1052.03809206822     
   12.0847700000000        1072.67168361425     
   12.0946000000000        1089.68891519167     
   12.1044200000000        1102.87265382252     
   12.1142500000000        1110.93045885452     
   12.1240700000000        1116.24505586144     
   12.1338800000000        1124.66948596832     
   12.1437000000000        1140.63399899562     
   12.1535100000000        1164.54215799335     
   12.1633100000000        1190.72734860704     
   12.1731200000000        1213.53599367690     
   12.1829200000000        1232.58609735752     
   12.1927200000000        1248.23179485129     
   12.2025100000000        1262.33600555509     
   12.2123000000000        1276.08905740392     
   12.2220900000000        1285.73596810477     
   12.2318700000000        1290.50468621159     
   12.2416600000000        1294.28203885859     
   12.2514300000000        1297.51227576128     
   12.2612100000000        1299.12089258828     
   12.2709800000000        1302.46466088944     
   12.2807500000000        1311.09327510473     
   12.2905200000000        1322.67267301723     
   12.3002800000000        1334.93230807480     
   12.3100400000000        1348.56277766788     
   12.3198000000000        1360.43461781866     
   12.3295500000000        1363.70769040595     
   12.3393000000000        1358.33105460234     
   12.3490500000000        1352.44497814785     
   12.3587900000000        1351.68369894784     
   12.3685300000000        1354.32098167097     
   12.3782700000000        1354.99768510977     
   12.3880000000000        1352.53357747889     
   12.3977300000000        1351.44383229372     
   12.4074600000000        1354.47772828719     
   12.4171800000000        1359.11177937672     
   12.4269100000000        1361.01184169838     
   12.4366200000000        1358.01990042137     
   12.4463400000000        1349.63817511680     
   12.4560500000000        1333.49724172401     
   12.4657600000000        1306.99845843918     
   12.4754700000000        1272.16846417086     
   12.4851700000000        1237.35186707908     
   12.4948700000000        1210.96038486538     
   12.5045600000000        1197.35061284557     
   12.5142600000000        1196.49375989467     
   12.5239500000000        1204.20727984401     
   12.5336300000000        1213.41882760769     
   12.5433200000000        1218.02799350360     
   12.5530000000000        1216.25871815049     
   12.5626800000000        1210.30093413274     
   12.5723500000000        1203.53707978862     
   12.5820200000000        1198.58712658858     
   12.5916900000000        1196.54330001179     
   12.6013500000000        1196.16220373870     
   12.6110100000000        1196.69286091259     
   12.6206700000000        1199.62900236787     
   12.6303300000000        1204.33019813001     
   12.6399800000000        1208.45352038843     
   12.6496300000000        1210.03230492633     
   12.6592700000000        1205.36399715845     
   12.6689200000000        1191.58945423081     
   12.6785500000000        1173.16877392720     
   12.6881900000000        1159.25279002533     
   12.6978200000000        1156.43904601227     
   12.7074500000000        1167.23697147720     
   12.7170800000000        1190.45146207705     
   12.7267000000000        1221.01708773848     
   12.7363200000000        1251.97324500712     
   12.7459400000000        1276.99429206528     
   12.7555500000000        1291.76052166661     
   12.7651600000000        1295.00989021819     
   12.7747700000000        1288.60882119650     
   12.7843800000000        1276.83526656846     
   12.7939800000000        1266.18174507700     
   12.8035800000000        1262.46814949931     
   12.8131700000000        1267.05414605192     
   12.8227600000000        1276.25164615503     
   12.8323500000000        1285.37555931711     
   12.8419400000000        1293.11098821694     
   12.8515200000000        1300.33659640381     
   12.8611000000000        1307.55022399766     
   12.8706700000000        1314.96886960852     
   12.8802500000000        1322.96103432512     
   12.8898100000000        1331.33875933345     
   12.8993800000000        1339.82871343695     
   12.9089400000000        1350.07491592625     
   12.9185000000000        1364.73454368869     
   12.9280600000000        1384.18075091778     
   12.9376100000000        1405.16806869693     
   12.9471700000000        1423.32581539979     
   12.9567100000000        1436.95935126179     
   12.9662600000000        1447.67441415728     
   12.9758000000000        1456.87882545340     
   12.9853400000000        1464.62197417651     
   12.9948700000000        1471.05019532601     
   13.0044000000000        1475.33062910322     
   13.0139300000000        1475.32514133264     
   13.0234600000000        1471.15984007098     
   13.0329800000000        1466.15746634682     
   13.0425000000000        1462.69933689462     
   13.0520100000000        1460.86867689104     
   13.0615200000000        1460.50939987435     
   13.0710300000000        1462.57851265629     
   13.0805400000000        1468.65591432860     
   13.0900400000000        1479.92603910735     
   13.0995400000000        1497.55550165951     
   13.1090400000000        1522.52854537264     
   13.1185300000000        1553.40145926744     
   13.1280200000000        1585.65526869021     
   13.1375100000000        1614.40951373186     
   13.1469900000000        1636.95893037286     
   13.1564700000000        1653.14468668502     
   13.1659500000000        1664.58114670017     
   13.1754300000000        1673.47768930379     
   13.1849000000000        1681.61002132750     
   13.1943700000000        1690.13366379045     
   13.2038300000000        1700.25577391024     
   13.2132900000000        1712.63401211751     
   13.2227500000000        1724.75951801718     
   13.2322100000000        1731.74065310375     
   13.2416600000000        1730.25158316304     
   13.2511100000000        1720.94601381430     
   13.2605500000000        1708.00985883534     
   13.2700000000000        1696.20111445770     
   13.2794400000000        1688.37852032677     
   13.2888700000000        1684.41527548591     
   13.2983100000000        1681.56839084726     
   13.3077400000000        1676.04498893969     
   13.3171600000000        1666.61832914718     
   13.3265900000000        1656.06552002470     
   13.3360100000000        1647.70689424054     
   13.3454300000000        1642.02580758799     
   13.3548400000000        1636.76217609421     
   13.3642500000000        1629.47638007378     
   13.3736600000000        1619.89558723055     
   13.3830600000000        1609.35517016006     
   13.3924700000000        1600.06781126140     
   13.4018600000000        1595.15048345144     
   13.4112600000000        1595.33369619690     
   13.4206500000000        1597.09602228726     
   13.4300400000000        1597.24289835459     
   13.4394300000000        1596.44499549423     
   13.4488100000000        1596.56909888864     
   13.4581900000000        1597.80152726811     
   13.4675600000000        1598.95393943659     
   13.4769400000000        1598.88937841685     
   13.4863100000000        1598.28479235919     
   13.4956700000000        1600.32495430878     
   13.5050400000000        1607.76777419719     
   13.5144000000000        1619.06996238888     
   13.5237600000000        1628.49982177787     
   13.5331100000000        1630.05465248884     
   13.5424600000000        1621.96607474566     
   13.5518100000000        1607.13629837642     
   13.5611500000000        1590.61152196906     
   13.5704900000000        1577.42974801617     
   13.5798300000000        1571.14666178263     
   13.5891700000000        1572.81617987381     
   13.5985000000000        1580.91716038974     
   13.6078300000000        1592.79283705812     
   13.6171500000000        1606.65699894351     
   13.6264800000000        1621.80140935668     
   13.6358000000000        1637.10734592474     
   13.6451100000000        1650.82908473613     
   13.6544200000000        1661.61262371175     
   13.6637300000000        1669.19927544797     
   13.6730400000000        1674.42739099648     
   13.6823400000000        1678.60208681584     
   13.6916400000000        1682.82563675192     
   13.7009400000000        1687.60526539562     
   13.7102400000000        1692.17658274111     
   13.7195300000000        1694.91297728478     
   13.7288100000000        1695.33165510361     
   13.7381000000000        1694.74007362095     
   13.7473800000000        1694.21112011375     
   13.7566600000000        1692.60685965886     
   13.7659300000000        1687.66842442320     
   13.7752000000000        1679.23711012762     
   13.7844700000000        1670.42881570426     
   13.7937400000000        1665.50086328495     
   13.8030000000000        1667.58157114088     
   13.8122600000000        1678.01523120993     
   13.8215200000000        1696.49266292156     
   13.8307700000000        1721.49010924337     
   13.8400200000000        1751.07365380820     
   13.8492600000000        1783.17021253678     
   13.8585100000000        1815.05511471516     
   13.8677500000000        1842.79180192337     
   13.8769800000000        1862.98392917453     
   13.8862200000000        1874.48386949237     
   13.8954500000000        1878.53256978515     
   13.9046800000000        1877.60225315851     
   13.9139000000000        1873.91018451045     
   13.9231200000000        1868.71499633654     
   13.9323400000000        1862.33440811708     
   13.9415500000000        1855.34497253249     
   13.9507700000000        1850.25960636349     
   13.9599700000000        1850.88799868041     
   13.9691800000000        1858.93535318643     
   13.9783800000000        1872.10909227592     
   13.9875800000000        1885.86974824242     
   13.9967800000000        1896.30478606725     
   14.0059700000000        1902.30291353941     
   14.0151600000000        1906.07669226183     
   14.0243400000000        1910.70304879446     
   14.0335300000000        1917.43031739296     
   14.0427100000000        1925.56690868353     
   14.0518800000000        1933.40235787447     
   14.0610600000000        1938.38824978204     
   14.0702300000000        1937.43452987855     
   14.0794000000000        1928.51170829580     
   14.0885600000000        1912.36506990593     
   14.0977200000000        1892.13943974533     
   14.1068800000000        1871.74258941576     
   14.1160300000000        1854.51246074373     
   14.1251800000000        1841.80754023811     
   14.1343300000000        1832.25876371164     
   14.1434800000000        1822.99320404809     
   14.1526200000000        1812.17213697852     
   14.1617600000000        1799.86523536638     
   14.1708900000000        1786.86667537882     
   14.1800300000000        1773.98355130292     
   14.1891500000000        1762.90368469991     
   14.1982800000000        1755.80553169627     
   14.2074000000000        1753.64079823012     
   14.2165200000000        1755.01867243650     
   14.2256400000000        1757.43461249300     
   14.2347500000000        1759.42327389359     
   14.2438600000000        1761.80988508134     
   14.2529700000000        1767.35641636794     
   14.2620700000000        1779.23196823994     
   14.2711800000000        1799.54859376319     
   14.2802700000000        1828.62240211935     
   14.2893700000000        1865.25710096550     
   14.2984600000000        1906.30282432443     
   14.3075500000000        1947.30446378151     
   14.3166300000000        1984.21211382196     
   14.3257100000000        2015.74803956542     
   14.3347900000000        2042.75927330749     
   14.3438700000000        2065.34905511324     
   14.3529400000000        2081.59725351543     
   14.3620100000000        2089.26748047693     
   14.3710700000000        2087.39889386012     
   14.3801400000000        2076.33958285077     
   14.3892000000000        2057.40110079166     
   14.3982500000000        2032.57178995411     
   14.4073100000000        2003.85706135880     
   14.4163600000000        1973.25072267357     
   14.4254000000000        1943.00796750997     
   14.4344500000000        1915.57439106787     
   14.4434900000000        1892.96296305188     
   14.4525200000000        1875.78336037587     
   14.4615600000000        1863.09477172041     
   14.4705900000000        1853.28648834175     
   14.4796200000000        1845.28779935371     
   14.4886400000000        1838.82697547398     
   14.4976600000000        1833.45731105411     
   14.5066800000000        1828.20616905566     
   14.5157000000000        1821.96310836351     
   14.5247100000000        1813.94155911069     
   14.5337200000000        1804.18871035281     
   14.5427200000000        1794.09083842451     
   14.5517300000000        1786.07682680357     
   14.5607300000000        1782.85936706835     
   14.5697200000000        1786.27836533394     
   14.5787100000000        1796.19273818177     
   14.5877000000000        1810.16105382300     
   14.5966900000000        1824.48644722992     
   14.6056700000000        1836.10821727848     
   14.6146600000000        1844.35723587203     
   14.6236300000000        1850.85988053695     
   14.6326100000000        1857.50773641826     
   14.6415800000000        1864.29462636022     
   14.6505400000000        1869.80214939285     
   14.6595100000000        1873.22910075850     
   14.6684700000000        1874.87455540020     
   14.6774300000000        1874.90268359089     
   14.6863800000000        1873.03307374789     
   14.6953400000000        1869.68761791618     
   14.7042800000000        1866.24997702861     
   14.7132300000000        1863.92171510594     
   14.7221700000000        1863.06557983522     
   14.7311100000000        1863.36603026958     
   14.7400500000000        1864.14159464669     
   14.7489800000000        1864.14903444247     
   14.7579100000000        1861.05575607934     
   14.7668400000000        1851.92895825583     
   14.7757600000000        1835.15897354538     
   14.7846800000000        1811.66682623272     
   14.7936000000000        1784.35008508650     
   14.8025100000000        1756.71497465767     
   14.8114200000000        1731.79313051291     
   14.8203300000000        1712.03023602589     
   14.8292300000000        1699.25615145594     
   14.8381300000000        1694.19599495757     
   14.8470300000000        1696.14578798412     
   14.8559300000000        1703.31708584655     
   14.8648200000000        1713.65024663274     
   14.8737100000000        1725.33060315946     
   14.8825900000000        1736.58199897116     
   14.8914700000000        1745.59080804276     
   14.9003500000000        1750.95008572654     
   14.9092300000000        1752.13099533565     
   14.9181000000000        1749.22434185197     
   14.9269700000000        1742.37114289835     
   14.9358400000000        1731.63395287173     
   14.9447000000000        1717.24536624847     
   14.9535600000000        1699.70682755682     
   14.9624200000000        1679.85596400914     
   14.9712700000000        1658.90401034891     
   14.9801200000000        1638.33220287146     
   14.9889700000000        1619.79426480606     
   14.9978100000000        1604.75432122957     
   15.0066500000000        1594.05535314270     
   15.0154900000000        1587.81210981500     
   15.0243300000000        1585.31029813945     
   15.0331600000000        1584.98290526223     
   15.0419900000000        1584.78506195458     
   15.0508100000000        1582.97933692326     
   15.0596300000000        1578.74306560731     
   15.0684500000000        1572.20290399924     
   15.0772700000000        1563.93633956266     
   15.0860800000000        1554.35926802567     
   15.0948900000000        1543.57430837577     
   15.1037000000000        1531.98325312194     
   15.1125000000000        1520.79629202295     
   15.1213000000000        1511.48908651050     
   15.1301000000000        1504.79723184800     
   15.1388900000000        1500.45957118426     
   15.1476800000000        1497.94882465660     
   15.1564700000000        1497.13866027872     
   15.1652500000000        1498.18945484235     
   15.1740300000000        1501.13824410521     
   15.1828100000000        1505.69268964175     
   15.1915800000000        1511.21958019247     
   15.2003500000000        1516.78906758500     
   15.2091200000000        1521.12989148013     
   15.2178900000000        1522.71180032495     
   15.2266500000000        1520.13890091349     
   15.2354100000000        1512.69419320528     
   15.2441600000000        1500.52923253306     
   15.2529200000000        1484.10820095238     
   15.2616700000000        1463.70621489566     
   15.2704100000000        1439.45940892262     
   15.2791500000000        1412.21644053085     
   15.2878900000000        1384.16484671251     
   15.2966300000000        1358.21839543253     
   15.3053600000000        1336.66845783323     
   15.3140900000000        1320.17625379335     
   15.3228200000000        1307.99769333820     
   15.3315400000000        1298.87336677661     
   15.3402600000000        1292.05518647606     
   15.3489800000000        1287.79450548720     
   15.3577000000000        1286.82008833325     
   15.3664100000000        1289.32971917558     
   15.3751200000000        1294.37534162120     
   15.3838200000000        1300.14288956120     
   15.3925200000000        1304.76287962291     
   15.4012200000000        1306.77016638530     
   15.4099200000000        1305.20389613684     
   15.4186100000000        1299.76362561009     
   15.4273000000000        1290.97430877925     
   15.4359800000000        1280.10325794998     
   15.4446700000000        1268.73149530252     
   15.4533400000000        1258.44442862781     
   15.4620200000000        1250.33850661565     
   15.4706900000000        1244.84009226721     
   15.4793600000000        1241.45341753949     
   15.4880300000000        1238.91401169573     
   15.4966900000000        1235.64126698428     
   15.5053500000000        1230.43747437663     
   15.5140100000000        1223.09828996524     
   15.5226700000000        1214.52491080123     
   15.5313200000000        1206.26440801599     
   15.5399600000000        1199.69173984020     
   15.5486100000000        1195.37853041054     
   15.5572500000000        1192.99149189209     
   15.5658900000000        1191.50731370587     
   15.5745200000000        1189.60164929357     
   15.5831600000000        1185.98828334000     
   15.5917900000000        1179.77165770083     
   15.6004100000000        1170.68306114688     
   15.6090300000000        1159.10270737611     
   15.6176500000000        1145.84737018797     
   15.6262700000000        1131.81003383000     
   15.6348800000000        1117.73888999658     
   15.6434900000000        1104.16490477587     
   15.6521000000000        1091.56482966546     
   15.6607000000000        1080.45922622459     
   15.6693000000000        1071.35153119974     
   15.6779000000000        1064.64978469525     
   15.6864900000000        1060.52850044539     
   15.6950800000000        1058.76702539800     
   15.7036700000000        1058.58944522300     
   15.7122600000000        1058.67864492920     
   15.7208400000000        1057.64176658841     
   15.7294100000000        1054.70083297809     
   15.7379900000000        1050.10335599221     
   15.7465600000000        1045.04262994602     
   15.7551300000000        1041.03343219778     
   15.7637000000000        1039.17898445758     
   15.7722600000000        1039.67859105790     
   15.7808200000000        1041.84611073064     
   15.7893700000000        1044.47205676839     
   15.7979300000000        1046.20841718254     
   15.8064700000000        1045.81190581439     
   15.8150200000000        1042.40361135598     
   15.8235600000000        1035.78866780939     
   15.8321000000000        1026.67807311545     
   15.8406400000000        1016.56553212134     
   15.8491800000000        1007.15911105696     
   15.8577100000000        999.758609081381     
   15.8662300000000        994.945733852750     
   15.8747600000000        992.676697717226     
   15.8832800000000        992.517565945438     
   15.8918000000000        993.864587504291     
   15.9003100000000        996.215860747319     
   15.9088200000000        999.334459322577     
   15.9173300000000        1003.19208139189     
   15.9258400000000        1007.80349210652     
   15.9343400000000        1013.07903696126     
   15.9428400000000        1018.72973986203     
   15.9513300000000        1024.12381315002     
   15.9598300000000        1028.26492444702     
   15.9683100000000        1029.90658008206     
   15.9768000000000        1027.98382253062     
   15.9852800000000        1022.03361432898     
   15.9937600000000        1012.42145281264     
   16.0022400000000        1000.20180519671     
   16.0107100000000        986.736918651667     
   16.0191800000000        973.270938087198     
   16.0276500000000        960.758427688380     
   16.0361200000000        949.706673484054     
   16.0445800000000        940.060640130623     
   16.0530300000000        931.187493400715     
   16.0614900000000        922.141608571537     
   16.0699400000000        912.203430079171     
   16.0783900000000        901.259587493576     
   16.0868300000000        890.010105831673     
   16.0952800000000        879.626156813210     
   16.1037100000000        871.289634350649     
   16.1121500000000        865.570183928069     
   16.1205800000000        862.378297351999     
   16.1290100000000        861.094641439559     
   16.1374400000000        860.950718695460     
   16.1458600000000        861.264425703198     
   16.1542800000000        861.453945090473     
   16.1627000000000        860.910864389013     
   16.1711100000000        858.919609951722     
   16.1795200000000        854.698449459691     
   16.1879300000000        847.572808199398     
   16.1963300000000        837.253598237989     
   16.2047300000000        824.064226721019     
   16.2131300000000        809.063822450567     
   16.2215200000000        793.856402313193     
   16.2299100000000        780.082521355232     
   16.2383000000000        769.014394492654     
   16.2466900000000        761.264353187289     
   16.2550700000000        756.714229751162     
   16.2634500000000        754.562672000176     
   16.2718200000000        753.569455234006     
   16.2802000000000        752.436143663469     
   16.2885600000000        750.261687859132     
   16.2969300000000        746.784844629222     
   16.3052900000000        742.372626520836     
   16.3136500000000        737.722933215506     
   16.3220100000000        733.567161630045     
   16.3303600000000        730.491462008343     
   16.3387100000000        728.913841605197     
   16.3470600000000        729.164696980887     
   16.3554000000000        731.514982814197     
   16.3637400000000        736.132054722976     
   16.3720800000000        742.927630537035     
   16.3804200000000        751.391690760056     
   16.3887500000000        760.560163624094     
   16.3970700000000        769.231448800943     
   16.4054000000000        776.243826890348     
   16.4137200000000        780.582415985184     
   16.4220400000000        781.501989376309     
   16.4303500000000        778.592204141181     
   16.4386700000000        771.931923348465     
   16.4469700000000        762.211932438927     
   16.4552800000000        750.490305328246     
   16.4635800000000        737.973637886428     
   16.4718800000000        725.553499782154     
   16.4801800000000        713.639388813234     
   16.4884700000000        702.195742544276     
   16.4967600000000        690.971101430110     
   16.5050500000000        679.858640606863     
   16.5133300000000        669.049253397121     
   16.5216100000000        658.907231067607     
   16.5298900000000        649.777841540982     
   16.5381600000000        641.766201248619     
   16.5464300000000        634.637586268593     
   16.5547000000000        627.949206296888     
   16.5629700000000        621.220042030615     
   16.5712300000000        614.077642223628     
   16.5794900000000        606.262774636557     
   16.5877400000000        597.622820633115     
   16.5959900000000        588.039748771941     
   16.6042400000000        577.467720649383     
   16.6124900000000        565.949319226415     
   16.6207300000000        553.648049678870     
   16.6289700000000        540.814377223647     
   16.6372000000000        527.831825953616     
   16.6454400000000        515.080220414837     
   16.6536700000000        502.970596875393     
   16.6618900000000        491.820944618408     
   16.6701200000000        481.880873698737     
   16.6783400000000        473.404132549052     
   16.6865500000000        466.517565301029     
   16.6947700000000        461.178465185852     
   16.7029800000000        457.193773770852     
   16.7111900000000        454.197699783465     
   16.7193900000000        451.733331337900     
   16.7275900000000        449.287275456935     
   16.7357900000000        446.353139433358     
   16.7439800000000        442.509555084924     
   16.7521800000000        437.497420137331     
   16.7603600000000        431.345107440364     
   16.7685500000000        424.313151856544     
   16.7767300000000        416.900110193033     
   16.7849100000000        409.649593799361     
   16.7930900000000        403.063305533527     
   16.8012600000000        397.534143186809     
   16.8094300000000        393.305278112556     
   16.8175900000000        390.487394214993     
   16.8257600000000        389.031592295879     
   16.8339200000000        388.773456281910     
   16.8420700000000        389.486780031483     
   16.8502300000000        390.991554815187     
   16.8583800000000        393.204965598873     
   16.8665300000000        396.141589850293     
   16.8746700000000        399.831035141151     
   16.8828100000000        404.251706974225     
   16.8909500000000        409.273997350283     
   16.8990800000000        414.657606868569     
   16.9072100000000        420.101982608747     
   16.9153400000000        425.253529796897     
   16.9234700000000        429.712426077168     
   16.9315900000000        433.021693818152     
   16.9397100000000        434.704434993774     
   16.9478200000000        434.317548317704     
   16.9559400000000        431.548705026396     
   16.9640500000000        426.320894049192     
   16.9721500000000        418.845740861280     
   16.9802600000000        409.582215930124     
   16.9883600000000        399.211005211800     
   16.9964500000000        388.439437603107     
   17.0045500000000        377.872325879315     
   17.0126400000000        368.011286685535     
   17.0207200000000        359.127914060917     
   17.0288100000000        351.273835551453     
   17.0368900000000        344.394220815270     
   17.0449700000000        338.343452941975     
   17.0530400000000        333.007939170907     
   17.0611100000000        328.303994306213     
   17.0691800000000        324.170292757487     
